4664.142489753186	750	4.0	4.665178135276565	450283	4665.178135276565	1.4425129	-19.31026598168923
4665.641324321075	300	6.501165432110702	0.0	155580	1498.8345678892972	0.55081105	-0.15000000000000002
4667.08285330299	300	9.059636450196395	0.0	139857	1441.5289819143081	0.9015607	0.3
4670.142135810814	300	10.000353942372927	0.0	155432	3059.282507823468	1.0149008	0.3
4674.207136317347	300	9.935353435839435	0.0	163442	4065.000506533491	0.95237637	0.3
4677.130676313335	300	11.011813439851737	0.0	126289	2923.539995987698	0.90886676	0.3
4679.9923844046325	300	12.15010534855435	0.0	153295	2861.708091297388	0.9573665	0.3
4683.395447037467	300	12.747042715718758	0.0	173849	3403.0626328355916	1.0061392	0.3
4686.31321359019	300	13.829276162996456	0.0	150710	2917.766552722302	1.0090072	0.3
4688.909182874848	300	15.233306878338324	0.0	139105	2595.969284658131	1.0593696	0.3
4704.625124237143	1200	4.0	0.48263448395604247	607410	15715.941362294367	1.1082435	-1.7753282810109825
4708.363383761447	300	4.261740475696028	0.0	156148	3738.2595243039727	0.060309198	-0.6000000000000001
4713.340868694748	300	4.0	0.715744457604711	160746	4977.484933300739	0.076035805	-2.777701167700257
4719.153869673273	300	4.0	1.8130009785259318	179801	5813.000978525932	0.027016621	-7.495904207661506
4722.038201513172	300	5.115668160101668	0.0	140051	2884.3318398983315	0.012301613	0.3
4723.0553259849985	300	8.098543688275363	0.0	138313	1017.1244718263048	0.059189297	0.3
4725.070807026039	750	10.08306264723475	0.0	360831	2015.4810410406142	0.681519	0.3
4725.834726397192	300	13.319143276081295	0.0	150616	763.9193711534539	1.1099187	-0.15000000000000002
4729.105343737273	1200	14.048525936000948	0.0	639204	3270.617340080347	1.1196091	0.29999999999999993
4730.900310536853	750	16.253559136420716	0.0	350713	1794.9667995802326	1.335025	0.3
4733.369711744047	1200	17.7841579292268	0.0	601738	2469.401207193918	1.2994373	0.75
4734.140890502674	300	21.012979170599962	0.0	157812	771.1787586268376	1.4489409	-0.6000000000000001
4735.105449465656	300	24.048420207616513	0.0	163927	964.5589629834502	1.3163562	0.3
4737.979166118013	1200	25.174703555259498	0.0	536667	2873.716652357015	1.3354634	0.29999999999999993
4742.556084465844	1850	24.597785207429865	0.0	897976	4576.9183478296345	1.5020977	1.2000000000000002
4744.973206623708	750	26.180663049564632	0.0	379700	2417.1221578652344	1.5894536	-0.3500000000000001
4748.612475381686	750	26.54139429158819	0.0	425781	3639.268757976441	1.4316587	0.75
4752.743484288983	1200	26.410385384290134	0.0	487160	4131.008907298055	1.414745	0.75
4757.766372959392	1200	25.387496713881134	0.0	622896	5022.888670408998	1.4796824	1.2
4759.2419671034	300	27.911902569873384	0.0	149029	1475.5941440077515	1.4734674	-0.6000000000000001
4762.459024405558	750	28.694845267716225	0.0	358218	3217.057302157159	1.3628567	0.3
4765.607917544065	750	29.545952129209958	0.0	400322	3148.8931385062624	1.445997	0.75
4766.841526858811	300	32.312342814463236	0.0	143881	1233.609314746721	1.4658597	-0.15000000000000002
4775.366193497931	1850	27.787676175343883	0.0	1035329	8524.666639119356	1.4214277	0.30000000000000004
4780.27150057028	1200	26.88236910299443	0.0	690253	4905.307072349454	1.5728515	0.5499999999999999
4782.727012056408	750	28.426857616866005	0.0	365161	2455.5114861284283	1.5469828	0.3
4786.136777117452	1200	29.017092555822867	0.0	487812	3409.765061043136	1.5225697	0.75
4789.506407667221	1200	29.647462006054123	0.0	575591	3369.630549768744	1.6161691	1.2
4796.769740747399	2850	26.384128925876023	0.0	1427478	7263.333080178102	1.6584973	1.2000000000000002
4806.361979194303	4300	20.791890478971553	0.0	2146120	9592.23844690447	1.190218	2.8499999999999996
4818.051604141887	4300	13.102265531386903	0.0	2108491	11689.624947584649	0.77980477	4.3
4820.950595016641	1200	14.203274656632459	0.0	641452	2898.9908747544455	1.5647215	-1.9000000000000001
4825.038371733622	1850	14.115497939652556	0.0	886255	4087.7767169799017	1.5464841	1.2000000000000002
4825.893075645376	300	17.260794027897965	0.0	172312	854.7039117545897	1.6258055	-1.25
4826.6907714556955	300	20.46309821757768	0.0	167025	797.6958103202865	1.4499296	0.3
4828.369651741706	750	22.784217931567866	0.0	393804	1678.8802860098158	1.5088496	0.3
4830.098157248973	750	25.055712424301003	0.0	331053	1728.5055072668608	1.6590165	0.75
4831.7635635480065	750	27.390306125267973	0.0	314107	1665.4062990330317	1.6593046	0.75

