10849.005984961714	750	4.0	3.666539248000215	450283	3666.5392480002147	0.46330997	-15.016118766400924
10849.938232780789	300	7.067752180926023	0.0	155580	932.2478190739762	0.5914662	-0.15000000000000002
10854.740175286785	1200	6.265809674929106	0.0	571051	4801.942505996917	0.86771435	0.29999999999999993
10855.933383267895	300	9.072601693819603	0.0	155432	1193.2079811095036	0.9046609	-0.6000000000000001
10857.19576644247	300	11.810218519243724	0.0	163442	1262.3831745758773	0.938651	0.3
10859.316187083361	750	13.68979787835259	0.0	318564	2120.4206408911364	1.0985465	0.3
10863.273256715427	1200	13.732728246288305	0.0	561791	3957.069632064284	1.2571666	0.75
10864.56012521783	300	16.44585974388529	0.0	173849	1286.8685024030156	1.3224596	-0.6000000000000001
10865.365238737852	300	19.640746223863346	0.0	150710	805.1135200219435	1.3125468	0.3
10870.930179070743	1850	18.075805890972838	0.0	913888	5564.940332890506	1.3754342	0.30000000000000004
10873.792842681907	1200	19.21314227980886	0.0	607410	2862.6636111639777	1.5316869	0.5499999999999999
10881.951291290132	1850	15.054693671583994	0.0	917428	8158.448608224866	1.4930762	1.2000000000000002
10888.366431113589	1200	12.639553848127099	0.0	624282	6415.139823456897	1.4159759	0.5499999999999999
10890.217765579551	300	14.788219382164385	0.0	179801	1851.3344659627132	1.2643524	-0.6000000000000001
10891.372439898167	300	17.633545063548414	0.0	140051	1154.674318615969	1.2687265	0.3
10894.687140264548	1200	18.31884469716667	0.0	587876	3314.7003663817445	1.3084375	0.29999999999999993
10895.667743272654	300	21.338241689062972	0.0	143509	980.6030081036985	1.4451623	-0.6000000000000001
10898.466044473307	750	22.53994048840786	0.0	372963	2798.3012006551116	1.403833	0.3
10899.731171628682	300	25.27481333303321	0.0	165384	1265.1271553746474	1.4288929	-0.15000000000000002
10902.473802904835	750	26.532182056880263	0.0	350713	2742.6312761529502	1.4383857	0.3
10905.31302891003	750	27.692956051685627	0.0	386472	2839.2260051946346	1.5061542	0.75
10915.073054172053	1200	21.932930789660926	0.0	616206	9760.025262024703	1.500387	0.75
10919.581662778795	300	21.424322182919386	0.0	163927	4508.608606741539	1.4029135	-0.6000000000000001
10927.062713540397	750	17.94327142131598	0.0	343800	7481.050761603406	1.321917	0.3
10930.523090915356	750	18.482894046357718	0.0	359903	3460.3773749582638	1.2496709	0.75
10935.76289978772	1200	17.24308517399327	0.0	590335	5239.808872364448	1.3327436	0.75
10937.374582479682	300	19.63140248203223	0.0	181901	1611.6826919610385	1.3819971	-0.6000000000000001
10941.055295914593	1200	19.950689047120076	0.0	487160	3680.713434912156	1.3313006	0.29999999999999993
10945.319643220133	1200	19.686341741581963	0.0	622896	4264.347305538111	1.445271	1.2
10948.640678404672	1200	20.365306557043	0.0	641447	3321.035184538968	1.4650681	1.2
10952.879482558505	1850	20.126502403210882	0.0	873429	4238.804153832115	1.5176994	1.2000000000000002
10953.72309582224	300	23.282889139473692	0.0	157488	843.6132637371876	1.5789267	-1.25
10954.517433489415	300	26.488551472301534	0.0	143881	794.3376671721581	1.4935527	0.3
10958.518267558982	1200	26.48771740273207	0.0	670129	4000.8340695694633	1.5210983	0.29999999999999993
10959.85356081353	300	29.152424148184437	0.0	179328	1335.2932545476317	1.566694	-0.6000000000000001
10962.534520766401	750	30.471464195312155	0.0	365161	2680.959952872282	1.5365064	0.3
10966.305901357484	1200	30.700083604229842	0.0	487812	3771.3805910823094	1.5910157	0.75
10970.427770608227	1200	30.578214353486473	0.0	575591	4121.869250743372	1.6060833	1.2
10999.19914669094	4300	5.806838270770953	0.0	2133870	28771.37608271552	1.613893	1.1999999999999997
11002.624941536453	300	6.38104342525948	0.0	149991	3425.7948455114724	0.88257986	-3.7
11005.822475415851	300	7.183509545861232	0.0	147968	3197.533879398249	0.5162937	0.3
11008.692671141018	300	8.313313820694656	0.0	161857	2870.1957251665744	0.44237518	0.3
11011.323352713902	300	9.682632247809773	0.0	145210	2630.6815728848856	0.24181628	0.3
11021.855097303545	750	4.0	0.8491123418329607	438281	10531.744589642733	0.867543	-3.351183069881731
11025.22850120175	300	4.62659610179552	0.0	167025	3373.403898204481	0.005251273	-0.15000000000000002
11028.150765540466	300	5.704331763079508	0.0	160064	2922.264338716012	0.012819645	0.3
11030.321218851483	300	7.533878452062099	0.0	137507	2170.4533110174084	0.037174344	0.3
11034.390035636357	750	7.465061667186132	0.0	314107	4068.816784875968	0.28906617	0.3

