11953.682062897708	750	4.0	2.566216384271528	450283	2566.216384271528	0.49360502	-10.28473045236757
11954.591904201347	300	7.0901586963599605	0.0	155580	909.8413036400393	1.0144441	-0.15000000000000002
11955.280961564353	300	10.401101333355498	0.0	139857	689.0573630044631	1.0672019	0.3
11956.659015499214	750	13.02304739849401	0.0	382355	1378.0539348614893	1.1956093	0.3
11959.941166187602	1850	13.740896710107153	0.0	996749	3282.1506883868565	1.3614557	0.75
11960.385037972484	300	17.297024925224726	0.0	126289	443.8717848824246	1.5162388	-1.25
11961.505707273353	750	20.176355624355732	0.0	352642	1120.669300868995	1.3256884	0.3
11962.97053774969	750	22.711525148016765	0.0	437162	1464.830476338966	1.4314734	0.75
11966.045742846343	1850	23.636320051363924	0.0	852833	3075.205096652839	1.4367023	0.75
11966.53628474412	300	27.145778153588218	0.0	139105	490.54189777570605	1.5899719	-1.25
11967.03543266915	300	30.646630228556997	0.0	141840	499.14792503121754	1.4033513	0.3
11968.950867217689	1200	32.73119568001604	0.0	594078	1915.4345485409533	1.4281838	0.29999999999999993
11970.305258024064	750	35.37680487364268	0.0	386351	1354.3908063733552	1.6015247	0.3
11977.41923027563	2850	32.26283262207685	0.0	1578343	7113.972251565838	1.5414143	0.75
11985.409745653425	4300	28.272317244280124	0.0	2005399	7990.515377796724	1.5657569	2.8499999999999996
11991.280493074775	2850	26.40156982293213	0.0	1471065	5870.747421347995	0.92588574	1.4000000000000001
12003.186026478119	4300	18.49603641958783	0.0	2289689	11905.5334033443	1.5763488	2.8499999999999996
12007.239430693247	1200	18.442632204459574	0.0	581493	4053.4042151282597	1.6022011	-1.9000000000000001
12014.983657198725	1200	14.698405698982235	0.0	639204	7744.226505477339	1.418159	1.2
12019.841543309265	1200	13.840519588441698	0.0	586839	4857.886110540537	1.2595559	1.2
12029.780364621982	1850	7.901698275724606	0.0	891604	9938.821312717091	1.311414	1.2000000000000002
12032.75146226603	750	8.93060063167745	0.0	399894	2971.0976440471572	1.1112373	-0.3500000000000001
12033.64616514053	300	12.035897757176674	0.0	163927	894.7028745007754	1.078784	-0.15000000000000002
12034.543195789127	300	15.13886710857978	0.0	137654	897.0306485968948	1.176783	0.3
12035.673314519185	300	18.008748378521677	0.0	146754	1130.1187300581028	1.220021	0.3
12038.76826287337	1200	18.913800024339697	0.0	590335	3094.948354181978	1.2457538	0.29999999999999993
12039.75441050417	300	21.92765239353857	0.0	181901	986.1476308011269	1.4543084	-0.6000000000000001
12042.180142112675	1200	23.501920785033477	0.0	487160	2425.731608505095	1.3374676	0.29999999999999993
12046.939029706436	1850	22.743033191270552	0.0	972798	4758.887593762923	1.5063864	1.2000000000000002
12049.736735287323	1200	23.945327610386403	0.0	641447	2797.7055808841455	1.5815699	0.5499999999999999
12051.869999275443	750	25.81206362226563	0.0	358218	2133.2639881207747	1.5409898	0.3
12054.21055351028	750	27.47150938742829	0.0	400322	2340.554234837337	1.4529716	0.75
12056.470743177135	750	29.2113197205737	0.0	369834	2260.189666854588	1.4746783	0.75
12060.62363494785	1200	29.058427949858284	0.0	670129	4152.891770715417	1.4960631	0.75
12063.195326868115	750	30.486736029591835	0.0	401088	2571.691920266448	1.5777117	0.3
12065.774833107762	750	31.907229789944022	0.0	365161	2579.5062396478133	1.5326144	0.75
12069.916341564647	750	31.765721333058433	0.0	321064	4141.508456885589	1.5494196	0.75
12072.309274088502	300	33.372788809203776	0.0	124011	2392.932523854656	1.4970882	-0.15000000000000002
12076.118454058898	750	33.563608838807454	0.0	378327	3809.179970396324	1.4353122	0.3
12077.315329107223	300	36.36673379048221	0.0	149991	1196.8750483252506	1.5641502	-0.15000000000000002
12078.394430514609	300	39.287632383096046	0.0	147968	1079.1014073861597	1.5521514	0.3
12082.357004916612	1200	39.325057981093295	0.0	641452	3962.57440200275	1.6094719	0.29999999999999993
12098.70823375464	4300	26.9738291430651	0.0	2121928	16351.228838028197	1.6499453	1.1999999999999997
12108.571266438614	1850	21.110796459091443	0.0	973972	9863.032683973657	1.3759525	-0.6000000000000001
12116.389447173016	1850	17.29261572469057	0.0	958994	7818.180734400871	1.5324086	1.85
12122.108900257626	1200	15.573162640080263	0.0	638661	5719.453084610307	1.554509	0.5499999999999999
12129.1609786249	1200	12.521084272807427	0.0	538612	7052.078367272838	1.4595994	1.2
12132.347338509453	750	13.334724388252521	0.0	314107	3186.3598845549036	1.2806503	0.3

