20381.47248980133	750	4.0	6.602941104200595	450283	6602.941104200595	1.4609262	-27.642646748062557
20383.093737969906	300	6.378751831422763	0.0	155580	1621.2481685772375	0.33962443	-0.15000000000000002
20384.728728763846	300	8.743761037482852	0.0	139857	1634.990793939913	0.7764757	0.3
20386.69066800741	300	10.78182179391646	0.0	155432	1961.9392435663906	0.98096865	0.3
20388.72861916198	300	12.743870639348641	0.0	163442	2037.9511545678201	1.0179068	0.3
20395.735328604052	1200	9.737161197273643	0.0	520315	7006.709442074999	1.0844365	0.29999999999999993
20401.463844496964	1200	8.008645304360945	0.0	561791	5728.515892912697	1.1005201	1.2
20406.50888081041	1200	6.963608990914852	0.0	709534	5045.036313446093	1.0721761	1.2
20407.84641100724	300	9.626078794086661	0.0	150710	1337.5301968281913	1.0732195	-0.6000000000000001
20410.991408529448	750	10.481081271874654	0.0	362795	3144.9975222120065	0.9942822	0.3
20412.12253411885	300	13.349955682475581	0.0	141840	1131.1255893990735	1.1136055	-0.15000000000000002
20415.452253315554	750	14.020236485770802	0.0	405134	3329.719196704781	1.1419702	0.3
20418.473050789897	750	14.999439011426078	0.0	386351	3020.7974743447226	1.2282903	0.75
20424.95911427339	1200	12.51337552792997	0.0	687371	6486.063483496108	1.2455044	0.75
20426.248914940763	300	15.223574860557399	0.0	140051	1289.8006673725706	1.2207514	-0.6000000000000001
20429.65192237407	750	15.820567427252568	0.0	366214	3403.0074333048315	1.1732843	0.3
20432.854763459913	750	16.617726341406975	0.0	360831	3202.8410858455923	1.2515223	0.75
20433.912359242204	300	19.56013055911399	0.0	150616	1057.5957822929868	1.2730545	-0.15000000000000002
20437.411184217355	750	20.061305583963176	0.0	405596	3498.8249751508165	1.2734233	0.3
20440.516162118787	750	20.95632768253192	0.0	350713	3104.9779014312553	1.3280118	0.75
20441.723342925176	300	23.74914687614552	0.0	157671	1207.1808063863982	1.338482	-0.15000000000000002
20446.617285851164	1200	22.85520395015994	0.0	616206	4893.9429259855815	1.3093334	0.29999999999999993
20451.462185860004	1200	22.010303941317893	0.0	656471	4844.900008842048	1.433714	1.2
20452.75006422267	300	24.722425578651137	0.0	137654	1287.8783626667525	1.4338377	-0.6000000000000001
20456.061358814048	750	25.411130987271328	0.0	359903	3311.2945913798094	1.3156424	0.3
20460.269904014156	750	25.202585787166893	0.0	379700	4208.545200104435	1.3948376	0.75
20463.792622365836	300	25.679867435485903	0.0	181901	3522.7183516809887	1.3759977	-0.15000000000000002
20465.516987200637	300	27.955502600685723	0.0	111155	1724.3648348001805	1.2954488	0.3
20470.070573209025	750	27.401916592297134	0.0	400396	4553.58600838859	1.3290894	0.3
20471.76752899381	300	29.704960807515377	0.0	149029	1696.9557847817555	1.4050028	-0.15000000000000002
20478.026293846044	750	27.446195955280018	0.0	358218	6258.764852235361	1.36618	0.3
20482.72320411325	750	26.749285688075563	0.0	400322	4696.910267204453	1.3795273	0.75
20487.083648436143	1200	26.388841365181868	0.0	584349	4360.444322893699	1.408135	0.75
20493.315262239863	1200	24.157227561462154	0.0	670129	6231.613803719712	1.5166241	1.2
20500.27744110291	750	21.19504869841245	0.0	401088	6962.178863049701	1.4673518	0.3
20512.25082493386	1200	13.22166486746325	0.0	598727	11973.3838309492	1.3164401	0.75
20514.594046601433	300	14.878443199890487	0.0	131610	2343.221667572763	1.0946817	-0.6000000000000001
20519.20990489182	750	14.262584909501024	0.0	361565	4615.858290389464	1.1422491	0.3
20524.153617304706	1200	13.318872496620118	0.0	605884	4943.7124128809055	1.2324604	0.75
20527.376241899317	750	14.096247902006203	0.0	390680	3222.6245946139147	1.3436184	0.3
20531.324600278873	1200	14.147889522451763	0.0	566904	3948.35837955444	1.3067783	0.75
20533.16072646446	300	16.31176333686532	0.0	161857	1836.1261855864452	1.4252771	-0.6000000000000001
20539.292762064804	1850	14.179727736519498	0.0	886255	6132.035600345821	1.2619675	0.30000000000000004
20540.526410204675	300	16.946079596647447	0.0	172312	1233.64813987205	1.5100083	-1.25
20544.391200658112	1200	17.081289143211105	0.0	630203	3864.7904534363392	1.3591621	0.29999999999999993
20548.003872940797	750	17.46861686052761	0.0	393804	3612.672282683494	1.537792	0.3
20551.424994925022	750	18.047494876301258	0.0	331053	3421.121984226353	1.4216434	0.75
20559.56871007451	1850	13.903779726812827	0.0	846370	8143.715149488431	1.434033	0.75

