11026.045321794938	750	4.0	2.2982937896467757	450283	2298.2937896467756	1.2441002	-9.132663295481136
11028.099517179562	750	5.94580461537696	0.0	398865	2054.19538462304	1.0596099	0.75
11029.439528258803	750	8.60579353613712	0.0	350812	1340.0110792398405	1.1350641	0.75
11031.781990871743	1200	10.263330923196431	0.0	617681	2342.46261294069	1.2811561	0.75
11035.064053383843	1850	10.981268411094723	0.0	996749	3282.0625121017065	1.3719666	1.2000000000000002
11036.093366040592	750	13.951955754347352	0.0	318564	1029.312656747371	1.4730004	-0.3500000000000001
11037.224836502639	750	16.820485292298354	0.0	352642	1131.4704620489983	1.3698671	0.75
11038.629718489237	750	19.41560330570121	0.0	437162	1404.8819865971477	1.3985533	0.75
11040.525012855818	1200	21.520308939119154	0.0	584846	1895.2943665820576	1.4160136	0.75
11042.511777682521	1200	23.533544112416294	0.0	560821	1986.7648267028599	1.4967449	1.2
11046.199457133715	1850	23.845864661222254	0.0	939819	3687.67945119404	1.5060698	1.2000000000000002
11048.254036833427	750	25.791284961510634	0.0	405134	2054.5796997116204	1.580691	-0.3500000000000001
11050.313826638443	750	27.731495156494123	0.0	386351	2059.7898050165118	1.4218338	0.75
11053.112888598354	1200	28.9324331965829	0.0	687371	2799.06195991122	1.4331893	0.75
11055.671629361002	1850	30.373692433935645	0.0	821631	2558.7407626472564	1.5517609	1.2000000000000002
11056.161755303405	300	33.88356649153178	0.0	138313	490.12594240386164	1.681077	-1.25
11056.668684041544	300	37.37663775339224	0.0	143509	506.92873813954435	1.4711002	0.3
11058.489968968193	1200	39.55535282674275	0.0	581493	1821.284926649486	1.5019008	0.29999999999999993
11065.618879685346	4300	36.42644210959113	0.0	2220726	7128.910717151617	1.6955034	1.1999999999999997
11069.965707572717	2850	36.07961422221981	0.0	1336050	4346.827887371322	0.5047455	1.4000000000000001
11077.695066764472	4300	32.35025503046477	0.0	2039773	7729.359191755039	1.0183448	2.8499999999999996
11085.146414958948	4300	28.898906835988097	0.0	2176469	7451.348194476671	0.5745486	4.3
11090.283319128112	2850	27.762002666825055	0.0	1505760	5136.9041691630455	0.59515154	1.4000000000000001
11094.847691129611	2850	27.197630665323395	0.0	1323990	4564.372001501659	1.2455088	2.85
11097.741345390412	1850	28.30397640452457	0.0	897976	2893.6542607988267	1.2194777	0.8500000000000001
11103.664533180481	2850	26.380788614455195	0.0	1480464	5923.187790069373	1.6672231	1.85
11111.421999912536	4300	22.62332188240063	0.0	2395588	7757.466732054565	1.3556352	2.8499999999999996
11120.301403040981	4300	17.743918753954727	0.0	1972048	8879.403128445905	0.7140846	4.3
11131.060634972806	4300	10.984686822129875	0.0	2134614	10759.231931824852	1.2859929	4.3
11135.121557784396	1200	10.923764010539923	0.0	641447	4060.9228115899523	1.5773969	-1.9000000000000001
11144.301846864657	1850	5.743474930277079	0.0	873429	9180.289080262843	1.2907788	1.2000000000000002
11146.328139974861	300	7.71718182007455	0.0	157488	2026.2931102025302	1.0081387	-1.25
11147.51923462627	300	10.526087168665123	0.0	143881	1191.0946514094255	0.7205848	0.3
11149.066118470293	300	12.979203324643258	0.0	163444	1546.8838440218647	1.0398835	0.3
11151.167820880893	300	14.877500914041816	0.0	179328	2101.7024106014424	1.1193398	0.3
11154.018544781053	300	16.026777013881503	0.0	159914	2850.7239001603116	1.1562186	0.3
11160.730963278176	1200	13.314358516758531	0.0	487812	6712.4184971229715	1.1505511	0.29999999999999993
11173.324757400129	1850	4.720564394806598	0.0	938587	12593.794121951934	1.2309139	1.2000000000000002
11176.359119310338	300	5.68620248459704	0.0	144254	3034.361910209557	0.39224127	-1.25
11178.920633290376	300	7.124688504558692	0.0	149991	2561.513980038348	0.27243835	0.3
11180.36165526022	300	9.683666534715165	0.0	147968	1441.0219698435255	0.4612658	0.3
11181.953642003366	300	12.091679791570582	0.0	161857	1591.9867431445807	1.0000372	0.3
11187.246710130215	1200	10.798611664720417	0.0	599477	5293.068126850167	1.1152798	0.29999999999999993
11191.095043299614	1200	10.950278495321115	0.0	634861	3848.3331693993027	1.2357135	1.2
11192.285202767045	300	13.76011902789056	0.0	167025	1190.159467430555	1.3333082	-0.6000000000000001
11193.489360588419	300	16.55596120651698	0.0	160064	1204.157821373581	1.2469406	0.3
11195.505210115802	750	18.540111679133553	0.0	331053	2015.8495273834258	1.3382919	0.3
11196.235882200777	300	21.809439594158214	0.0	118421	730.6720849753359	1.5194658	-0.15000000000000002

