2760.4216761416737	750	4.0	3.5333118074124745	450283	3533.3118074124745	0.9250842	-14.44324077187364
2761.916584979389	300	6.5050911622846534	0.0	155580	1494.9088377153469	0.746159	-0.15000000000000002
2763.4924126812	300	8.929263460473335	0.0	139857	1575.827701811319	0.93537414	0.3
2765.517217508234	300	10.904458633439283	0.0	155432	2024.804827034051	1.0016227	0.3
2769.2347397822123	750	11.186936359461182	0.0	411561	3717.5222739781	1.0314876	0.3
2771.7221793831877	750	12.69949675848575	0.0	318564	2487.439600975431	1.1537013	0.75
2779.8093290859997	1200	8.612347055673556	0.0	561791	8087.149702812196	1.2242577	0.75
2782.035164366141	300	10.386511775532032	0.0	173849	2225.835280141523	1.0349498	-0.6000000000000001
2787.3996807421818	1200	9.021995399491006	0.0	584846	5364.516376041024	0.96452385	0.29999999999999993
2789.0974981930444	300	11.324177948628735	0.0	139105	1697.8174508622708	1.134785	-0.6000000000000001
2791.185675900673	300	13.236000241000388	0.0	141840	2088.1777076283474	1.0230963	0.3
2794.560009650336	300	13.861666491337152	0.0	156148	3374.3337496632375	1.0700338	0.3
2799.7968072961785	750	12.624868845494438	0.0	386351	5236.797645842714	1.0481414	0.3
2803.9532254723244	750	12.468450669348096	0.0	434409	4156.418176146342	1.1149619	0.75
2806.582518368709	750	13.839157772963594	0.0	337059	2629.2928963845034	1.1502612	0.75
2814.04795918997	1850	10.373716951703006	0.0	923170	7465.440821260587	1.2365535	0.75
2816.9642786756117	750	11.457397466060785	0.0	360831	2916.319485642221	1.2694601	-0.3500000000000001
2820.001271119936	750	12.420405021736581	0.0	372963	3036.992444324206	1.1632534	0.75
2825.808490089794	1200	10.613186051878623	0.0	639204	5807.218969857957	1.1965454	0.75
2827.3104217825776	300	13.111254359094861	0.0	140881	1501.9316927837622	1.1757877	-0.6000000000000001
2828.787138474246	300	15.63453766742615	0.0	157671	1476.7166916687117	1.0961874	0.3
2833.5182113073565	1200	14.9034648343154	0.0	616206	4731.072833110749	1.1845131	0.29999999999999993
2835.016645399291	300	17.405030742381044	0.0	163927	1498.4340919343535	1.3320041	-0.6000000000000001
2843.045911896717	1850	13.375764244955535	0.0	874175	8029.266497425509	1.2150851	0.30000000000000004
2848.4130393596324	1200	12.008636782039757	0.0	587236	5367.127462915777	1.32916	0.5499999999999999
2853.3675614142444	1200	11.054114727427514	0.0	590335	4954.522054612245	1.2275815	1.2
2859.155120048442	1200	9.266556093230275	0.0	696376	5787.558634197239	1.2053179	1.2
2861.567211744147	750	10.854464397525524	0.0	277716	2412.0916957047493	1.1375489	0.3
2867.995963298879	1200	8.425712842793498	0.0	622896	6428.751554732026	1.1315677	0.75
2873.7534733937578	1200	6.668202747914768	0.0	641447	5757.51009487873	1.0672928	1.2
2879.606797422275	750	4.814878719397493	0.0	358218	5853.324028517275	0.9659023	0.3
2881.723055085735	300	6.698621055937358	0.0	157488	2116.2576634601355	0.2607901	-0.15000000000000002
2884.9485890855203	750	7.473087056151911	0.0	369834	3225.533999785446	0.41482335	0.3
2886.52923905509	300	9.892437086582387	0.0	163444	1580.649969569523	0.82494557	-0.15000000000000002
2891.756773634469	750	8.664902507202966	0.0	401088	5227.534579379423	0.9606534	0.3
2898.4767711134646	750	5.944905028207634	0.0	365161	6719.997478995331	0.8304314	0.75
2899.6829113171393	300	8.738764824532906	0.0	131610	1206.1402036747281	0.26381606	-0.15000000000000002
2900.9632360589344	300	11.458440082737928	0.0	124011	1280.3247417949776	0.8350289	0.3
2902.574493057272	300	13.847183084400562	0.0	144254	1611.2569983373673	1.050338	0.3
2909.9061910058895	1850	10.51548513578301	0.0	930577	7331.697948617551	1.1425283	0.30000000000000004
2914.6371094655688	1200	9.784566676103674	0.0	566904	4730.918459679336	1.3101819	0.5499999999999999
2917.631764422866	750	10.789911718806193	0.0	384505	2994.654957297481	1.2093726	0.3
2922.5555783493764	1200	9.866097792295557	0.0	599477	4923.8139265106365	1.185518	0.75
2923.991413060584	300	12.430263081088116	0.0	172312	1435.8347112074412	1.2185175	-0.6000000000000001
2928.2965431065613	750	12.125133035110728	0.0	398987	4305.130045977388	1.1850593	0.3
2933.22453500098	1200	11.197141140692445	0.0	638661	4927.991894418283	1.2071619	0.75
2936.1412286441055	750	12.28044749756673	0.0	331053	2916.693643125716	1.3129846	0.3
2939.120024778009	750	13.301651363663634	0.0	314107	2978.796133903096	1.2854213	0.75

