17652.250643244028	750	4.0	2.288238812003366	450283	2288.238812003366	1.2306204	-9.089426891614474
17656.160832001886	1200	4.089811242139884	0.0	611087	3910.1887578601154	1.061369	0.75
17657.15653574957	300	7.09410749445832	0.0	139857	995.7037476815647	1.0785235	-0.6000000000000001
17659.605224062274	1200	8.645419181753141	0.0	617681	2448.688312705179	0.98846126	0.29999999999999993
17661.475371337245	750	10.775271906783036	0.0	411561	1870.1472749701036	1.3400851	0.3
17662.97627225515	750	13.274370988879094	0.0	318564	1500.9009179039433	1.2671098	0.75
17663.732411464756	300	16.518231779272135	0.0	153295	756.1392096069593	1.3092905	-0.15000000000000002
17664.49826813304	300	19.752375110985376	0.0	173849	765.8566682867547	1.2626455	0.3
17665.89177441603	750	22.35886882799235	0.0	374758	1393.5062829930284	1.3049533	0.3
17666.525393904318	300	25.72524933970891	0.0	139105	633.6194882834379	1.4263059	-0.15000000000000002
17668.152720655246	750	28.09792258878288	0.0	353220	1627.3267509260277	1.3586453	0.3
17668.930276616604	300	31.320366627425265	0.0	156148	777.5559613576141	1.4433942	-0.15000000000000002
17673.172893905128	1850	31.077749338898595	0.0	946851	4242.617288526668	1.3938161	0.30000000000000004
17677.10998622467	1200	31.140657019359494	0.0	687371	3937.0923195391015	1.637003	0.5499999999999999
17681.387422877793	1850	30.86322036623676	0.0	821631	4277.436653122735	1.5135103	1.2000000000000002
17687.423837326372	2850	28.82680591765669	0.0	1471065	6036.4144485800725	1.6284844	1.85
17693.99363463961	2850	26.257008604421603	0.0	1491626	6569.797313235084	1.5516118	2.85
17703.052531913527	4300	21.198111330506638	0.0	2059512	9058.897273914963	1.6155576	2.8499999999999996
17707.552062549625	2850	20.69858069440858	0.0	1537156	4499.530636098057	1.3202789	1.4000000000000001
17713.752257249515	2850	18.498385994516763	0.0	1336050	6200.194699891816	1.5550703	2.85
17714.460731429914	300	21.78991181412058	0.0	157671	708.4741803961855	1.6269903	-2.25
17716.380952789495	750	23.86969045453795	0.0	399894	1920.2213595826336	1.3831044	0.3
17719.656569430703	1200	24.594073813333488	0.0	656471	3275.6166412044595	1.4547144	0.75
17722.505159694258	1200	25.74548354977503	0.0	536667	2848.5902635584553	1.5197588	1.2
17726.24386230866	1850	26.00678093537465	0.0	897976	3738.7026144003844	1.523421	1.2000000000000002
17726.979051129976	300	29.27159211406068	0.0	153938	735.1888213139673	1.6537771	-1.25
17730.55961962375	1200	29.691023620283353	0.0	696376	3580.568493777327	1.4295921	0.29999999999999993
17733.580155267045	1200	30.67048797699053	0.0	487160	3020.535643292829	1.5718937	1.2
17736.680226077668	1200	31.57041716636825	0.0	622896	3100.070810622276	1.5582415	1.2
17740.438430335576	1200	31.812212908457255	0.0	641447	3758.204257910996	1.6081457	1.2
17742.219980181828	750	34.03066306220535	0.0	358218	1781.5498462519056	1.5881791	0.3
17748.70395586945	2850	31.546687374586494	0.0	1497683	6483.975687618856	1.5665098	0.75
17756.482440188185	4300	27.768203055850755	0.0	2191074	7778.484318735739	1.1521404	2.8499999999999996
17768.517656316864	4300	19.732986927170508	0.0	2286761	12035.216128680247	0.5373475	4.3
17772.675074197254	1200	19.575569046780647	0.0	690253	4157.417880389861	1.4752182	-1.9000000000000001
17774.80941009067	750	21.441233153364475	0.0	365161	2134.335893416171	1.5021183	0.3
17776.79013155571	750	23.460511688323106	0.0	321064	1980.72146504137	1.4821364	0.75
17780.528781802946	1850	23.721861441087718	0.0	938587	3738.6502472353895	1.501272	0.75
17782.640268395367	1200	25.61037484866409	0.0	605884	2111.4865924236274	1.6350379	0.5499999999999999
17785.97721729436	1850	26.273425949673477	0.0	930577	3336.948898990613	1.6932856	1.2000000000000002
17788.63752319132	1200	27.613120052713334	0.0	566904	2660.305896960143	1.4726229	0.5499999999999999
17790.344882447844	750	29.90576079618844	0.0	384505	1707.359256524893	1.6940851	0.3
17793.284132624332	1200	30.96651061970067	0.0	599477	2939.250176487766	1.6854879	0.75
17799.26345294795	2850	28.98719029607957	0.0	1587250	5979.320323621101	1.6837084	1.2000000000000002
17809.870171219784	4300	22.38047202424756	0.0	2124950	10606.718271832011	0.57948023	2.8499999999999996
17815.79094092477	2850	20.45970231926167	0.0	1483527	5920.769704985892	0.6547947	1.4000000000000001
17823.675264126578	4300	16.575379117454805	0.0	1961140	7884.323201806863	0.82914066	2.8499999999999996
17838.104580124484	4300	6.146063119547434	0.0	2155012	14429.315997907372	0.5381065	4.3

