18956.01618306221	750	4.0	1.5823407749373364	450283	1582.3407749373364	1.4460683	-6.054065332230546
18958.584616028813	1200	5.431567033397465	0.0	611087	2568.4329666025355	1.1718667	0.75
18960.761872594107	1200	7.254310468100695	0.0	571051	2177.25656529677	1.2703171	1.2
18963.074584159527	1200	8.94159890267915	0.0	617681	2312.7115654215454	1.3191061	1.2
18963.852116555943	300	12.164066506262381	0.0	163442	777.5323964167698	1.3506124	-0.6000000000000001
18964.453546074976	300	15.562636987232002	0.0	126289	601.4295190303778	1.2185552	0.3
18965.151062310106	300	18.865120752099216	0.0	153295	697.5162351327856	1.2685792	0.3
18965.904899814588	300	22.111283247617624	0.0	173849	753.8375044815944	1.3025414	0.3
18966.527769901135	300	25.488413161069378	0.0	150710	622.8700865482457	1.3337561	0.3
18968.85649297452	1200	27.159690087682204	0.0	560821	2328.723073387173	1.3691603	0.29999999999999993
18971.47810563595	1200	28.538077426252332	0.0	607410	2621.612661429871	1.5156511	1.2
18973.0566509625	750	30.959532099704578	0.0	405134	1578.5453265477563	1.5203273	0.3
18976.69186528216	1850	31.32431778004482	0.0	946851	3635.2143196597617	1.4886514	0.75
18978.744672150304	750	33.27151091190137	0.0	434409	2052.8068681434434	1.6622975	-0.3500000000000001
18980.85995507488	1200	35.156227987321984	0.0	526950	2115.282924579393	1.4929702	0.75
18987.036217188608	2850	32.97996587359401	0.0	1471065	6176.262113727972	1.6179647	1.2000000000000002
18993.421292474995	2850	30.59489058720476	0.0	1491626	6385.075286389253	1.4460319	2.85
18994.20412133845	300	33.81206172375096	0.0	150616	782.8288634538003	1.5067152	-2.25
18997.300569556184	1200	34.715613506014485	0.0	639204	3096.448217736473	1.4454421	0.29999999999999993
18998.308744335245	750	37.707438726953384	0.0	350713	1008.1747790611023	1.6131982	0.3
19002.567878195827	1850	37.44830486637437	0.0	891604	4259.133860579012	1.6359373	0.75
19006.250942318093	1850	37.765240744108425	0.0	955231	3683.06412226595	1.6918056	1.85
19012.046451083388	1850	35.96973197881463	0.0	968026	5795.508765293793	1.6436366	1.85
19017.415032237892	1850	34.60115082431083	0.0	874175	5368.581154503806	1.6873975	1.85
19021.395415384944	1850	34.62076767725595	0.0	897976	3980.3831470548757	1.6818714	1.85
19032.29449539013	2850	27.721687672067716	0.0	1480464	10899.08000518823	1.6784658	1.85
19041.965083560077	1850	22.05109950212471	0.0	1076599	9670.588169943007	1.6237732	0.8500000000000001
19045.3909622399	1200	22.625220822302964	0.0	487160	3425.878679821748	1.4588009	0.5499999999999999
19050.528635689163	1200	21.487547373039874	0.0	622896	5137.673449263089	1.4864912	1.2
19055.200232877523	1200	20.81595018468057	0.0	641447	4671.597188359304	1.4475057	1.2
19065.61611519753	1200	14.400067864676302	0.0	570392	10415.882320004266	1.4547466	1.2
19070.909683436097	750	13.106499626109565	0.0	400322	5293.568238566736	1.1568136	0.3
19072.430896657144	300	15.58528640506144	0.0	143881	1521.213221048126	1.1377833	-0.15000000000000002
19074.092449074757	300	17.92373398744695	0.0	163444	1661.5524176144904	1.1999588	0.3
19075.83929932202	300	20.176883740183584	0.0	179328	1746.8502472633643	1.2475033	0.3
19085.27572606267	1850	14.74045699953405	0.0	943942	9436.426740649535	1.298392	0.30000000000000004
19088.084753550957	1200	15.931429511245515	0.0	487812	2809.027488288536	1.3551737	0.5499999999999999
19094.374513018054	1850	13.641670044150258	0.0	938587	6289.759467095257	1.4692041	1.2000000000000002
19097.4408421048	750	14.575340957402096	0.0	378327	3066.3290867481637	1.4479445	-0.3500000000000001
19101.8225840222	1200	14.193599040002034	0.0	587506	4381.7419174000615	1.3110521	0.75
19105.01930499525	1200	14.996878066953466	0.0	566904	3196.720973048569	1.4006003	1.2
19108.56458672809	1200	15.45159633411093	0.0	641452	3545.2817328425367	1.4858849	1.2
19109.563808667066	300	18.452374395137465	0.0	145210	999.2219389734659	1.5012558	-0.6000000000000001
19110.79441390331	300	21.221769158893956	0.0	172312	1230.6052362435087	1.3786778	0.3
19114.96201991187	1200	21.0541631503332	0.0	630203	4167.606008560757	1.4288144	0.29999999999999993
19116.06098839118	300	23.95519467102505	0.0	160064	1098.968479308147	1.588169	-0.6000000000000001
19116.998868966686	300	27.017314095515726	0.0	137507	937.8805755093289	1.494873	0.3
19118.86612202021	750	29.1500610419972	0.0	314107	1867.2530535185263	1.542766	0.3

