3301.3868276500425	750	4.0	1.384287999087403	450283	1384.287999087403	1.1559324	-5.202438396075833
3301.9077558644176	300	7.479071785625267	0.0	155580	520.9282143747322	1.2033734	-0.15000000000000002
3302.4120819009904	300	10.974745749052188	0.0	139857	504.3260365730793	1.2217757	0.3
3303.911146757097	750	13.475680892945853	0.0	382355	1499.0648561063356	1.2583528	0.3
3304.692952351734	300	16.693875298308768	0.0	163442	781.8055946370853	1.3581344	-0.15000000000000002
3305.8444510462805	750	19.54237660376228	0.0	318564	1151.4986945464902	1.2904391	0.3
3307.7607907480706	1200	21.62603690197251	0.0	561791	1916.339701789771	1.4231391	0.75
3310.129252001948	1200	23.257575648095365	0.0	709534	2368.4612538771435	1.4989067	1.2
3312.0305253930305	1200	25.356302257012302	0.0	584846	1901.2733910830596	1.504874	1.2
3315.2004126654933	1850	26.186414984549497	0.0	913888	3169.887272462804	1.526728	1.2000000000000002
3315.627014772477	300	29.759812877565512	0.0	141840	426.60210698398333	1.6189525	-1.25
3316.8180882031643	750	32.56873944687821	0.0	405134	1191.0734306872964	1.4362115	0.3
3319.7956628253187	1850	33.59116482472393	0.0	946851	2977.5746221542768	1.5336994	0.75
3325.2418225812353	2850	32.14500506880711	0.0	1578343	5446.159755916825	1.6874107	1.85
3330.517479238772	2850	30.869348411270376	0.0	1231445	5275.656657536732	1.3998041	2.85
3334.170337516602	1850	31.216490133439983	0.0	923170	3652.8582778303926	1.5052269	0.8500000000000001
3338.32859500085	1200	31.058232649192	0.0	617242	4158.257484247984	1.6780947	0.5499999999999999
3345.097951167533	1200	28.288876482508705	0.0	581493	6769.356166683294	1.5198966	1.2
3347.639981983737	750	29.746845666304797	0.0	405596	2542.0308162039073	1.4451046	0.3
3352.599176581849	750	28.787651068192854	0.0	350713	4959.194598111941	1.462683	0.75
3361.9098739214223	1850	23.476953728619367	0.0	891604	9310.697339573491	1.3946631	0.75
3368.4024571549003	1200	20.984370495141533	0.0	616206	6492.583233477831	1.456217	0.5499999999999999
3370.202460464001	300	23.184367186040802	0.0	163927	1800.003309100731	1.3891133	-0.6000000000000001
3374.889204621763	1200	22.497623028278955	0.0	536667	4686.744157761847	1.3038199	0.29999999999999993
3379.0710729906186	1200	22.31575465942318	0.0	587236	4181.868368855773	1.4396764	1.2
3382.854191321811	1200	22.532636328230662	0.0	590335	3783.1183311925197	1.4550207	1.2
3386.855956372672	1200	22.53087127736963	0.0	696376	4001.7650508610295	1.4703175	1.2
3389.7211810577287	1200	23.665646592312925	0.0	487160	2865.224685056707	1.4836174	1.2
3390.980159661381	300	26.406667988660903	0.0	153605	1258.9786036520231	1.4978182	-0.6000000000000001
3391.9713377795	300	29.41548987054192	0.0	149029	991.1781181189854	1.3560665	0.3
3398.561917576346	1850	26.824910073695747	0.0	873429	6590.57979684617	1.403657	0.30000000000000004
3405.795326780872	1850	23.591500869169824	0.0	954453	7233.409204525922	1.5775963	1.85
3411.7231183235285	1200	21.663709326513132	0.0	584349	5927.791542656689	1.5276064	0.5499999999999999
3418.8840680349635	1850	18.50275961507824	0.0	1035329	7160.949711434893	1.4281533	1.2000000000000002
3421.0807879757426	750	20.306039674299566	0.0	401088	2196.7199407786743	1.4914385	-0.3500000000000001
3424.6632400646763	1200	20.723587585365507	0.0	598727	3582.452088934057	1.4562316	0.75
3427.379502827752	1200	22.007324822289757	0.0	487812	2716.2627630757534	1.518901	1.2
3432.347357775334	1850	21.03946987470791	0.0	938587	4967.854947581846	1.5618999	1.2000000000000002
3435.6734034739347	1200	21.713424176106933	0.0	605884	3326.0456986009785	1.633016	0.5499999999999999
3438.5420800478432	1200	22.84474760219861	0.0	587506	2868.6765739083235	1.5728627	1.2
3441.9699864765125	1200	23.416841173528898	0.0	566904	3427.906428669712	1.6253525	1.2
3448.0156629644803	1850	21.37116468556101	0.0	1025005	6045.676487967888	1.6056175	1.2000000000000002
3453.870218969311	1850	19.516608680730805	0.0	886255	5854.556004830202	1.6457266	1.85
3457.9154601962136	1200	19.47136745382759	0.0	634861	4045.2412269032197	1.6254283	0.5499999999999999
3463.1780447879005	1200	18.20878286214081	0.0	630203	5262.5845916867775	1.5721554	1.2
3465.6851012983175	750	19.70172635172418	0.0	393804	2507.0565104166317	1.5105025	0.3
3467.6577769445366	750	21.729050705504875	0.0	331053	1972.6756462193046	1.5367954	0.75
3470.1768238099903	1200	23.210003840051364	0.0	550906	2519.046865453513	1.5925568	0.75

