18030.714298717125	750	4.0	2.8598146493896546	450283	2859.8146493896547	0.8440092	-11.547202992375514
18032.592997429383	750	6.121301287744215	0.0	398865	1878.6987122557848	0.9278144	0.75
18035.24149700981	1200	7.4728017073149475	0.0	571051	2648.4995804292676	1.1661354	0.75
18037.299198652396	750	9.415100064731453	0.0	382355	2057.701642583495	1.2838801	0.3
18039.258337943516	750	11.455960773608176	0.0	411561	1959.139291123276	1.2120907	0.75
18041.343878789736	1200	13.370419927391561	0.0	520315	2085.540846216616	1.275387	0.75
18042.514127197363	750	16.200171519764574	0.0	352642	1170.248407626987	1.409542	0.3
18044.93950076823	1200	17.77479794889633	0.0	709534	2425.373570868242	1.3866562	0.75
18045.527895204126	300	21.186403513000283	0.0	150710	588.3944358960512	1.4613309	-0.6000000000000001
18045.998101206766	300	24.71619751036213	0.0	139105	470.2060026381515	1.3414028	0.3
18048.390449536113	1200	26.323849181015238	0.0	607410	2392.348329346892	1.388149	0.29999999999999993
18051.500540823417	1200	27.213757893708465	0.0	594078	3110.091287306772	1.5176462	1.2
18054.2275141172	1200	28.4867845999254	0.0	624282	2726.9732937830654	1.4872948	1.2
18056.416247059584	750	30.298051657541137	0.0	434409	2188.7329423842607	1.5282207	0.3
18058.15526171339	750	32.559037003734936	0.0	337059	1739.0146538062036	1.4608129	0.75
18061.68094907293	1200	33.0333496441974	0.0	587876	3525.687359537538	1.4773412	0.75
18064.8932137131	1200	33.82108500402319	0.0	617242	3212.2646401742077	1.5345937	1.2
18066.99806894666	750	35.71622977046546	0.0	372963	2104.8552335577265	1.5688964	0.3
18070.959261898563	1200	35.755036818564484	0.0	639204	3961.1929519009773	1.5055861	0.75
18072.883605254458	750	37.83069346267161	0.0	350713	1924.3433558928728	1.5713065	0.3
18075.890273134064	1200	38.82402558306313	0.0	601738	3006.667879608473	1.5375037	0.75
18077.95851517308	1200	40.75578354405078	0.0	616206	2068.2420390123584	1.6482966	1.2
18082.30502247519	1850	40.409276241937185	0.0	968026	4346.50730211359	1.7139608	1.2000000000000002
18084.79310205566	1200	41.92119666146547	0.0	536667	2488.0795804717095	1.6519877	0.5499999999999999
18087.316885710698	1200	43.39741300642902	0.0	587236	2523.7836550364495	1.7073624	1.2
18095.108179329378	2850	39.606119387750034	0.0	1480464	7791.293618678986	1.7215617	1.2000000000000002
18101.65802065361	2850	37.05627806351635	0.0	1547572	6549.841324233685	1.1396629	2.85
18109.587768560577	4300	33.12653015654991	0.0	1972048	7929.747906966444	0.9410214	2.8499999999999996
18117.49823230558	4300	29.216066411545224	0.0	2134614	7910.4637450046885	0.45410392	4.3
18126.142449687643	4300	24.57184902948757	0.0	2164140	8644.217382057654	0.4939976	4.3
18134.208642163576	4300	20.505656553554477	0.0	2113193	8066.192475933093	0.6928927	4.3
18143.92007495979	4300	14.794223757335946	0.0	2147852	9711.43279621853	0.7989148	4.3
18148.357559947217	2850	14.356738769907682	0.0	1358081	4437.484987428262	1.439767	1.4000000000000001
18153.11923520879	1850	13.595063508334661	0.0	1035329	4761.675261573023	1.5614672	0.8500000000000001
18157.34070412145	1850	13.373594595677089	0.0	1026056	4221.468912657572	1.5206251	1.85
18157.771009991397	300	16.943288725729442	0.0	159914	430.30586994764667	1.5498481	-1.25
18159.463073017676	1200	19.251225699451425	0.0	487812	1692.0630262780167	1.4533027	0.29999999999999993
18163.282715839046	1850	19.431582878080675	0.0	938587	3819.642821370748	1.6120766	1.2000000000000002
18164.83478662307	750	21.879512094059436	0.0	378327	1552.070784021243	1.6531358	-0.3500000000000001
18166.45368125757	750	24.26061745955605	0.0	390680	1618.894634503382	1.5556864	0.75
18168.188964597786	750	26.525334119341053	0.0	345516	1735.2833402149984	1.5947909	0.75
18173.950726822968	1850	24.76357189416004	0.0	1025005	5761.762225181009	1.5975132	0.75
18177.059691819453	1200	25.65460689767863	0.0	599477	3108.9649964814125	1.6593151	0.5499999999999999
18180.421682911165	1200	26.292615805963617	0.0	634861	3361.991091715012	1.6810074	1.2
18182.686212129236	750	28.02808658789276	0.0	398987	2264.529218070859	1.6909618	0.3
18186.534657005308	1200	28.179641711823457	0.0	638661	3848.4448760693026	1.6632054	0.75
18189.02844998026	750	29.685848736871673	0.0	331053	2493.7929749517825	1.6929648	0.3
18193.242176535437	1200	29.472122181691073	0.0	550906	4213.726555180601	1.6728612	0.75

