8696.82908477029	750	4.0	4.034106319630938	450283	4034.106319630938	1.6057057	-16.596657174413032
8697.945386108977	300	6.883698661312633	0.0	155580	1116.3013386873674	0.55974877	-0.15000000000000002
8700.076336051663	750	8.752748718627645	0.0	350812	2130.949942684988	0.83983886	0.3
8702.140884401153	750	10.68820036913806	0.0	382355	2064.5483494895834	0.9972095	0.75
8705.779392682125	750	11.049692088166061	0.0	411561	3638.508280972001	1.1312063	0.75
8707.599404617828	750	13.229680152464669	0.0	318564	1820.011935701391	1.1354841	0.75
8710.497229177672	1200	14.33185559261946	0.0	561791	2897.8245598452086	1.2675362	0.75
8712.527044189539	750	16.30204058075247	0.0	437162	2029.8150118669882	1.3720158	0.3
8715.097953331555	750	17.731131438737034	0.0	374758	2570.909142015441	1.414654	0.75
8720.469150894874	1850	16.359933875416957	0.0	913888	5371.197563320078	1.3987389	0.75
8722.728100110719	1200	18.100984659571836	0.0	607410	2258.949215845118	1.4977266	0.5499999999999999
8725.677843178084	1850	19.151241592207274	0.0	917428	2949.7430673645645	1.4974867	1.2000000000000002
8728.077019600529	1200	20.752065169762922	0.0	624282	2399.176422444352	1.5853909	0.5499999999999999
8729.884909851093	750	22.944174919199554	0.0	434409	1807.8902505633655	1.5286728	0.3
8733.229896450628	1850	23.599188319665235	0.0	821631	3344.9865995343193	1.5092306	0.75
8736.850638012244	1850	23.978446758049092	0.0	923170	3620.7415616161425	1.5882387	1.85
8737.437930642825	300	27.391154127467935	0.0	143509	587.2926305811562	1.5913161	-1.25
8738.957448373389	750	29.871636396904304	0.0	372963	1519.517730563631	1.505762	0.3
8741.261542276594	750	31.567542493698635	0.0	405596	2304.0939032056704	1.5448581	0.75
8742.100289143944	300	34.72879562634922	0.0	140881	838.7468673494187	1.5488464	-0.15000000000000002
8746.858989321618	1200	33.970095448675885	0.0	601738	4758.700177673333	1.5313194	0.29999999999999993
8749.247273246398	1200	35.581811523894864	0.0	616206	2388.283924781017	1.562795	1.2
8752.944493458352	1850	35.88459131194101	0.0	968026	3697.2202119538533	1.6044059	1.2000000000000002
8753.486768020275	300	39.34231675001636	0.0	137654	542.2745619246459	1.6278764	-1.25
8754.888948530685	750	41.94013623960796	0.0	359903	1402.1805104084065	1.5906886	0.3
8757.509918850988	1200	43.31916591930468	0.0	590335	2620.970320303273	1.6197307	0.75
8765.33722935613	2850	39.491855414162856	0.0	1547572	7827.310505141823	1.624582	1.2000000000000002
8768.309145525012	1850	40.51993924528168	0.0	758197	2971.91616888118	1.6271414	0.8500000000000001
8768.950405594642	300	43.878679175652465	0.0	153605	641.2600696292117	1.6386595	-1.25
8769.705307075783	300	47.12377769450992	0.0	149029	754.9014811425432	1.6211952	0.3
8772.117994228045	1200	48.71109054224922	0.0	570392	2412.6871522607007	1.6403178	0.29999999999999993
8774.219270973706	1200	50.60981379658659	0.0	620283	2101.2767456626207	1.6484654	1.2
8777.627586640348	2850	51.20149812994477	0.0	1358081	3408.3156666418204	1.6489949	1.2000000000000002
8778.717397318676	750	54.111687451618245	0.0	412837	1089.8106783265284	1.4808769	-1.35
8785.99677820579	4300	50.83230656450472	0.0	2307787	7279.380887113526	1.6800784	0.75
8791.61840211106	4300	49.210682659233065	0.0	2143948	5621.6239052716555	0.8927337	4.3
8795.63535664107	4300	49.1937281292233	0.0	1919781	4016.954530009762	0.800295	4.3
8799.795171900409	4300	49.033912869885306	0.0	2147467	4159.81525933799	0.7220247	4.3
8802.129160628952	1850	50.69992414134234	0.0	908665	2333.988728542968	0.6553072	-0.6000000000000001
8805.449800174669	2850	51.37928459562542	0.0	1402287	3320.6395457169197	1.521375	1.85
8814.66382092843	4300	46.165263841864274	0.0	2108491	9214.02075376115	1.1515207	2.8499999999999996
8821.631896193096	4300	43.197188577198744	0.0	2184571	6968.075264665528	1.0114932	4.3
8824.520624492183	2850	44.3084602781124	0.0	1343002	2888.728299086343	0.8151169	1.4000000000000001
8828.277617786182	2850	44.551466984113944	0.0	1587250	3756.9932939984537	1.2140143	2.85
8833.535370702746	4300	43.29371406755	0.0	2124950	5257.75291656394	1.1460149	2.8499999999999996
8839.535908312497	4300	41.29317645779796	0.0	2246506	6000.537609752036	0.67869216	4.3
8846.94001892312	4300	37.88906584717479	0.0	1961140	7404.110610623175	0.7380057	4.3
8855.563880065558	4300	33.26520470473669	0.0	2155012	8623.861142438102	0.8822124	4.3

