15009.699720985953	750	4.0	2.54228302815134	450283	2542.28302815134	1.2698392	-10.181817021050762
15011.4857306818	750	6.213990304153536	0.0	398865	1786.0096958464633	0.69651914	0.75
15012.05084303856	300	9.648877947393474	0.0	139857	565.1123567600627	0.9292951	-0.15000000000000002
15014.727872050966	1200	10.97184893498638	0.0	617681	2677.029012407094	1.100503	0.29999999999999993
15015.669151908382	300	14.03056907757074	0.0	163442	941.2798574156395	1.3076853	-0.6000000000000001
15017.027941729202	750	16.67177925674914	0.0	318564	1358.7898208216016	1.2876575	0.3
15017.73250899362	300	19.967211992332327	0.0	153295	704.5672644168139	1.4059132	-0.15000000000000002
15019.606395575238	750	22.09332541071436	0.0	437162	1873.886581617965	1.3835888	0.3
15020.266125400383	300	25.43359558557058	0.0	150710	659.7298251437818	1.4828442	-0.15000000000000002
15024.78704248615	1850	24.91267849980455	0.0	913888	4520.917085766034	1.4531391	0.30000000000000004
15031.949323509087	1200	21.750397476868695	0.0	607410	7162.28102293585	1.5781175	0.5499999999999999
15035.531079125782	300	22.168641860172688	0.0	156148	3581.75561669601	1.449944	-0.6000000000000001
15043.65697483386	750	18.04274615209451	0.0	386351	8125.895708078179	1.3375161	0.3
15047.69316222235	750	18.006558763605618	0.0	434409	4036.1873884888873	1.2598151	0.75
15050.987988976935	750	18.711732009020423	0.0	337059	3294.8267545851977	1.3580366	0.75
15054.894627118454	750	18.805093867501157	0.0	366214	3906.6381415192645	1.3747861	0.75
15057.802639376861	750	19.89708160909231	0.0	360831	2908.0122584088476	1.3313304	0.75
15058.884189234755	300	22.815531751199106	0.0	150616	1081.5498578932065	1.3876848	-0.15000000000000002
15060.06762577832	300	25.63209520763608	0.0	165384	1183.4365435630252	1.3804166	0.3
15067.053625134515	1850	22.646095851440922	0.0	923755	6985.99935619516	1.4197638	0.30000000000000004
15068.20246936357	300	25.497251622384724	0.0	157671	1148.844229056197	1.5494606	-1.25
15071.766285143216	750	25.933435842739062	0.0	399894	3563.81577964566	1.4428159	0.3
15073.36749172092	300	28.33222926503545	0.0	163927	1601.2065777036107	1.4759735	-0.15000000000000002
15080.684832702023	1850	25.014888283930087	0.0	874175	7317.3409811053625	1.4591025	0.30000000000000004
15083.372202514234	750	26.327518471718346	0.0	359903	2687.369812211738	1.5526919	-0.3500000000000001
15084.424354978866	300	29.27536600708653	0.0	153938	1052.1524646318164	1.4913864	-0.15000000000000002
15087.226156023427	750	30.473564962524666	0.0	425781	2801.8010445618656	1.4871808	0.3
15093.235081531213	1850	28.46463945473887	0.0	758197	6008.925507785794	1.5581235	0.75
15101.928421403727	1850	23.77129958222595	0.0	972798	8693.33987251292	1.5775816	1.85
15109.121149049513	1850	20.578571936438795	0.0	975811	7192.727645787156	1.5261333	1.85
15112.305762496542	1200	21.393958489409023	0.0	570392	3184.613447029773	1.5247247	0.5499999999999999
15113.184817678934	300	24.514903307016915	0.0	157488	879.0551823921037	1.5569911	-0.6000000000000001
15113.998731613841	300	27.70098937211045	0.0	143881	813.9139349064683	1.506497	0.3
15119.803569091999	1200	25.896151893952762	0.0	670129	5804.837478157685	1.5145158	0.29999999999999993
15124.409086575986	1850	25.290634409963637	0.0	1026056	4605.517483989126	1.5324986	1.2000000000000002
15126.547711162095	1200	27.15200982385587	0.0	598727	2138.6245861077646	1.5966022	0.5499999999999999
15127.011893572364	300	30.687827413585083	0.0	131610	464.1824102707886	1.6353844	-0.6000000000000001
15128.63356278525	750	33.066158200699874	0.0	361565	1621.669212885212	1.6104342	0.3
15129.756758504982	750	35.94296248096762	0.0	378327	1123.1957197322483	1.637043	0.75
15132.529591966158	1850	37.17012901979013	0.0	930577	2772.8334611774885	1.6493796	0.75
15135.70863943697	1850	37.99108154897635	0.0	858450	3179.047470813782	1.6453528	1.85
15140.510454682573	1850	37.189266303374296	0.0	1025005	4801.815245602053	1.6451795	1.85
15145.578015435625	1850	36.12170555032298	0.0	886255	5067.560753051312	1.6553241	1.85
15157.491700844534	2850	28.20802014141484	0.0	1587250	11913.685408908139	1.6539537	1.85
15173.792082230979	4300	15.907638754969819	0.0	2124950	16300.38138644502	1.6106955	2.8499999999999996
15176.840761356116	1200	16.858959629834782	0.0	638661	3048.6791251350382	1.5025216	-1.9000000000000001
15179.348839742195	1200	18.35088124375463	0.0	538612	2508.078386080151	1.5616258	1.2
15181.910574478032	1200	19.78914650791679	0.0	550906	2561.73473583784	1.574113	1.2

