10569.643241101883	750	4.0	1.4342768133466879	450283	1434.276813346688	0.4204113	-5.4173902973907575
10571.00340235998	750	6.6398387419037395	0.0	398865	1360.16125809626	0.8254747	0.75
10572.433701047856	750	9.209540054025693	0.0	350812	1430.298687878048	1.044429	0.75
10574.45385325863	1200	11.189387843251968	0.0	617681	2020.152210773724	1.1897515	0.75
10578.240411787623	1850	11.402829314259273	0.0	996749	3786.5585289926953	1.3517052	1.2000000000000002
10579.835730773235	750	13.80751032864818	0.0	318564	1595.3189856110955	1.4587245	-0.3500000000000001
10581.426997477185	750	16.216243624697107	0.0	352642	1591.2667039510723	1.3526237	0.75
10583.637400961445	750	18.005840140437474	0.0	437162	2210.4034842596343	1.3809856	0.75
10586.261760627507	1200	19.38148047437498	0.0	584846	2624.3596660624967	1.4157879	0.75
10590.441095036162	1200	19.20214606571985	0.0	560821	4179.334408655126	1.4930482	1.2
10596.884787253204	1850	16.75845384867671	0.0	939819	6443.6922170431435	1.45758	1.2000000000000002
10598.507445808198	750	19.135795293682314	0.0	405134	1622.6585549943957	1.482101	-0.3500000000000001
10600.13852293267	750	21.50471816921164	0.0	386351	1631.0771244706723	1.4551282	0.75
10601.938654413723	750	23.704586688158976	0.0	434409	1800.1314810526642	1.4781936	0.75
10602.56760986114	300	27.075631240740524	0.0	140051	628.9554474184529	1.5071211	-0.15000000000000002
10603.190421589876	300	30.452819512006464	0.0	138313	622.8117287340592	1.4746497	0.3
10603.878025011329	300	33.765216090553686	0.0	143509	687.6034214527795	1.4956443	0.3
10606.711546656288	1200	34.93169444559474	0.0	581493	2833.521644958946	1.5315218	0.29999999999999993
10612.983153236928	1850	32.66008786495561	0.0	987708	6271.606580639132	1.5990021	1.2000000000000002
10619.624509929545	2850	30.018731172338153	0.0	1336050	6641.356692617454	1.5901194	1.85
10623.729837158919	1850	29.913403942964354	0.0	891604	4105.327229373799	1.6210299	0.8500000000000001
10635.454818661534	2850	22.18842244035011	0.0	1468126	11724.981502614242	1.6010987	1.85
10644.086890197557	1200	17.55635090432656	0.0	656471	8632.071536023548	1.5608398	-0.44999999999999996
10649.584063190474	1200	16.05917791141036	0.0	536667	5497.172992916205	1.3961155	1.2
10652.636552439802	750	17.006688662080226	0.0	359903	3052.489249330131	1.3949274	0.3
10654.218269228002	300	19.424971873881653	0.0	153938	1581.7167881985745	1.3662844	-0.15000000000000002
10655.754112977727	300	21.889128124155075	0.0	181901	1535.8437497265766	1.337547	0.3
10657.52216982878	750	24.121071273103222	0.0	277716	1768.0568510518533	1.4023213	0.3
10659.952222468066	750	25.691018633817475	0.0	400396	2430.052639285748	1.4676014	0.75
10660.587151914631	300	29.056089187250308	0.0	149029	634.9294465671679	1.519934	-0.15000000000000002
10663.22355630598	1850	30.419684795901922	0.0	873429	2636.4043913483865	1.5441211	0.30000000000000004
10665.28606385891	1200	32.35717724297324	0.0	620283	2062.507552928681	1.6334724	0.5499999999999999
10668.692770038633	1850	32.95047106324935	0.0	885062	3406.706179723893	1.6324288	1.2000000000000002
10673.571437536268	2850	32.07180356561438	0.0	1587293	4878.667497634971	1.6293727	1.85
10679.383478047337	2850	30.25976305454543	0.0	1492672	5812.040511068948	1.6344206	2.85
10682.813255061888	1200	30.82998603999403	0.0	598727	3429.7770145514005	1.6392589	-0.44999999999999996
10685.513275722955	1200	32.129965378928375	0.0	487812	2700.020661065657	1.639963	1.2
10689.44490904479	1850	32.19833205709111	0.0	938587	3931.6333218372665	1.6280633	1.2000000000000002
10691.908082097776	1200	33.735159004105675	0.0	605884	2463.173052985431	1.6551981	0.5499999999999999
10692.80143267086	300	36.84180843102179	0.0	149991	893.3505730838897	1.6491501	-0.6000000000000001
10698.033908056597	1850	35.60933304528414	0.0	858450	5232.475385737651	1.6283443	0.30000000000000004
10705.867279176906	2850	31.775961924977224	0.0	1527299	7833.371120306914	1.6478913	1.85
10708.229707359602	1200	33.41353374227992	0.0	599477	2362.4281826973056	1.6172723	-0.44999999999999996
10710.405518657137	1200	35.237722444746325	0.0	634861	2175.811297533598	1.6471406	1.2
10714.798903073159	1850	34.84433802872472	0.0	958994	4393.384416021605	1.6638288	1.2000000000000002
10715.474087572662	300	38.169153529221134	0.0	160064	675.1844995035856	1.6496564	-1.25
10719.173247484805	1850	38.469993617077925	0.0	830730	3699.15991214321	1.6798086	0.30000000000000004
10729.76065378086	4300	31.882587321022182	0.0	2155012	10587.406296055744	1.6264168	1.8499999999999996

