2529.061864748473	750	4.0	7.229722006325715	450283	7229.722006325715	0.9772813	-30.337804627200573
2531.544432715218	300	5.517432033254713	0.0	155580	2482.567966745287	0.36923888	-0.15000000000000002
2533.795110691221	300	7.266754057251941	0.0	139857	2250.6779760027725	0.630277	0.3
2537.0789252953	300	7.982939453173061	0.0	155432	3283.8146040788806	0.7746333	0.3
2546.2479490815613	750	4.0	1.1860843330883262	411561	9169.023786261387	0.7669962	-4.800162632279802
2550.830307167346	750	4.0	0.5823580857844436	318564	4582.358085784444	0.24577509	-1.7541397688731073
2552.794968355101	300	6.0353388122447145	0.0	153295	1964.6611877552862	0.16265728	-0.15000000000000002
2555.02076300378	300	7.809544163565606	0.0	173849	2225.7946486791075	0.45713475	0.3
2556.563747113629	300	10.266560053716796	0.0	150710	1542.98410984881	0.7387921	0.3
2559.3483966278836	750	11.481910539462325	0.0	362795	2784.6495142544713	0.9203778	0.3
2560.471791150904	300	14.358516016441655	0.0	141840	1123.3945230206684	1.0613763	-0.15000000000000002
2561.718892967694	300	17.111414199651907	0.0	156148	1247.1018167897498	1.1327497	0.3
2564.8793021761962	750	17.9510049911496	0.0	386351	3160.4092085023076	1.2750593	0.3
2574.663294195754	1850	12.167012971591616	0.0	1036454	9783.992019557983	1.3441801	0.75
2579.428709372072	1200	11.40159779527374	0.0	526950	4765.415176317875	1.3028665	0.5499999999999999
2587.3432726743586	1200	7.487034492987101	0.0	587876	7914.56330228664	1.2068568	1.2
2589.6868829917385	300	9.143424175607002	0.0	143509	2343.610317380099	0.92415696	-0.6000000000000001
2596.274081431069	750	6.5562257362768115	0.0	372963	6587.198439330191	0.890032	0.3
2601.995426559902	750	4.8348806074435515	0.0	405596	5721.34512883326	0.6643785	0.75
2603.1420137135733	300	7.688293453772772	0.0	140881	1146.5871536707793	0.10642655	-0.15000000000000002
2604.404905377087	300	10.425401790259183	0.0	157671	1262.891663513589	0.7855169	0.3
2609.1137625638376	750	9.716544603508073	0.0	399894	4708.857186751111	0.9360237	0.3
2615.926877184984	750	6.903429982361983	0.0	401853	6813.11462114609	0.95845467	0.75
2620.026797188995	300	6.803509978350953	0.0	137654	4099.92000401103	0.5783872	-0.15000000000000002
2623.2341059854552	300	7.596201181890737	0.0	146754	3207.3087964602164	0.33893725	0.3
2625.47827822206	300	9.35202894528621	0.0	153938	2244.172236604526	0.5109619	0.3
2631.9853371908366	750	6.844969976509429	0.0	425781	6507.058968776782	0.8242034	0.3
2633.3035397846033	300	9.52676738274303	0.0	111155	1318.2025937663977	0.60576695	-0.15000000000000002
2638.99338865265	1200	7.83691851469605	0.0	622896	5689.84886804698	0.84421957	0.29999999999999993
2643.6579054956883	750	7.17240167165805	0.0	400508	4664.516843038	0.87534875	0.3
2645.6447998993376	300	9.18550726800853	0.0	157421	1986.89440364952	0.5489655	-0.15000000000000002
2649.6052432449546	750	9.225063922391643	0.0	400322	3960.4433456168886	0.8678926	0.3
2652.40262669199	750	10.427680475356585	0.0	369834	2797.383447035058	0.9153102	0.75
2654.5058429359806	300	12.32446423136611	0.0	163444	2103.2162439904746	1.0572193	-0.15000000000000002
2657.334853684836	300	13.495453482511	0.0	179328	2829.01074885511	1.0536375	0.3
2660.1823404329607	300	14.647966734386612	0.0	159914	2847.4867481243878	1.0596864	0.3
2665.3405726746146	750	13.489734492732923	0.0	321064	5158.23224165369	1.1358837	0.3
2667.999478190705	300	14.830828976642437	0.0	124011	2658.9055160904863	1.122714	-0.15000000000000002
2671.471169618671	300	15.35913754867611	0.0	144254	3471.6914279663265	1.100056	0.3
2674.817333775732	300	16.012973391614562	0.0	149991	3346.164157061549	1.1055251	0.3
2680.739614594899	750	14.09069257244771	0.0	345516	5922.280819166852	1.1153842	0.3
2682.8012142856114	300	16.029092881735373	0.0	161857	2061.5996907123354	1.0979589	-0.15000000000000002
2684.681155411522	300	18.149151755824978	0.0	145210	1879.9411259104006	1.1505932	0.3
2686.7201619392913	300	20.110145228055764	0.0	172312	2039.0065277692127	1.2366815	0.3
2690.008756867681	750	20.821550299666296	0.0	398987	3288.5949283894697	1.3219666	0.3
2692.9777190828436	750	21.85258808450328	0.0	393804	2968.962215163012	1.4400064	0.75
2701.3155028129618	1850	17.514804354385152	0.0	830730	8337.783730118128	1.508619	0.75
2705.620388439253	1200	17.20991872809386	0.0	550906	4304.885626291291	1.4745195	0.5499999999999999

