17651.2144814736	750	4.0	1.26305294249572	450283	1263.05294249572	1.4354515	-4.681127652731596
17652.20686562158	750	7.00761585201587	0.0	398865	992.3841479841305	0.84565496	0.75
17652.645438019266	300	10.569043454333285	0.0	139857	438.57239768258347	1.1275861	-0.15000000000000002
17653.130508029324	300	14.083973444273077	0.0	155432	485.0700100602078	1.2633818	0.3
17654.622897152607	750	16.591584320988336	0.0	411561	1492.389123284742	1.329179	0.3
17655.354889697664	300	19.859591775931268	0.0	126289	731.992545057066	1.4481089	-0.15000000000000002
17657.78617092848	1200	21.428310545112183	0.0	561791	2431.281230819086	1.3880961	0.29999999999999993
17661.58892855375	1850	21.62555291984386	0.0	1060487	3802.7576252683198	1.4943016	1.2000000000000002
17662.845739891527	750	24.368741582066008	0.0	374758	1256.8113377778525	1.5792787	-0.3500000000000001
17663.35088961693	300	27.86359185666256	0.0	139105	505.1497254034478	1.5121883	-0.15000000000000002
17666.846282337003	1850	28.36819913658809	0.0	939819	3495.3927200744693	1.4917423	0.30000000000000004
17668.922423681794	1200	30.292057791798506	0.0	594078	2076.141344789584	1.597868	0.5499999999999999
17671.03298434896	1200	32.18149712462883	0.0	624282	2110.560667169677	1.5816036	1.2
17675.00126379433	1850	32.21321767926106	0.0	1036454	3968.2794453677716	1.5809978	1.2000000000000002
17677.093234100732	1200	34.12124737285559	0.0	526950	2091.970306405462	1.6214879	0.5499999999999999
17677.67923631593	300	37.5352451576605	0.0	138313	586.0022151950965	1.6039236	-0.6000000000000001
17678.29073631897	300	40.92374515462028	0.0	143509	611.5000030402117	1.5544219	0.3
17679.608579641554	750	43.60590183203275	0.0	372963	1317.8433225875258	1.5757418	0.3
17681.71602512647	750	45.49845634711868	0.0	405596	2107.445484914071	1.6160517	0.75
17685.49921430382	1850	45.71526716976742	0.0	923755	3783.1891773512634	1.6123438	0.75
17689.010598675326	1850	46.20388279826153	0.0	891604	3511.3843715058865	1.6335372	1.85
17691.34614282242	1200	47.86833865116851	0.0	616206	2335.544147093025	1.6397789	0.5499999999999999
17692.72943474118	750	50.48504673240829	0.0	401853	1383.2919187602186	1.6405225	0.3
17700.213477886293	4300	47.0010035872945	0.0	2044075	7484.043145113796	1.6525776	0.75
17707.931109476704	4300	43.28337199688444	0.0	2186790	7717.631590410065	1.3345791	4.3
17716.654103520155	4300	38.560377953433154	0.0	2105231	8722.994043451285	1.3982426	4.3
17720.105948503093	1850	39.10853297049458	0.0	1076599	3451.8449829385754	1.4987223	-0.6000000000000001
17721.711273776804	1200	41.50320769678284	0.0	487160	1605.325273711739	1.646586	0.5499999999999999
17724.728400417447	1850	42.48608105614013	0.0	972798	3017.1266406427067	1.6499937	1.2000000000000002
17734.482869451684	4300	36.73161202190391	0.0	2164140	9754.469034236216	1.6438082	1.8499999999999996
17737.622350935522	1850	37.59213053806532	0.0	873429	3139.4814838385946	1.5157297	-0.6000000000000001
17742.435447625696	1850	36.779033847889686	0.0	954453	4813.09669017563	1.6384203	1.85
17747.004503961536	1850	36.20997751204747	0.0	885062	4569.056335842216	1.6373794	1.85
17750.289675176024	1200	36.924806297558675	0.0	670129	3285.1712144887993	1.649981	0.5499999999999999
17752.525557014495	750	38.68892445908739	0.0	401088	2235.8818384712904	1.6307957	0.3
17754.27266159579	1200	40.94181987779062	0.0	598727	1747.104581296765	1.6170621	0.75
17757.984051626936	1850	41.23042984664777	0.0	728962	3711.390031142849	1.6647911	1.2000000000000002
17762.177577218135	1850	41.0369042554509	0.0	938587	4193.525591196872	1.6427199	1.85
17768.71181694135	2850	38.50266453223297	0.0	1427478	6534.239723217925	1.6416794	1.85
17776.375067175064	4300	34.83941429851998	0.0	2146120	7663.250233712987	1.5723987	2.8499999999999996
17783.89663074532	4300	31.317850728265082	0.0	2108491	7521.563570254905	1.1040422	4.3
17794.377468475344	4300	24.837012998238816	0.0	2184571	10480.837730026265	1.1818924	4.3
17797.834190175836	1850	25.380291297748037	0.0	886255	3456.721700490779	1.5040075	-0.6000000000000001
17805.249990637934	4300	21.964490835645698	0.0	2219102	7415.800462102339	1.6330293	1.8499999999999996
17808.220968882288	1850	22.993512591291882	0.0	958994	2970.978244353816	1.3915215	-0.6000000000000001
17809.400284969306	750	25.814196504271866	0.0	393804	1179.316087020016	1.6426564	-0.3500000000000001
17811.591399003773	1850	27.62308246980562	0.0	830730	2191.114034466246	1.6605679	0.75
17813.369869379847	1200	29.844612093729584	0.0	550906	1778.470376076035	1.6551415	0.5499999999999999

