750.198149580735	750	4.0	5.693969597015465	450283	5693.969597015464	1.5013754	-23.734069267166497
752.0014861759098	300	6.1966634048252285	0.0	155580	1803.336595174772	0.4291714	-0.15000000000000002
755.5269399234965	750	6.671209657238485	0.0	350812	3525.4537475867423	0.7259563	0.3
757.2049538999969	300	8.993195680737966	0.0	155432	1678.0139765005204	0.9704468	-0.15000000000000002
758.8367682672848	300	11.361381313450112	0.0	163442	1631.8143672878527	0.97258955	0.3
762.078146175212	750	12.120003405522807	0.0	318564	3241.3779079273068	1.06204	0.3
767.9047558378137	1200	10.293393742921237	0.0	561791	5826.609662601569	1.1614213	0.75
774.8744123760748	1200	7.3237372046601665	0.0	709534	6969.656538261072	1.1550837	1.2
776.4688387107344	300	9.72931087000061	0.0	150710	1594.4263346595558	1.0111629	-0.6000000000000001
780.5786892729974	750	9.619460307737528	0.0	362795	4109.850562263081	0.96818274	0.3
784.2336512571692	750	9.964498323565763	0.0	353220	3654.961984171764	1.0345174	0.75
785.8794005086318	300	12.318749072103191	0.0	156148	1645.7492514625717	1.0620095	-0.15000000000000002
791.5320058141493	750	10.666143766585673	0.0	386351	5652.605305517518	1.0690905	0.3
794.0675542459797	300	12.130595334755236	0.0	179801	2535.5484318304375	1.0269676	-0.15000000000000002
797.8283238657715	750	12.369825714963417	0.0	337059	3760.769619791819	1.0154897	0.3
802.2712247840744	750	11.926924796660492	0.0	366214	4442.900918302925	1.133387	0.75
804.1977538121314	300	14.00039576860366	0.0	143509	1926.529028056833	1.1066318	-0.15000000000000002
810.1626332667473	750	12.035516313987632	0.0	372963	5964.879454616027	1.0952468	0.3
818.0504643767696	1200	8.147685203965386	0.0	639204	7887.831110022245	1.0666305	0.75
819.6447439013764	300	10.553405679358592	0.0	140881	1594.2795246067944	1.0029057	-0.6000000000000001
821.6102680571271	300	12.587881523607834	0.0	157671	1965.524155750758	0.98240054	0.3
828.0357033278151	750	10.162446252919937	0.0	399894	6425.435270687896	1.0551202	0.3
831.6968449269183	300	10.50130465381672	0.0	163927	3661.1415991032177	0.9786462	-0.15000000000000002
835.1673157425861	300	11.030833838149007	0.0	137654	3470.4708156677125	0.873753	0.3
841.6113746210093	750	8.58677495972576	0.0	359903	6444.058878423245	0.91135633	0.3
843.2997181058287	300	10.898431474906507	0.0	153938	1688.3434848192537	0.7011812	-0.15000000000000002
845.2436369439534	300	12.954512636781702	0.0	181901	1943.9188381248032	0.9768689	0.3
850.0319127241098	1200	12.166236856625277	0.0	487160	4788.275780156427	1.0790265	0.29999999999999993
851.6168050789216	300	14.581344501813447	0.0	153605	1584.8923548118296	1.2298236	-0.6000000000000001
856.5578377056604	750	13.640311875074731	0.0	400508	4941.032626738716	1.1359499	0.3
858.5231352159118	300	15.675014364823342	0.0	157421	1965.2975102513883	1.1515156	-0.15000000000000002
860.6216566348938	300	17.576492945841217	0.0	157488	2098.5214189821254	1.149213	0.3
867.0172686079353	750	15.180880972799837	0.0	369834	6395.611973041378	1.1934168	0.3
886.5121385167104	1200	4.0	4.313988935975292	670129	19494.86990877513	1.1619457	-17.800152424693756
889.3518534295691	300	5.160285087141169	0.0	179328	2839.7149128588308	0.018333646	-0.6000000000000001
891.6103705961802	300	6.9017679205301805	0.0	159914	2258.517166610989	0.12137686	0.3
893.8768075116758	300	8.635331005034685	0.0	131610	2266.436915495495	0.39216805	0.3
895.7366778360262	300	10.775460680684231	0.0	124011	1859.870324350453	0.5860883	0.3
897.8870862172896	300	12.625052299420874	0.0	144254	2150.4083812633576	0.95054424	0.3
899.3857746062997	300	15.12636391041077	0.0	149991	1498.6883890101028	1.0488838	0.3
901.9720345250838	750	16.540103991626623	0.0	345516	2586.2599187841474	1.1879985	0.3
903.0558647485472	300	19.456273768163214	0.0	161857	1083.830223463411	1.3424966	-0.15000000000000002
906.8323310159763	1200	19.67980750073414	0.0	599477	3776.466267429072	1.3686798	0.29999999999999993
911.3418303585416	750	19.17030815816867	0.0	438281	4509.499342565468	1.5490578	0.3
918.5123593738517	1850	15.99977914285865	0.0	958994	7170.529015310021	1.4026431	0.75
919.865391691195	300	18.64674682551532	0.0	160064	1353.0323173433312	1.529754	-1.25
921.3830105870834	300	21.129127929626915	0.0	137507	1517.6188958884054	1.3917834	0.3
929.6875665625572	1200	16.824571954153022	0.0	550906	8304.55597547389	1.4126271	0.29999999999999993

