7411.649225695137	750	4.0	5.127185897414645	450283	5127.185897414644	1.6045693	-21.29689935888297
7413.542507196391	300	6.106718498746048	0.0	155580	1893.2815012539522	0.4819273	-0.15000000000000002
7415.185469098696	300	8.463756596441497	0.0	139857	1642.961902304551	0.7539307	0.3
7419.538018546175	750	8.111207148962142	0.0	382355	4352.549447479354	0.85217816	0.3
7421.394939856434	300	10.254285838704067	0.0	163442	1856.9213102580766	0.86663836	-0.15000000000000002
7423.021018983309	300	12.628206711828053	0.0	126289	1626.0791268760136	0.95167524	0.3
7428.978308310874	1200	10.67091738426318	0.0	561791	5957.289327564873	1.0148302	0.29999999999999993
7433.3240853196685	750	10.325140375468614	0.0	437162	4345.777008794567	1.0629947	0.3
7434.99096946959	300	12.658256225546234	0.0	150710	1666.8841499223795	1.0372174	-0.15000000000000002
7438.962599062227	750	12.686626632909798	0.0	362795	3971.629592636437	1.0629514	0.3
7440.516245677727	300	15.13298001740962	0.0	141840	1553.646615500178	1.1152039	-0.15000000000000002
7442.657674324638	300	16.991551370498936	0.0	156148	2141.4286469106846	1.1518289	0.3
7444.928746416295	300	18.720479278842287	0.0	160746	2271.0720916566515	1.1947863	0.3
7455.406310410601	1850	12.242915284536428	0.0	1036454	10477.563994305858	1.200847	0.30000000000000004
7456.398784698951	300	15.250440996186175	0.0	140051	992.4742883502532	1.2739269	-1.25
7457.277046174866	300	18.372179520271537	0.0	138313	878.2614759146405	1.2218077	0.3
7461.759154516334	1200	17.89007117880374	0.0	617242	4482.108341467797	1.3386501	0.29999999999999993
7462.896343739005	300	20.75288195613281	0.0	150616	1137.1892226709328	1.4292257	-0.6000000000000001
7467.669097297538	1200	19.980128397599426	0.0	639204	4772.753558533383	1.3576474	0.29999999999999993
7472.693120930561	1200	18.956104764576864	0.0	586839	5024.023633022562	1.4377004	1.2
7491.7169127739835	2850	4.0	0.06768707884541436	1415116	19023.791843422277	1.4277685	0.9089455609647183
7494.220071667407	300	5.496841106576467	0.0	157812	2503.1588934235333	0.5170788	-2.25
7497.487679548607	300	6.229233225375975	0.0	163927	3267.607881200493	0.40288064	0.3
7501.020085817521	300	6.696826956461429	0.0	137654	3532.406268914545	0.46199498	0.3
7503.447048549325	300	8.269864224657631	0.0	146754	2426.9627318037974	0.15929389	0.3
7506.3084998940285	300	9.408412879954081	0.0	153938	2861.451344703549	0.7742843	0.3
7509.78317877165	300	9.933734002333278	0.0	181901	3474.6788776208036	0.52265185	0.3
7511.947542335502	300	11.769370438481324	0.0	111155	2164.363563851954	0.805908	0.3
7514.777730527074	300	12.939182246909086	0.0	153605	2830.1881915722392	0.9060552	0.3
7517.19290877131	300	14.524004002672745	0.0	149029	2415.1782442363397	0.9478328	0.3
7523.90962599003	750	11.807286783953368	0.0	358218	6716.717218719378	1.0302557	0.3
7542.222028375828	1200	4.0	6.5051156018448415	620283	18312.40238579821	0.9656525	-27.221997087932817
7548.49587847946	750	4.0	2.2738501036324608	369834	6273.850103632461	0.026946055	-9.477555445619581
7550.422584039706	300	6.073294439754008	0.0	163444	1926.7055602459925	0.045212727	-0.15000000000000002
7553.263164653747	300	7.232713825713411	0.0	179328	2840.5806140405966	0.15601756	0.3
7555.776175176048	300	8.719703303412018	0.0	159914	2513.0105223013943	0.18145742	0.3
7557.759167662189	300	10.736710817271257	0.0	131610	1982.9924861407587	0.70329916	0.3
7565.446842663619	750	7.049035815840907	0.0	361565	7687.675001430351	0.7298916	0.3
7568.178307256176	300	8.317571223283045	0.0	144254	2731.4645925578625	0.15312782	-0.15000000000000002
7570.67372177153	300	9.822156707928977	0.0	149991	2495.414515354067	0.47901142	0.3
7575.031426748066	750	9.464451731392332	0.0	345516	4357.7049765366455	0.86174977	0.3
7578.6713853815145	750	9.82449309794413	0.0	384505	3639.9586334482033	0.8953745	0.75
7582.43055070267	750	10.06532777678794	0.0	372093	3759.165321156187	1.0149636	0.75
7587.7846123992285	750	8.711266080229947	0.0	438281	5354.061696557995	1.0022054	0.75
7590.963268752339	300	9.532609727119867	0.0	167025	3178.6563531100796	0.8717253	-0.15000000000000002
7594.193532564462	300	10.302345914997403	0.0	160064	3230.263812122465	0.83267707	0.3
7597.508175080211	300	10.98770339924849	0.0	137507	3314.6425157489116	0.9067404	0.3
7599.697598021102	300	12.798280458356839	0.0	118421	2189.4229408916503	0.91792303	0.3

