3413.363365754978	750	4.0	5.693969597015465	450283	5693.969597015464	0.26355585	-23.734069267166497
3415.166702350153	300	6.1966634048252285	0.0	155580	1803.336595174772	0.44811818	-0.15000000000000002
3418.69215609774	750	6.671209657238485	0.0	350812	3525.4537475867423	0.7574244	0.3
3420.3701700742404	300	8.993195680737966	0.0	155432	1678.0139765005204	0.8215913	-0.15000000000000002
3422.0019844415283	300	11.361381313450112	0.0	163442	1631.8143672878527	0.87005436	0.3
3423.3100088654883	300	14.05335688949015	0.0	126289	1308.024423959963	1.010436	0.3
3424.9233637648535	300	16.440001990124504	0.0	153295	1613.3548993656443	1.0882152	0.3
3426.816299255474	300	18.547066499504115	0.0	173849	1892.935490620386	1.1845781	0.3
3428.521820341703	300	20.841545413275153	0.0	150710	1705.521086228965	1.2844814	0.3
3432.1070101925457	750	21.256355562432763	0.0	362795	3585.1898508423874	1.3078467	0.3
3435.5391054187944	750	21.824260336183904	0.0	353220	3432.0952262488618	1.3823063	0.75
3441.7981498264935	1200	19.565215928484715	0.0	594078	6259.044407699189	1.3884567	0.75
3448.34388719083	1200	17.019478564148407	0.0	624282	6545.737364336307	1.3864188	1.2
3454.4206146536962	750	14.942751101281909	0.0	434409	6076.7274628665	1.3316027	0.3
3456.4446410138257	300	16.918724741152314	0.0	140051	2024.0263601295976	1.2106544	-0.15000000000000002
3458.2476393540037	300	19.115726400974708	0.0	138313	1802.998340177606	1.1900902	0.3
3470.2177874705358	1850	11.145578284442344	0.0	966699	11970.148116532364	1.2412249	0.30000000000000004
3481.839530629754	1850	4.0	0.4761648747757918	885714	11621.743159218136	1.163049	-0.1975089615359047
3483.766868437607	300	6.07266219214662	0.0	165384	1927.3378078533801	0.16548501	-1.25
3485.6233977261973	300	8.216132903556764	0.0	140881	1856.529288589856	0.3070412	0.3
3488.195269776806	300	9.644260852947994	0.0	157671	2571.8720506087675	0.6249433	0.3
3491.009782043301	300	10.829748586453018	0.0	157812	2814.5122664949777	0.8314707	0.3
3494.622558883202	300	11.21697174655186	0.0	163927	3612.776839901159	0.87178546	0.3
3498.0518737572443	300	11.787656872510214	0.0	137654	3429.3148740416455	0.8488281	0.3
3501.456712353422	300	12.382818276332282	0.0	146754	3404.838596177931	0.8937008	0.3
3506.4817412160814	750	11.357789413672679	0.0	379700	5025.028862659603	0.92867464	0.3
3513.384136466592	1200	8.455394163162826	0.0	696376	6902.395250509854	0.9632003	0.75
3516.743657366914	750	9.095873262840643	0.0	277716	3359.5209003221826	0.95115405	0.3
3521.4738978582986	750	8.365632771455505	0.0	400396	4730.240491385139	0.9075978	0.75
3523.45318335126	300	10.386347278494405	0.0	149029	1979.2854929610999	0.8021474	-0.15000000000000002
3525.7288858143343	300	12.110644815420278	0.0	157421	2275.702463074127	0.8862133	0.3
3528.290021615812	300	13.549509013942897	0.0	157488	2561.1358014773796	0.9662822	0.3
3546.198841248835	1200	4.0	4.359310619080312	584349	17908.81963302321	1.0123185	-18.445035662045342
3549.879607352069	300	4.319233896765965	0.0	163444	3680.7661032340347	0.028417747	-0.6000000000000001
3552.6521883056407	300	5.546652943194296	0.0	179328	2772.5809535716685	0.037129	0.3
3554.9259741474098	300	7.272867101424992	0.0	159914	2273.7858417693046	0.12270191	0.3
3557.1845298543276	300	9.014311394507255	0.0	131610	2258.555706917738	0.22693203	0.3
3559.0444001786777	300	11.154441070156802	0.0	124011	1859.870324350453	0.80222094	0.3
3563.187665998634	750	11.01117525020015	0.0	378327	4143.265819956651	0.81872374	0.3
3564.4009380108755	300	13.797903237959025	0.0	149991	1213.2720122411265	1.000052	-0.15000000000000002
3566.619004532261	750	15.579836716573926	0.0	345516	2218.066521385099	1.1521875	0.3
3567.5789279876985	300	18.619913261136215	0.0	161857	959.9234554377107	1.3653442	-0.15000000000000002
3568.450457998907	300	21.748383249927343	0.0	145210	871.5300112088705	1.4337382	0.3
3576.5062154547186	1850	17.6926257941159	0.0	973972	8055.757455811443	1.4984043	0.30000000000000004
3580.0496952046083	750	18.1491460442265	0.0	398987	3543.479749889402	1.496526	-0.3500000000000001
3585.6764859445093	1200	16.522355304325302	0.0	638661	5626.7907399012	1.4457144	0.75
3594.1604835265553	1200	12.038357722279645	0.0	538612	8483.997582045657	1.4826802	1.2
3603.9710924452297	1200	6.227748803605424	0.0	550906	9810.608918674221	1.2542897	1.2

