13078.499655212878	750	4.0	5.259051639025879	450283	5259.051639025879	1.4759789	-21.86392204781128
13080.044881275528	300	6.454773937350686	0.0	155580	1545.2260626493135	0.47626105	-0.15000000000000002
13081.507791942226	300	8.991863270652232	0.0	139857	1462.9106666984549	0.85864747	0.3
13082.862316376837	300	11.637338836041588	0.0	155432	1354.5244346106435	1.0086274	0.3
13086.669438341667	750	11.830216871210647	0.0	411561	3807.1219648309425	1.101414	0.3
13091.494726000694	1200	11.004929212184052	0.0	520315	4825.287659026594	1.1699202	0.75
13092.848923102689	300	13.650732110191194	0.0	153295	1354.1971019928574	1.216495	-0.6000000000000001
13095.994357348074	750	14.505297864805456	0.0	437162	3145.434245385739	1.1406024	0.3
13099.281407004932	750	15.218248207946875	0.0	374758	3287.0496568585813	1.2459952	0.75
13101.134615466666	750	17.36503974621243	0.0	362795	1853.2084617344449	1.2440785	0.75
13103.178468006368	750	19.32118720650955	0.0	353220	2043.8525397028825	1.3453994	0.75
13104.089912908465	300	22.4097423044143	0.0	156148	911.4449020952492	1.350926	-0.15000000000000002
13106.567290033488	750	23.932365179392175	0.0	386351	2477.377125022125	1.3088803	0.3
13112.414400161715	1850	22.08525505116392	0.0	1036454	5847.110128228254	1.3830278	0.75
13116.466708327896	1200	22.032946884981452	0.0	526950	4052.3081661824685	1.5115074	0.5499999999999999
13118.364781400174	750	24.134873812705308	0.0	366214	1898.073072276144	1.4200379	0.3
13120.261749957317	750	26.237905255561383	0.0	360831	1896.9685571439268	1.4192736	0.75
13121.148683290508	300	29.350971922370736	0.0	150616	886.9333331906444	1.4356564	-0.15000000000000002
13124.334235364197	1200	30.165419848680965	0.0	639204	3185.5520736897693	1.3841814	0.29999999999999993
13126.671100638676	750	31.828554574200908	0.0	350713	2336.865274480056	1.5482347	0.3
13130.175851080085	1200	32.32380413279338	0.0	601738	3504.7504414075306	1.4579144	0.75
13134.962981882707	1850	31.53667333017202	0.0	955231	4787.130802621357	1.5510969	1.2000000000000002
13137.002851434218	750	33.496803778660826	0.0	401853	2039.869551511198	1.6597419	-0.3500000000000001
13141.316282388676	1850	33.183372824202905	0.0	874175	4313.4309544579255	1.51931	0.75
13156.241807478338	4300	22.257847734539972	0.0	2186790	14925.52508966293	1.6862527	1.8499999999999996
13162.864239314475	1850	19.635415898405	0.0	905935	6622.4318361349715	1.5914441	-0.6000000000000001
13168.005396192806	1200	18.49425902007312	0.0	696376	5141.156878331881	1.4870939	0.5499999999999999
13171.14450328169	1200	19.355151931189706	0.0	487160	3139.107088883416	1.4142548	1.2
13174.964657718667	1200	19.534997494214334	0.0	622896	3820.1544369753715	1.4581214	1.2
13178.111454394386	1200	20.388200818495765	0.0	641447	3146.796675718571	1.4590162	1.2
13184.138168726344	1850	18.36148648653768	0.0	873429	6026.714331958085	1.4994	1.2000000000000002
13191.208300728733	1850	15.291354484148723	0.0	954453	7070.132002388957	1.4910415	1.85
13194.192456173783	750	16.3071990390987	0.0	369834	2984.1554450500253	1.420345	-0.3500000000000001
13195.427395493645	300	19.072259719237323	0.0	163444	1234.9393198613745	1.3116072	-0.15000000000000002
13200.068977469493	750	18.43067774339045	0.0	401088	4641.581975846872	1.3011023	0.3
13201.617338266917	300	20.882316945967183	0.0	159914	1548.3607974232639	1.3151863	-0.15000000000000002
13202.73709432049	300	23.762560892394742	0.0	131610	1119.7560535724444	1.3209252	0.3
13207.806068090787	1200	22.693587122096154	0.0	575591	5068.973770298586	1.3735089	0.29999999999999993
13216.22500032684	1850	18.274654886042207	0.0	908665	8418.932236053948	1.4966187	1.2000000000000002
13225.195729524405	1850	13.3039256884792	0.0	930577	8970.729197563007	1.4706767	1.85
13226.837881256833	300	15.661773956049327	0.0	147968	1642.151732429875	1.3482068	-1.25
13230.955187019881	750	15.544468193002187	0.0	384505	4117.3057630471385	1.2515864	0.3
13235.990236328815	750	14.509418884068294	0.0	372093	5035.049308933893	1.3184644	0.75
13240.273174521906	750	14.226480690976217	0.0	438281	4282.938193092077	1.2593372	0.75
13244.188546362642	750	14.311108850240815	0.0	398987	3915.3718407354027	1.2999395	0.75
13253.613865100953	1850	8.88579011192854	0.0	982064	9425.318738312275	1.315517	0.75
13257.489532817624	750	9.010122395258445	0.0	331053	3875.6677166700933	1.2103008	-0.3500000000000001
13259.048277337513	300	11.451377875368395	0.0	118421	1558.7445198900516	1.0921471	-0.15000000000000002

