11919.007531683525	750	4.0	5.259051639025879	450283	5259.051639025879	1.4348196	-21.86392204781128
11920.552757746174	300	6.454773937350686	0.0	155580	1545.2260626493135	0.4735836	-0.15000000000000002
11923.717127571126	750	7.290404112399548	0.0	350812	3164.369824951139	0.78661114	0.3
11927.309982176945	750	7.697549506581868	0.0	382355	3592.854605817679	0.86415154	0.75
11933.238851982229	1200	5.768679701297385	0.0	652874	5928.869805284484	0.8763128	0.75
11934.19319018723	300	8.814341496294356	0.0	126289	954.3382050030297	0.86796355	-0.6000000000000001
11935.297532252675	300	11.709999430849432	0.0	153295	1104.342065444924	0.9223891	0.3
11936.753431366807	300	14.254100316716942	0.0	173849	1455.8991141324902	1.0772877	0.3
11938.565903564886	300	16.441628118638043	0.0	150710	1812.4721980788977	1.202672	0.3
11939.525420105147	300	19.48211157837662	0.0	139105	959.5165402614205	1.2382519	0.3
11940.347991113193	300	22.65954057032897	0.0	141840	822.5710080476483	1.3314322	0.3
11945.573633803671	1850	21.433897879851965	0.0	917428	5225.642690477008	1.4047883	0.30000000000000004
11948.904767423872	1200	22.10276425965144	0.0	624282	3331.133620200524	1.5635053	0.5499999999999999
11952.98417965374	1200	22.023352029783396	0.0	687371	4079.412229868044	1.5062094	1.2
11955.986837455777	750	23.020694227745203	0.0	337059	3002.657802038191	1.5153171	0.3
11957.97644374442	750	25.0310879391041	0.0	366214	1989.6062886411023	1.4523752	0.75
11958.769776062503	300	28.237755621018987	0.0	143509	793.3323180851148	1.4902014	-0.15000000000000002
11959.694992439732	300	31.31253924379034	0.0	150616	925.2163772286459	1.4792591	0.3
11960.591485290364	300	34.41604639315873	0.0	165384	896.4928506316076	1.489453	0.3
11963.547035464086	1200	35.46049621943627	0.0	586839	2955.5501737224563	1.5320535	0.29999999999999993
11965.677414723299	750	37.33011696022259	0.0	386472	2130.3792592136806	1.5929046	0.3
11969.500730007989	1200	37.506801675531904	0.0	616206	3823.315284690688	1.5833524	0.75
11977.144039864435	2850	33.86349181908604	0.0	1505760	7643.309856445861	1.5940077	1.2000000000000002
11981.356558555395	1850	33.65097312812691	0.0	874175	4212.518690959137	1.6237568	0.8500000000000001
11987.288130524425	1850	31.719401159096144	0.0	897976	5931.5719690307615	1.6083044	1.85
11993.463127645644	1850	29.544404037877374	0.0	905935	6174.997121218771	1.5905721	1.85
11998.858126697314	1200	28.149404986205955	0.0	696376	5394.9990516714215	1.5841262	0.5499999999999999
12004.21799681158	1850	26.789534871940347	0.0	758197	5359.870114265605	1.5693488	1.2000000000000002
12007.253220215873	750	27.75431146764883	0.0	400396	3035.223404291518	1.5780076	-0.3500000000000001
12010.23644240644	750	28.771089277080193	0.0	400508	2983.2221905686356	1.524883	0.75
12011.155179239746	300	31.852352443774706	0.0	157421	918.7368333054872	1.548764	-0.15000000000000002
12013.726228396556	750	33.28130328696524	0.0	400322	2571.049156809473	1.5340884	0.3
12016.756673395785	1200	34.250858287736364	0.0	584349	3030.4449992288723	1.580327	0.75
12018.893481865221	750	36.11404981829969	0.0	412837	2136.8084694366758	1.6079429	0.3
12021.313123843753	750	37.694407839768616	0.0	401088	2419.6419785310713	1.6079153	0.75
12038.08094720448	4300	24.92658447904095	0.0	2143948	16767.823360727667	1.6234359	0.75
12044.855597606307	1850	22.151934077213287	0.0	728962	6774.650401827663	1.5998341	-0.6000000000000001
12064.862248161975	4300	6.145283521543959	0.0	2147467	20006.650555669326	1.5644083	1.8499999999999996
12066.63913263445	300	8.368399049069787	0.0	144254	1776.8844724741732	1.1799152	-3.7
12068.095477175784	300	10.912054507736372	0.0	149991	1456.3445413334166	0.8519392	0.3
12071.999091017302	750	11.008440666217073	0.0	345516	3903.6138415192977	1.1341615	0.3
12074.45560721745	300	12.551924466069753	0.0	161857	2456.5162001473204	1.00236	-0.15000000000000002
12076.344062846227	300	14.663468837293276	0.0	145210	1888.4556287764765	1.0720875	0.3
12085.817638203634	1850	9.189893479885088	0.0	973972	9473.575357408188	1.1141819	0.30000000000000004
12089.819280530308	750	9.188251153212054	0.0	398987	4001.642326673035	1.1764086	-0.3500000000000001
12093.589833365348	750	9.41769831817301	0.0	393804	3770.5528350390437	1.0208837	0.75
12099.756292089884	1200	7.251239593636534	0.0	538612	6166.458724536476	1.0568659	0.75
12104.163207976002	750	6.844323707517139	0.0	314107	4406.915886119395	0.7898132	0.3

