1653.7386898818688	750	4.0	2.4304790559882594	450283	2430.4790559882595	1.4671293	-9.701059940749515
1657.8747771737715	1200	4.0	0.13608729190266786	611087	4136.087291902668	1.0378292	0.16482464481852815
1660.092218155717	750	5.78255901805454	0.0	350812	2217.440981945459	1.0601571	0.3
1661.090743978005	300	8.784033195766428	0.0	155432	998.5258222881124	1.035837	-0.15000000000000002
1663.5418036229726	750	10.332973550799133	0.0	411561	2451.0596449672935	1.057335	0.3
1666.2629324757293	750	11.611844698042514	0.0	318564	2721.1288527566185	1.207994	0.75
1668.1498428081168	300	13.724934365654942	0.0	153295	1886.9103323875713	1.1798314	-0.15000000000000002
1669.6582928549628	300	16.216484318808746	0.0	173849	1508.450046846195	1.1048487	0.3
1670.751266155195	300	19.123511018576778	0.0	150710	1092.97330023197	1.1853122	0.3
1673.3663064258424	750	20.50847074792919	0.0	362795	2615.040270647585	1.2432107	0.3
1682.323371944182	1200	15.551405229589673	0.0	607410	8957.065518339517	1.3316466	0.75
1692.3632900491043	750	9.51148712466761	0.0	405134	10039.918104922062	1.2254698	0.3
1696.099585720325	300	9.77519145344688	0.0	160746	3736.295671220731	0.690752	-0.15000000000000002
1704.4523129761035	750	5.422464197668332	0.0	434409	8352.727255778547	0.8119864	0.3
1705.7358398848655	300	8.138937288906295	0.0	140051	1283.5269087620372	0.23854695	-0.15000000000000002
1710.4042131706199	750	7.470564003151945	0.0	366214	4668.37328575435	0.8786057	0.3
1711.6592259823854	300	10.215551191386462	0.0	143509	1255.0128117654829	0.7983086	-0.15000000000000002
1712.6691684034804	300	13.205608770291596	0.0	150616	1009.9424210948661	0.9965836	0.3
1717.144397000423	750	12.730380173349035	0.0	405596	4475.228596942561	1.1424211	0.3
1722.3779855299845	1200	11.496791643787306	0.0	586839	5233.588529561728	1.1210469	0.75
1725.1860365153334	1200	12.688740658438375	0.0	601738	2808.05098534893	1.1958652	1.2
1728.6547298022354	1200	13.220047371536468	0.0	616206	3468.6932869019065	1.357527	1.2
1730.7411552416788	750	15.133621932092876	0.0	401853	2086.425439443592	1.3418585	0.3
1733.5162084643055	1200	16.35856870946652	0.0	536667	2775.053222626353	1.3219734	0.75
1735.8198949425419	1200	18.054882231230025	0.0	587236	2303.6864782364955	1.4195269	1.2
1739.43665316863	1850	18.438124005141777	0.0	905935	3616.758226088247	1.4840229	1.2000000000000002
1741.2825098176204	750	20.592267356151442	0.0	425781	1845.856648990336	1.561206	-0.3500000000000001
1743.198649131514	1200	22.676128042258043	0.0	487160	1916.1393138934009	1.4351485	0.75
1744.928881918066	750	24.94589525570596	0.0	400396	1730.2327865520824	1.5421757	0.3
1746.9641140871886	750	26.910663086583305	0.0	400508	2035.2321691226523	1.4783121	0.75
1748.986197166741	750	28.888580007030747	0.0	358218	2022.0830795525635	1.4770412	0.75
1755.7958077062187	2850	26.07896946755312	0.0	1497683	6809.610539477629	1.4867285	0.75
1761.3656277499551	1200	24.509149423816726	0.0	584349	5569.820043736391	1.4951937	-0.44999999999999996
1770.8752888307304	1850	18.999488343041353	0.0	1035329	9509.661080775373	1.4674958	1.2000000000000002
1782.2853348698345	1850	11.5894423039372	0.0	1026056	11410.046039104152	1.4276481	1.85
1783.1573778314344	300	14.717399342337336	0.0	159914	872.0429615998647	1.1908749	-1.25
1785.7935018597827	1200	16.081275313989	0.0	487812	2636.124028348337	1.2907407	0.29999999999999993
1789.1252350467387	1200	16.749542127033077	0.0	575591	3331.7331869559207	1.4900025	1.2
1796.7610108325541	1850	13.113766341217655	0.0	908665	7635.775785815422	1.4850173	1.2000000000000002
1798.1244767253208	750	15.75030044845096	0.0	390680	1363.4658927666976	1.3926847	-0.3500000000000001
1803.81781420498	1850	14.056962968791606	0.0	858450	5693.337479659352	1.5094266	0.75
1805.3647544298726	300	16.510022743899228	0.0	161857	1546.9402248923807	1.5024523	-1.25
1810.4077015955736	1200	15.467075578198235	0.0	599477	5042.947165700991	1.2825807	0.29999999999999993
1817.7376114205383	1850	12.137165753233699	0.0	973972	7329.909824964536	1.4299835	1.2000000000000002
1822.1587450232612	1200	11.716032150510644	0.0	630203	4421.1336027230545	1.4203813	0.5499999999999999
1827.2983844166638	1200	10.576392757108243	0.0	638661	5139.639393402401	1.363676	1.2
1831.28863920936	1200	10.586137964411975	0.0	538612	3990.2547926962675	1.2872294	1.2
1832.314482634082	300	13.560294539690084	0.0	118421	1025.843424721891	1.3296205	-0.6000000000000001

