24221.431640645347	750	4.0	5.8396300502769165	450283	5839.630050276916	0.84631443	-24.36040921619074
24223.671859021095	300	5.759781624254254	0.0	155580	2240.2183757457465	0.41464797	-0.15000000000000002
24225.0999508553	300	8.331689790048644	0.0	139857	1428.0918342056093	0.56275886	0.3
24226.443209752753	300	10.988430892596813	0.0	155432	1343.2588974518294	0.9815622	0.3
24227.875546661176	300	13.556093984173181	0.0	163442	1432.3369084236328	1.0751623	0.3
24232.769448192503	1200	12.66219245284693	0.0	520315	4893.901531326252	1.153651	0.29999999999999993
24238.119367340434	1200	11.31227330491424	0.0	561791	5349.919147932689	1.2588093	1.2
24242.299343082956	750	11.132297562390773	0.0	437162	4179.975742523467	1.2040492	0.3
24243.65794349226	300	13.773697153087234	0.0	150710	1358.600409303539	1.1024189	-0.15000000000000002
24244.887782319773	300	16.543858325573304	0.0	139105	1229.8388275139332	1.1381851	0.3
24248.824094765394	750	16.607545879951395	0.0	353220	3936.3124456219084	1.2005676	0.3
24250.82429843104	300	18.607342214306342	0.0	156148	2000.2036656450514	1.2483367	-0.15000000000000002
24256.35936135011	1200	17.07227929523451	0.0	624282	5535.0629190718355	1.2085793	0.29999999999999993
24257.994267814982	300	19.437372830363472	0.0	179801	1634.9064648710373	1.3420125	-0.6000000000000001
24265.380101805767	1200	16.05153883957734	0.0	526950	7385.833990786131	1.2448046	0.29999999999999993
24270.007548344547	750	15.424092300798007	0.0	366214	4627.446538779333	1.2659124	0.3
24277.695791096896	1200	11.735849548451068	0.0	617242	7688.242752346939	1.2207929	0.75
24280.615979516202	300	12.81566112914591	0.0	150616	2920.188419305158	1.1553446	-0.6000000000000001
24285.368054304214	750	12.063586341135533	0.0	405596	4752.074788010377	1.0325434	0.3
24287.273980872593	300	14.157659772753417	0.0	140881	1905.9265683821154	1.1200875	-0.15000000000000002
24296.317007238904	1200	9.11463340644507	0.0	601738	9043.026366308348	1.1113763	0.29999999999999993
24298.586472639483	300	10.84516800586653	0.0	157812	2269.465400578539	1.0117533	-0.6000000000000001
24303.148520468305	1200	10.28312017704486	0.0	656471	4562.04782882167	0.9651886	0.29999999999999993
24305.760729200512	750	11.670911444836733	0.0	343800	2612.208732208128	1.2156531	0.3
24309.92386392029	1200	11.507776725057413	0.0	587236	4163.13471977932	1.1738262	0.75
24313.98670213151	1200	11.4449385138394	0.0	590335	4062.8382112180125	1.2604433	1.2
24319.26175050231	1200	10.169890143039323	0.0	696376	5275.048370800077	1.2603184	1.2
24320.12606853265	300	13.305572112701336	0.0	111155	864.318030337986	1.1860247	-0.6000000000000001
24323.044141798648	750	14.387498846703274	0.0	400396	2918.0732659980613	1.1362541	0.3
24327.872836228533	1200	13.558804416819454	0.0	641447	4828.694429883821	1.2598709	0.75
24332.534632488725	1200	12.897008156629003	0.0	570392	4661.796260190452	1.3023422	1.2
24343.588356145523	1850	5.843284499827658	0.0	954453	11053.723656801345	1.2803739	1.2000000000000002
24344.98706024297	300	8.444580402383055	0.0	143881	1398.7040974446022	0.7515905	-1.25
24346.50322698811	300	10.928413657245244	0.0	163444	1516.16674513781	0.87663	0.3
24349.698931655214	750	11.732708990137157	0.0	401088	3195.704667108088	1.0309045	0.3
24352.07268375933	750	13.358956886021645	0.0	365161	2373.752104115512	1.1802762	0.75
24355.617427345478	1200	13.814213299871513	0.0	487812	3544.7435861501313	1.2894155	0.75
24361.255387393023	1200	12.176253252324539	0.0	575591	5637.960047546974	1.3721042	1.2
24364.933288864562	750	12.49835178078938	0.0	378327	3677.901471535161	1.2531087	0.3
24366.71400801351	300	14.717632631840852	0.0	149991	1780.719148948527	1.1884557	-0.15000000000000002
24372.30621487792	1200	13.125425767427856	0.0	566904	5592.206864412997	1.1901392	0.29999999999999993
24378.16641372205	1200	11.265226923300784	0.0	641452	5860.198844127072	1.3109834	1.2
24383.68341427556	1200	9.748226369788382	0.0	599477	5517.000553512399	1.2479864	1.2
24390.304290619184	1200	7.12735002616664	0.0	634861	6620.876343621742	1.1965996	1.2
24392.25264274557	300	9.17899789978148	0.0	167025	1948.3521263851612	1.0299522	-0.6000000000000001
24394.769764134442	300	10.661876510911332	0.0	160064	2517.121388870148	0.98874	0.3
24400.509255270517	750	8.92238537483261	0.0	331053	5739.491136078723	1.0338826	0.3
24402.924866870126	300	10.506773775226485	0.0	118421	2415.611599606126	0.94586676	-0.15000000000000002

