23081.121782504386	750	4.0	4.043612194844198	450283	4043.6121948441983	1.5360621	-16.63753243783005
23082.7782409115	300	6.343541592888147	0.0	155580	1656.458407111853	0.55898374	-0.15000000000000002
23085.50856314883	750	7.613219355558489	0.0	350812	2730.322237329658	0.7882457	0.3
23086.513232253514	300	10.608550250873234	0.0	155432	1004.669104685253	0.89745855	-0.15000000000000002
23087.537236743272	300	13.58454576111539	0.0	163442	1024.0044897578466	1.0103403	0.3
23092.47262737336	1200	12.649155131024898	0.0	520315	4935.39063009049	1.2050775	0.29999999999999993
23094.162334620094	300	14.959447884288409	0.0	153295	1689.7072467364894	1.2431372	-0.6000000000000001
23099.22019752699	750	13.901584977397999	0.0	437162	5057.86290689041	1.1753628	0.3
23101.292733403017	300	15.829049101370357	0.0	150710	2072.5358760276413	1.2190473	-0.15000000000000002
23103.156548082643	300	17.96523442174451	0.0	139105	1863.814679625847	1.199946	0.3
23104.887343973893	300	20.23443853049302	0.0	141840	1730.7958912514932	1.2779055	0.3
23106.424206738888	300	22.697575765498943	0.0	156148	1536.8627649940754	1.2927738	0.3
23110.326703661816	1200	22.79507884257118	0.0	624282	3902.496922927765	1.3406538	0.29999999999999993
23119.644657059136	1850	17.477125445251882	0.0	1036454	9317.953397319296	1.47758	1.2000000000000002
23123.220742573558	1200	17.90103993083096	0.0	526950	3576.0855144209236	1.4289538	0.5499999999999999
23129.269649059926	1200	15.852133444465176	0.0	587876	6048.906486365783	1.4435543	1.2
23131.190135190234	300	17.93164731415591	0.0	143509	1920.4861303092632	1.3438171	-0.6000000000000001
23138.93291883241	1200	14.188863671980897	0.0	581493	7742.783642175014	1.2572736	0.29999999999999993
23145.004794942855	1200	12.116987561536073	0.0	639204	6071.876110444824	1.240241	1.2
23147.874187873942	750	13.247594630450715	0.0	350713	2869.3929310853578	1.1812532	0.3
23150.183517072564	300	14.9382654318262	0.0	157671	2309.329198624515	1.2358162	-0.15000000000000002
23153.08865842223	300	16.033124082159002	0.0	157812	2905.1413496671967	1.1201392	0.3
23158.058918176554	750	15.062864327838142	0.0	401853	4970.25975432086	1.1270375	0.3
23163.416030870972	750	13.70575163341752	0.0	343800	5357.112694420623	1.1775771	0.75
23167.185215143207	300	13.936567361182734	0.0	146754	3769.1842722347874	1.0907251	-0.15000000000000002
23170.27647579532	300	14.845306709074556	0.0	153938	3091.2606521081766	1.0135596	0.3
23172.216169848605	300	16.90561265578479	0.0	181901	1939.6940532897656	1.0262696	0.3
23174.379521790463	750	18.742260713928975	0.0	277716	2163.351941855813	1.194965	0.3
23180.649136934167	1200	16.47264557022568	0.0	622896	6269.615143703298	1.3491118	0.75
23181.99091029746	300	19.130872206935106	0.0	149029	1341.7733632905718	1.3188282	-0.6000000000000001
23183.57395020251	300	21.547832301885943	0.0	157421	1583.03990504916	1.310107	0.3
23192.268274176662	1200	16.853508327735252	0.0	620283	8694.323974150691	1.3735994	0.29999999999999993
23193.108026334143	300	20.013756170252485	0.0	143881	839.75215748277	1.3187128	-0.6000000000000001
23194.692172751456	750	22.429609752938635	0.0	412837	1584.1464173138488	1.3977093	0.3
23197.53991359235	1200	23.581868912046914	0.0	690253	2847.740840891721	1.5305738	0.75
23200.17352182206	1200	24.94826068233362	0.0	598727	2633.608229713298	1.5861734	1.2
23202.47560298589	1200	26.64617951850221	0.0	487812	2302.081163831409	1.6224743	1.2
23205.873858796658	1850	27.24792370773504	0.0	938587	3398.2558107671694	1.5938566	1.2000000000000002
23210.549777172935	2850	26.572005331461863	0.0	1427478	4675.918376273177	1.6343076	1.85
23215.546086688413	1850	25.57569581598365	0.0	930577	4996.309515478211	1.61315	0.8500000000000001
23221.022153155223	750	24.099629349176684	0.0	345516	5476.066466806965	1.626272	-0.3500000000000001
23230.811591860907	2850	18.310190643490316	0.0	1527299	9789.43870568637	1.516614	0.75
23234.315632306538	1850	18.806150197861644	0.0	886255	3504.0404456286724	1.5588471	0.8500000000000001
23237.890061041053	1850	19.231721463346844	0.0	973972	3574.4287345148	1.5911196	1.85
23240.304447530198	1200	20.817334974202762	0.0	630203	2414.3864891440835	1.6026785	0.5499999999999999
23241.933823497253	750	23.18795900714715	0.0	393804	1629.3759670556099	1.5960795	0.3
23245.975343365768	1850	23.146439138636953	0.0	830730	4041.5198685101986	1.6171713	0.75
23250.578996965385	1200	22.54278553901567	0.0	550906	4603.6535996212815	1.6229281	0.5499999999999999

