20017.747048268975	750	4.0	2.855960794164828	450283	2855.9607941648283	1.1012658	-11.530631414908761
20018.556060253177	300	7.1909880157968455	0.0	155580	809.011984203154	0.9289661	-0.15000000000000002
20019.06790069422	300	10.679147574754575	0.0	139857	511.8404410422698	1.0973653	0.3
20019.631389744256	300	14.115658524716773	0.0	155432	563.4890500378017	1.2505314	0.3
20021.315611276368	750	16.431436992604144	0.0	411561	1684.2215321126293	1.2985258	0.3
20022.018669359564	300	19.728378909407393	0.0	126289	703.0580831967492	1.3794328	-0.15000000000000002
20024.980572099517	1200	20.766476169454975	0.0	561791	2961.9027399524193	1.2902263	0.29999999999999993
20025.980842985606	300	23.766205283370805	0.0	173849	1000.270886084171	1.442102	-0.6000000000000001
20031.284516732674	1850	22.462531536298968	0.0	852833	5303.673747071835	1.3113804	0.30000000000000004
20035.768004916048	1850	21.979043352924908	0.0	913888	4483.488183374059	1.5006312	1.85
20037.92123732703	1200	23.825810941943832	0.0	607410	2153.232410981076	1.5266287	0.5499999999999999
20040.566485176467	1200	25.180563092507466	0.0	594078	2645.247849436368	1.5155337	1.2
20041.290616179478	300	28.456432089495927	0.0	160746	724.1310030115393	1.501196	-0.6000000000000001
20042.034569533564	300	31.712478735408116	0.0	179801	743.9533540878126	1.3983394	0.3
20042.525282166785	300	35.22176610218723	0.0	140051	490.7126332208818	1.4334139	0.3
20045.639886299203	1850	36.1071619697682	0.0	923170	3114.604132419036	1.475163	0.30000000000000004
20052.217577855616	2850	33.52947041335543	0.0	1491626	6577.691556412765	1.6848338	1.85
20059.88632070609	2850	29.860727562884712	0.0	1358801	7668.742850470722	1.4800565	2.85
20073.154851171283	4300	20.592197097691912	0.0	2220726	13268.530465192802	1.6344341	2.8499999999999996
20077.060310175944	1200	20.686738093030492	0.0	586839	3905.459004661419	1.5992128	-1.9000000000000001
20081.068784357427	1200	20.678263911547155	0.0	601738	4008.47418148334	1.4485794	1.2
20083.3980642694	750	22.34898399957327	0.0	399894	2329.279911973883	1.4494113	0.3
20086.87726330102	1200	22.869784967955884	0.0	656471	3479.1990316173865	1.4208057	0.75
20092.276558517464	1200	21.47048975151234	0.0	536667	5399.295216443545	1.496462	1.2
20093.619878100668	300	24.127170168310094	0.0	146754	1343.3195832022413	1.410874	-0.6000000000000001
20094.764524988877	300	26.982523280098153	0.0	153938	1144.646888211939	1.3232607	0.3
20097.90493848163	750	27.84210978734336	0.0	425781	3140.413492754791	1.3630012	0.3
20098.875398183274	300	30.871650085701873	0.0	111155	970.4597016414887	1.439239	-0.15000000000000002
20108.035591679887	1850	25.71145658908908	0.0	972798	9160.193496612792	1.384704	0.30000000000000004
20112.17683019222	750	25.57021807675421	0.0	400508	4141.238512334874	1.492486	-0.3500000000000001
20118.067859616825	1200	23.679188652147374	0.0	570392	5891.029424606832	1.4010959	0.75
20122.85547545583	1200	22.891572813143927	0.0	620283	4787.615839003447	1.4442859	1.2
20137.51331595092	2850	12.233732318058228	0.0	1358081	14657.8404950857	1.4682486	1.2000000000000002
20140.231719390784	750	13.51532887819539	0.0	412837	2718.403439862838	1.2691841	-1.35
20144.11720199178	1200	13.629846277201544	0.0	690253	3885.4826009938456	1.2929178	0.75
20146.101673071502	750	15.6453751974769	0.0	365161	1984.4710797246446	1.4058025	0.3
20148.56268157387	1200	17.184366695111315	0.0	487812	2461.0085023655843	1.3961862	0.75
20151.97194282843	1850	17.775105440551503	0.0	938587	3409.2612545598113	1.5095228	1.2000000000000002
20155.11899134442	1850	18.628056924558674	0.0	908665	3147.048515992829	1.644557	1.85
20159.808320532156	2850	17.93872773682329	0.0	1402287	4689.329187735384	1.6555357	1.85
20163.65997328469	2850	18.087074984288037	0.0	1339500	3851.6527525352544	1.3087721	2.85
20167.67276402983	2850	18.074284239149026	0.0	1527299	4012.7907451390106	1.1226307	2.85
20175.16662083848	4300	14.580427430498872	0.0	2121928	7493.8568086501555	1.0070101	2.8499999999999996
20185.336253093676	4300	8.410795175304505	0.0	2219102	10169.632255194367	0.7856308	4.3
20189.179550366764	1200	8.567497902215306	0.0	630203	3843.2972730891997	1.5966678	-1.9000000000000001
20190.045376764156	300	11.701671504822109	0.0	160064	865.8263973931967	1.3088716	-0.6000000000000001
20191.03066604952	300	14.716382219458907	0.0	137507	985.289285363202	1.2914059	0.3
20195.195517414428	1850	14.551530854549735	0.0	846370	4164.851364909172	1.3398354	0.30000000000000004

