9581.797509864798	750	4.0	12.266701258043659	450283	12266.701258043659	1.2860115	-51.99681540958773
9586.429430395057	300	4.0	0.6319205302601922	155580	4631.920530260192	0.21061519	-2.867258280118827
9589.47726206139	300	4.952168333667658	0.0	139857	3047.8316663323417	0.20734969	0.3
9592.746738498628	300	5.682691896429397	0.0	155432	3269.4764372382615	0.34471944	0.3
9596.104013919436	300	6.325416475623024	0.0	163442	3357.275420806372	0.24785754	0.3
9598.231779384485	300	8.19765101057458	0.0	126289	2127.765465048444	0.63126034	0.3
9600.437105852645	300	9.99232454241477	0.0	153295	2205.326468159809	0.69187397	0.3
9605.666797673242	750	8.762632721817827	0.0	437162	5229.691820596946	0.8308113	0.3
9607.229933224282	300	11.199497170778962	0.0	150710	1563.1355510388662	0.86397177	-0.15000000000000002
9610.977041286358	750	11.45238910870245	0.0	362795	3747.108062076512	0.9526949	0.3
9614.499459384393	750	11.929971010669018	0.0	353220	3522.4180980334313	1.0387074	0.75
9616.364186891211	300	14.065243503851077	0.0	156148	1864.7275068179408	1.063295	-0.15000000000000002
9618.398657928712	300	16.03077246635034	0.0	160746	2034.4710375007398	1.098281	0.3
9620.591553739316	300	17.837876655747845	0.0	179801	2192.8958106024925	1.1321429	0.3
9624.810571640584	750	17.61885875447852	0.0	337059	4219.017901269327	1.2362093	0.3
9632.154026528551	1200	14.275403866513239	0.0	587876	7343.45488796528	1.2879343	0.75
9633.659705175383	300	16.769725219680222	0.0	143509	1505.6786468330174	1.2144822	-0.6000000000000001
9637.865657064527	750	16.56377333053679	0.0	372963	4205.95188914343	1.2330781	0.3
9646.950530923717	1200	11.478899471346686	0.0	639204	9084.873859190106	1.2625442	0.75
9651.465529730918	1200	10.963900664145685	0.0	586839	4514.998807201	1.0706775	1.2
9654.334400677635	750	12.095029717429348	0.0	386472	2868.8709467163367	1.1625515	0.3
9658.636485656349	1200	11.792944738714048	0.0	616206	4302.0849787153	1.140963	0.75
9659.835239074431	300	14.594191320630891	0.0	163927	1198.753418083157	1.2378048	-0.6000000000000001
9660.91506864167	300	17.51436175339148	0.0	137654	1079.8295672394102	1.2425007	0.3
9663.820913274185	750	18.60851712087595	0.0	359903	2905.8446325155296	1.3045727	0.3
9664.84813764586	300	21.581292749201406	0.0	153938	1027.2243716745431	1.3786486	-0.15000000000000002
9669.326463450127	1200	21.10296694493625	0.0	696376	4478.325804265156	1.4128456	0.29999999999999993
9672.708260651796	1200	21.72116974326798	0.0	487160	3381.79720166827	1.5205635	1.2
9675.677823385227	750	22.75160700983608	0.0	400396	2969.562733431899	1.5195274	0.3
9681.758364481537	1850	20.671065913526203	0.0	975811	6080.541096309876	1.4907833	0.75
9684.19391630388	750	22.23551409118239	0.0	358218	2435.5518223438107	1.5500448	-0.3500000000000001
9686.754710435504	750	23.674719959559017	0.0	400322	2560.794131623373	1.4939328	0.75
9689.084551519869	750	25.34487887519436	0.0	369834	2329.8410843646566	1.523098	0.75
9691.803613865122	750	26.62581652994084	0.0	412837	2719.062345253521	1.5222828	0.75
9694.646995180932	750	27.782435214129567	0.0	401088	2843.3813158112703	1.5468215	0.75
9698.637060344081	1200	27.792370050980228	0.0	598727	3990.065163149339	1.5537614	0.75
9701.080403021102	750	29.349027373959263	0.0	321064	2443.3426770209658	1.5955796	0.3
9704.732807599665	750	29.696622795397094	0.0	361565	3652.4045785621724	1.5845319	0.75
9707.457316946467	750	30.972113448595977	0.0	378327	2724.5093468011146	1.567993	0.75
9713.691193156897	1200	28.73823723816608	0.0	587506	6233.8762104298985	1.5908101	0.75
9715.878581126042	300	30.550849269022454	0.0	147968	2187.387969143627	1.575781	-0.6000000000000001
9723.174791420082	1850	27.254638974981855	0.0	1025005	7296.210294040595	1.5383804	0.30000000000000004
9724.130593711547	300	30.29883668351634	0.0	145210	955.8022914655173	1.5871329	-1.25
9739.206051022553	2850	19.223379372511342	0.0	1587250	15075.457311004997	1.5798879	0.30000000000000027
9752.564179830322	1850	9.865250564740531	0.0	958994	13358.128807770812	1.4830297	0.8500000000000001
9760.656556967648	1200	5.772873427414451	0.0	638661	8092.37713732608	1.1621056	0.5499999999999999
9762.577647811058	300	7.851782584003342	0.0	137507	1921.0908434111093	0.4726052	-0.6000000000000001
9763.910161799853	300	10.51926859520806	0.0	118421	1332.513988795283	0.31233162	0.3

