6903.140973592006	750	4.0	1.4342768133466879	450283	1434.276813346688	1.3997761	-5.4173902973907575
6903.687509252588	300	7.453464339417617	0.0	155580	546.5356605823825	1.1951652	-0.15000000000000002
6904.975671072229	750	10.165302519776851	0.0	350812	1288.161819640765	1.2114856	0.3
6906.5068312649955	750	12.634142327009926	0.0	382355	1531.1601927669262	1.3243145	0.75
6907.080481261608	300	16.060492330397746	0.0	163442	573.6499966121805	1.341066	-0.15000000000000002
6908.687711127645	1200	18.453262464360996	0.0	520315	1607.22986603675	1.3235514	0.29999999999999993
6910.102661999568	750	21.03831159243756	0.0	352642	1414.9508719234373	1.4901825	0.3
6911.971221111973	750	23.16975248003264	0.0	437162	1868.559112404921	1.4148695	0.75
6914.70151968209	1200	24.43945390991436	0.0	584846	2730.2985701182806	1.4180772	0.75
6915.386182470066	300	27.754791121938702	0.0	139105	684.6627879756549	1.4777104	-0.6000000000000001
6917.2293331800865	750	29.91164041191886	0.0	353220	1843.1507100198446	1.37211	0.3
6919.85865840934	1200	31.282315182665556	0.0	594078	2629.325229253303	1.4440364	0.75
6927.3526268468	1850	27.788346745205455	0.0	946851	7493.968437460104	1.5485039	1.2000000000000002
6929.0995145215475	300	30.041459070458572	0.0	179801	1746.8876747468823	1.5108626	-1.25
6930.482002421459	750	32.65897117054767	0.0	337059	1382.4878999108987	1.350165	0.3
6931.064954951387	300	36.07601864061943	0.0	138313	582.95252992824	1.5171967	-0.15000000000000002
6934.959831010247	1850	36.181142581758294	0.0	966699	3894.8760588611435	1.4672632	0.30000000000000004
6941.610608969612	2850	33.530364622393975	0.0	1358801	6650.77795936432	1.6896763	1.85
6945.5252028604455	1200	33.615770731560495	0.0	639204	3914.5938908334797	1.4944009	-0.44999999999999996
6950.220303604604	1850	32.92066998740225	0.0	923755	4695.1007441582415	1.5582992	1.2000000000000002
6959.894027121882	4300	27.24694647012447	0.0	2039773	9673.723517277784	1.6722065	1.8499999999999996
6983.514150995619	4300	7.626822596387181	0.0	2176469	23620.123873737288	1.0467843	4.3
6987.12807101473	750	8.012902577276263	0.0	401853	3613.9200191109185	1.1361068	-2.8
6989.733972964076	750	9.407000627930357	0.0	343800	2605.901949345907	1.022573	0.75
6990.743889579288	300	12.397084012717915	0.0	146754	1009.9166152124415	1.1137512	-0.15000000000000002
6993.888337177905	1200	13.25263641410267	0.0	590335	3144.4475986152443	1.1508427	0.29999999999999993
6994.5742723809435	300	16.566701211063545	0.0	181901	685.9352030391252	1.3768283	-0.6000000000000001
6994.99865322321	300	20.142320368797076	0.0	111155	424.38084226646913	1.340395	0.3
6997.858513942456	1850	21.282459649551114	0.0	972798	2859.8607192459613	1.3740702	0.30000000000000004
7000.258280574429	1200	22.882693017577754	0.0	641447	2399.76663197336	1.6496776	0.5499999999999999
7001.727522738736	750	25.413450853270195	0.0	358218	1469.2421643075559	1.546666	0.3
7005.007114285802	1850	26.133859306203835	0.0	954453	3279.5915470663585	1.4940233	0.75
7006.669804406198	1200	28.471169185808268	0.0	584349	1662.690120395566	1.6744741	0.5499999999999999
7007.911897064893	750	31.229076527112493	0.0	412837	1242.092658695772	1.6724845	0.3
7011.768744781832	1850	31.372228810174622	0.0	1026056	3856.8477169378716	1.6360897	0.75
7020.0073887250655	2850	27.13358486694014	0.0	1439896	8238.643943234485	1.573349	1.85
7024.256649433938	2850	26.884324158067923	0.0	1139291	4249.260708872213	1.4615664	2.85
7036.534618233011	4300	18.60635535899427	0.0	2147467	12277.968799073653	0.8838384	2.8499999999999996
7040.311850339597	1850	18.829123252408717	0.0	908665	3777.232106585554	1.4621211	-0.6000000000000001
7042.360285768921	1200	20.780687823084527	0.0	587506	2048.4354293241895	1.6566886	0.5499999999999999
7043.612590367849	750	23.52838322415673	0.0	345516	1252.3045989277994	1.6732626	0.3
7044.385081185463	300	26.755892406543108	0.0	161857	772.4908176136191	1.6471001	-0.15000000000000002
7048.423474154668	1850	26.717499437338095	0.0	886255	4038.3929692050165	1.557025	0.30000000000000004
7051.140637335364	1200	28.000336256641894	0.0	634861	2717.1631806962005	1.4536364	0.5499999999999999
7053.906141146594	1200	29.234832445412213	0.0	630203	2765.5038112296807	1.6614121	1.2
7058.674536590106	1850	28.466437001900022	0.0	982064	4768.395443512188	1.6362977	1.2000000000000002
7072.963752678748	4300	18.1772209132572	0.0	1961140	14289.21608864282	1.3040833	1.8499999999999996
7081.214765381447	4300	13.926208210558281	0.0	2155012	8251.012702698921	1.4813174	4.3

