4512.202369929299	750	4.0	2.8598146493896546	450283	2859.8146493896547	1.2666578	-11.547202992375514
4514.081068641554	750	6.121301287744215	0.0	398865	1878.6987122557848	0.66129947	0.75
4514.801722936617	300	9.400646992681898	0.0	139857	720.654295062319	0.91085553	-0.15000000000000002
4515.522269797127	300	12.680100132172736	0.0	155432	720.5468605091613	1.0419825	0.3
4520.40812169697	1850	11.794248232329853	0.0	996749	4885.8518998428835	1.2138568	0.30000000000000004
4523.500960016773	1850	12.701409912525847	0.0	801058	3092.8383198040065	1.4132378	1.85
4524.026825038857	300	16.17554489044214	0.0	153295	525.8650220837054	1.4673667	-1.25
4524.621012877876	300	19.581357051422778	0.0	173849	594.187839019362	1.3612463	0.3
4527.506718629238	1850	20.695651300060472	0.0	852833	2885.705751362308	1.4265491	0.30000000000000004
4528.03093918027	300	24.1714307490284	0.0	139105	524.2205510320725	1.5889868	-1.25
4530.617421941171	1200	25.58494798812656	0.0	607410	2586.482760901838	1.456855	0.29999999999999993
4535.091654788332	1850	25.110715140966168	0.0	917428	4474.232847160395	1.5421019	1.2000000000000002
4535.880775693914	300	28.321594235384744	0.0	160746	789.1209055814243	1.592631	-1.25
4538.067163539292	750	30.135206390006392	0.0	434409	2186.3878453783523	1.4756169	0.3
4542.666285705684	1850	29.536084223614772	0.0	821631	4599.12216639162	1.5332193	0.75
4547.395733459259	1850	28.806636470040516	0.0	923170	4729.447753574255	1.5901649	1.85
4549.939490505814	750	30.26287942348465	0.0	360831	2543.7570465558665	1.5909739	-0.3500000000000001
4550.93951756328	300	33.2628523660198	0.0	150616	1000.0270574648529	1.5257872	-0.15000000000000002
4554.425287100913	1200	33.77708282838655	0.0	639204	3485.769537633248	1.5072434	0.29999999999999993
4556.306518640446	750	35.89585128885372	0.0	350713	1881.2315395328296	1.5885668	0.3
4558.665937530851	1200	37.536432398448234	0.0	601738	2359.4188904054886	1.5705383	0.75
4564.928007871685	2850	35.274362057614894	0.0	1468126	6262.070340833336	1.599888	1.2000000000000002
4573.197093166669	2850	31.005276762630185	0.0	1505760	8269.08529498471	1.628057	2.85
4578.712058282214	2850	29.490311647085736	0.0	1323990	5514.965115544453	1.6248401	2.85
4582.2672169207035	1850	29.935153008595226	0.0	897976	3555.1586384905113	1.6213766	0.8500000000000001
4584.070979241619	750	32.1313906876804	0.0	379700	1803.7623209148205	1.612082	-0.3500000000000001
4585.815688592117	750	34.38668133718174	0.0	425781	1744.7093504986635	1.572899	0.75
4587.706615938963	1200	36.495753990335444	0.0	487160	1890.927346846299	1.5975889	0.75
4591.624408939366	1850	36.577960989932585	0.0	972798	3917.793000402848	1.6130328	1.2000000000000002
4597.3746586980305	2850	34.827711231267635	0.0	1561263	5750.249758664958	1.6280892	1.85
4605.933021244251	4300	30.269348685046793	0.0	2113193	8558.36254622084	1.6364404	2.8499999999999996
4614.062911044054	4300	26.139458885244277	0.0	2147852	8129.889799802518	1.5230347	4.3
4624.09450535648	4300	20.10786457281729	0.0	2191074	10031.594312426983	1.5508622	4.3
4627.617497124349	1850	20.584872804948777	0.0	1035329	3522.991767868515	1.6195004	-0.6000000000000001
4629.838602504859	1200	22.363767424437427	0.0	690253	2221.105380511349	1.6009294	0.5499999999999999
4631.237821412127	750	24.964548517169394	0.0	365161	1399.2189072680355	1.594631	0.3
4633.57554892136	1200	26.626821007937146	0.0	487812	2337.727509232248	1.5937239	0.75
4636.446781740761	1200	27.755588188535555	0.0	575591	2871.232819401589	1.6035951	1.2
4641.561879977513	2850	26.64048995178395	0.0	1427478	5115.098236751605	1.6118903	1.2000000000000002
4647.107997905967	2850	25.09437202333007	0.0	1402287	5546.11792845388	1.6425487	2.85
4647.7724929433025	300	28.429876985994273	0.0	147968	664.4950373357985	1.6366277	-2.25
4649.637203134505	750	30.56516679479188	0.0	384505	1864.7101912023902	1.6013756	0.3
4654.620834945669	1850	29.581534983627737	0.0	886255	4983.631811164147	1.635954	0.75
4655.664785287434	300	32.53758464186312	0.0	172312	1043.9503417646183	1.6403975	-1.25
4657.62398829751	750	34.578381631787806	0.0	398987	1959.203010075309	1.6137369	0.3
4659.857645598695	750	36.34472433060339	0.0	393804	2233.6573011844134	1.6420001	0.75
4661.610464615139	750	38.59190531415929	0.0	331053	1752.819016444107	1.6789286	0.75
4663.431165317879	750	40.77120461141962	0.0	314107	1820.7007027396694	1.6798102	0.75

