11394.177549182437	750	4.0	2.6661221575738243	450283	2666.122157573824	1.4083066	-10.714325277567443
11395.453615510716	300	6.723933671720184	0.0	155580	1276.066328279816	0.9883109	-0.15000000000000002
11405.745309493332	1200	4.0	3.5677603108947022	571051	10291.693982614886	0.9887517	-15.04136933684722
11408.213983126723	300	5.531326366608548	0.0	155432	2468.673633391452	0.24724665	-0.6000000000000001
11409.949723455595	300	7.7955860377361335	0.0	163442	1735.7403288724142	0.36862537	0.3
11410.959344361005	300	10.785965132325753	0.0	126289	1009.6209054103791	0.862938	0.3
11415.981336996676	1200	9.763972496654707	0.0	561791	5021.992635671047	1.0521684	0.29999999999999993
11419.099969452573	300	10.645340040758079	0.0	173849	3118.6324558966276	1.1585146	-0.6000000000000001
11422.802068544557	300	10.943240948773928	0.0	150710	3702.0990919841524	0.92726487	0.3
11424.135246552714	300	13.610062940617096	0.0	139105	1333.178008156832	0.90808564	0.3
11426.846657172564	1200	14.898652320767424	0.0	607410	2711.4106198496725	1.0931896	0.29999999999999993
11429.47369156477	1200	16.271617928562172	0.0	594078	2627.0343922052507	1.4043714	1.2
11433.27779877224	1200	16.467510721092612	0.0	624282	3804.1072074695617	1.4210538	1.2
11441.055414398985	1850	12.689895094347028	0.0	1036454	7777.615626745583	1.3739481	1.2000000000000002
11441.717895156915	300	16.027414336417507	0.0	140051	662.4807579295215	1.3293477	-1.25
11443.922909004068	1200	17.822400489263345	0.0	587876	2205.013847154161	1.2710375	0.29999999999999993
11444.502232410636	300	21.243077082695574	0.0	143509	579.3234065677732	1.4701003	-0.6000000000000001
11446.434928389963	750	23.3103811033688	0.0	372963	1932.6959793267756	1.3572162	0.3
11447.361301440806	300	26.384008052526625	0.0	165384	926.3730508421744	1.4155672	-0.15000000000000002
11449.149673982722	750	28.595635510610713	0.0	350713	1788.3725419159111	1.3644809	0.3
11452.457569052842	750	29.287740440489788	0.0	386472	3307.8950701209224	1.45819	0.75
11457.764592778654	1200	27.980716714675697	0.0	616206	5307.02372581409	1.4128498	0.75
11459.16961025069	300	30.575699242640443	0.0	163927	1405.0174720352554	1.4648494	-0.6000000000000001
11460.675800167957	750	33.06950932537494	0.0	343800	1506.189917265504	1.3742057	0.3
11461.962615118759	750	35.782694374573275	0.0	359903	1286.8149508016695	1.5386448	0.75
11464.270196197393	1200	37.47511329593894	0.0	590335	2307.581078634337	1.5998455	0.75
11472.724488962258	2850	33.02082053107358	0.0	1547572	8454.292764865357	1.6904507	1.2000000000000002
11485.776316614341	1850	23.968992878989877	0.0	758197	13051.827652083704	1.4956471	0.8500000000000001
11491.230395157143	1200	22.514914336186724	0.0	622896	5454.07854280315	1.380086	0.5499999999999999
11500.534688064252	1200	17.21062142907858	0.0	641447	9304.292907108147	1.4505588	1.2
11504.201480857671	1850	17.543828635658176	0.0	873429	3666.7927934204013	1.2679437	1.2000000000000002
11509.602193268724	1850	16.143116224607475	0.0	954453	5400.712411050701	1.5872889	1.85
11510.43244794945	300	19.312861543880228	0.0	143881	830.2546807272508	1.4952939	-1.25
11516.52364340905	1200	17.22166608428218	0.0	670129	6091.195459598046	1.3435491	0.29999999999999993
11517.311575218457	300	20.433734274875675	0.0	179328	787.9318094065052	1.3782858	-0.6000000000000001
11518.875267129273	750	22.87004236405692	0.0	365161	1563.6919108187558	1.4092941	0.3
11520.601330189365	1200	25.143979303965768	0.0	487812	1726.063060091152	1.5244128	0.75
11523.5589000329	1200	26.186409460431747	0.0	575591	2957.5698435340214	1.6650273	1.2
11537.429562442729	4300	16.315747050602326	0.0	2133870	13870.662409829421	1.6254642	1.1999999999999997
11539.666983042001	1200	18.078326451328984	0.0	587506	2237.420599273344	1.5969406	-1.9000000000000001
11541.145794161466	750	20.59951533186382	0.0	345516	1478.8111194651638	1.6117879	0.3
11546.454724585039	1850	19.290584908291876	0.0	1025005	5308.930423571942	1.5626996	0.75
11550.55469129948	750	19.190618193852693	0.0	372093	4099.966714439182	1.6454501	-0.3500000000000001
11559.37176832159	750	14.37354117174321	0.0	438281	8817.077022109484	1.4171385	0.75
11563.326457617768	750	14.418851875565004	0.0	398987	3954.689296178204	1.1538185	0.75
11564.831685589254	300	16.913623904078896	0.0	160064	1505.2279714861063	1.3123342	-0.15000000000000002
11576.06422833048	1850	9.681081162851935	0.0	830730	11232.542741226962	1.3386097	0.30000000000000004
11577.68308411984	750	12.062225373491204	0.0	314107	1618.8557893607292	1.1702075	-0.3500000000000001

