7083.967117149673	750	4.0	2.752351768226307	450283	2752.351768226307	0.68818593	-11.085112603373119
7088.295867518387	1200	4.0	0.32875036871343216	611087	4328.750368713432	0.96120226	-0.6636265854677583
7089.054447739278	300	7.241419779109074	0.0	139857	758.5802208909263	1.0387412	-0.6000000000000001
7089.707042178589	300	10.588825339797758	0.0	155432	652.594439311315	1.0445303	0.3
7090.57942815899	750	13.716439359396166	0.0	411561	872.3859804015933	1.2064253	0.3
7094.022580392281	750	14.273287126104647	0.0	318564	3443.15223329152	1.4223634	0.75
7098.527310805336	750	13.768556713049867	0.0	352642	4504.73041305478	1.2185266	0.75
7100.71057126866	300	15.585296249726875	0.0	173849	2183.2604633229907	1.1745433	-0.15000000000000002
7103.12055909324	300	17.17530842514604	0.0	150710	2409.987824580834	1.1439595	0.3
7106.329640834189	750	17.966226684197917	0.0	362795	3209.0817409481215	1.1646916	0.3
7107.287873969094	300	21.007993549293307	0.0	141840	958.2331349046111	1.2929806	-0.15000000000000002
7108.445776815165	300	23.85009070322211	0.0	156148	1157.9028460711957	1.2838783	0.3
7110.069808098333	300	26.226059420054142	0.0	160746	1624.0312831679705	1.3051345	0.3
7119.720262121355	1200	20.575605397032618	0.0	687371	9650.454023021526	1.3018824	0.29999999999999993
7123.342375961508	1200	20.95349155687914	0.0	526950	3622.1138401534754	1.3063184	1.2
7127.271713980053	1850	21.024153538332968	0.0	923170	3929.3380185461706	1.4287057	1.2000000000000002
7135.183920064563	1850	17.11194745382336	0.0	966699	7912.206084509608	1.5611156	1.85
7138.51814577525	750	17.777721743137462	0.0	372963	3334.2257106858965	1.4016111	-0.3500000000000001
7139.893690240576	300	20.402177277810953	0.0	165384	1375.54446532651	1.3050264	-0.15000000000000002
7140.800411918419	300	23.495455599968363	0.0	140881	906.7216778425911	1.2815056	0.3
7141.948639810885	300	26.347227707502704	0.0	157671	1148.2278924656582	1.333932	0.3
7144.06041517192	300	28.235452346466648	0.0	157812	2111.775361036057	1.3445531	0.3
7153.988208000351	1850	22.30765951803617	0.0	968026	9927.792828430476	1.321207	0.30000000000000004
7161.330998929135	1200	18.964868589252532	0.0	536667	7342.790928783642	1.4287633	0.5499999999999999
7163.2059093182415	300	21.089958200146008	0.0	146754	1874.9103891065224	1.326316	-0.6000000000000001
7164.8003645572035	300	23.49550296118332	0.0	153938	1594.4552389626867	1.2639295	0.3
7170.958930050317	750	21.33693746807088	0.0	425781	6158.565493112439	1.3045065	0.3
7172.87808469039	300	23.417782827996596	0.0	111155	1919.154640074279	1.3125604	-0.15000000000000002
7179.238179887648	1200	21.05768763073892	0.0	622896	6360.0951972576795	1.2846842	0.29999999999999993
7180.183055608725	300	24.112811909661055	0.0	149029	944.8757210778631	1.4015126	-0.6000000000000001
7182.515439004145	750	25.7804285142404	0.0	358218	2332.383395420655	1.3637607	0.3
7183.754221209091	300	28.541646309294535	0.0	157488	1238.782204945863	1.4462869	-0.15000000000000002
7186.624479598401	750	29.671387919984106	0.0	369834	2870.258389310428	1.3868526	0.3
7187.62410589696	300	32.6717616214251	0.0	163444	999.6262985590103	1.4726746	-0.15000000000000002
7192.793532459877	1200	31.502335058508905	0.0	690253	5169.426562916188	1.4596896	0.29999999999999993
7197.938608734551	1200	30.357258783834975	0.0	598727	5145.076274673932	1.5849344	1.2
7204.015649655438	1850	28.280217862947755	0.0	728962	6077.040920887222	1.5729743	1.2000000000000002
7216.660023197748	2850	19.635844320637975	0.0	1499009	12644.37354230978	1.6577134	1.85
7223.066062567536	1850	17.229804950848774	0.0	908665	6406.039369789201	1.5157957	0.8500000000000001
7231.429966696296	1850	12.865900822089472	0.0	930577	8363.904128759303	1.5341054	1.85
7234.85510783131	750	13.440759687074811	0.0	345516	3425.141135014661	1.373139	-0.3500000000000001
7240.787397249447	1200	11.50847026893769	0.0	641452	5932.289418137122	1.2814481	0.75
7244.1717387819845	750	12.124128736400355	0.0	372093	3384.3415325373344	1.2709526	0.3
7248.3191993695455	750	11.97666814884037	0.0	438281	4147.460587559985	1.2463654	0.75
7250.206686925856	300	14.089180592528626	0.0	167025	1887.4875563117446	1.2227827	-0.15000000000000002
7252.628831519109	300	15.667035999276479	0.0	160064	2422.1445932521474	1.2185992	0.3
7259.820447056667	750	12.47542046171784	0.0	331053	7191.6155375586395	1.2425737	0.3
7260.777423517971	300	15.518444000413842	0.0	118421	956.9764613039979	1.1201953	-0.15000000000000002

