22909.84295695589	750	4.0	2.005422751396268	450283	2005.4227513962683	1.6096154	-7.873317831003952
22910.711986392143	300	7.130970563748243	0.0	155580	869.0294362517569	0.76598126	-0.15000000000000002
22911.570260368804	300	10.272696587087141	0.0	139857	858.2739766611019	0.9168837	0.3
22912.53731626346	300	13.305640692431139	0.0	155432	967.0558946560031	1.0587507	0.3
22913.561189680753	300	16.28176727513938	0.0	163442	1023.8734172917581	1.1852841	0.3
22915.483727047238	750	18.359229908652605	0.0	318564	1922.5373664867757	1.3048118	0.3
22917.465891682546	750	20.377065273344495	0.0	352642	1982.1646353081078	1.3945915	0.75
22921.289670430473	1200	20.553286525416343	0.0	709534	3823.7787479281496	1.4226787	0.75
22923.578972195955	750	22.263984759934182	0.0	374758	2289.301765482164	1.4977214	0.3
22925.465089848112	750	24.3778671077781	0.0	362795	1886.1176521560803	1.4584539	0.75
22931.359408119708	1850	22.483548836182177	0.0	939819	5894.318271595923	1.4872394	0.75
22932.31343216265	300	25.529524793242107	0.0	156148	954.0240429400686	1.5498627	-1.25
22933.19348394775	300	28.649473008142355	0.0	160746	880.0517850997544	1.4416374	0.3
22934.18333443946	300	31.659622516433096	0.0	179801	989.8504917092578	1.4679307	0.3
22936.524806434325	1200	33.31815052156796	0.0	526950	2341.471994865142	1.5063194	0.29999999999999993
22937.218562051057	300	36.624394904835675	0.0	138313	693.7556167322822	1.5865779	-0.6000000000000001
22941.601297691508	1850	36.24165926438595	0.0	966699	4382.735640449718	1.538458	0.30000000000000004
22944.10857518519	1200	37.73438177070407	0.0	581493	2507.2774936818896	1.6055233	0.5499999999999999
22947.147350451873	1200	38.695606504024695	0.0	639204	3038.7752666793644	1.6117113	1.2
22950.0870344346	1200	39.755922521295254	0.0	586839	2939.683982729447	1.6039004	1.2
22958.02550841645	2850	35.817448539450865	0.0	1415116	7938.473981844388	1.610905	1.2000000000000002
22970.762937513056	4300	27.08001944284253	0.0	2176469	12737.429096608337	1.6163752	2.8499999999999996
22987.686831339237	2850	14.156125616665125	0.0	1505760	16923.893826177406	1.6069251	1.4000000000000001
22989.80158219672	300	16.041374759182666	0.0	137654	2114.7508574824583	1.4173099	-2.25
22994.033370086905	750	15.809586868996794	0.0	359903	4231.787890185872	1.2932409	0.3
22997.129170505148	750	16.71378645075398	0.0	379700	3095.800418242814	1.3269408	0.75
23006.450116533735	1850	11.392840422167737	0.0	1076599	9320.94602858624	1.30665	0.75
23007.98166019133	300	13.86129676456947	0.0	111155	1531.5436575982671	1.3147533	-1.25
23012.79270917365	750	13.0502477822504	0.0	400396	4811.048982319068	1.059739	0.3
23018.9758231707	1200	10.867133785200783	0.0	641447	6183.113997049617	1.1271173	0.75
23024.021019905053	1200	9.821937050848735	0.0	570392	5045.196734352048	1.1188272	1.2
23028.13360965039	750	9.709347305508263	0.0	400322	4112.589745340472	1.1130267	0.3
23036.708938038875	1200	5.134018917024256	0.0	584349	8575.328388484008	0.98428226	0.75
23039.96642384281	300	5.8765331130874205	0.0	163444	3257.485803936835	0.17514163	-0.6000000000000001
23043.39116559701	300	6.451791358887968	0.0	179328	3424.741754199452	0.1521426	0.3
23047.270389606	300	6.5725673498960875	0.0	159914	3879.224008991881	0.2055749	0.3
23050.432410584566	300	7.410546371335387	0.0	131610	3162.0209785607	0.13993526	0.3
23052.7786005232	300	9.06435643269979	0.0	124011	2346.189938635596	0.37421823	0.3
23054.27113683264	300	11.571820123258076	0.0	144254	1492.5363094417148	0.6201444	0.3
23055.494506682822	300	14.34845027308183	0.0	149991	1223.3698501762442	0.97413003	0.3
23056.664905798196	300	17.17805115770593	0.0	147968	1170.399115375904	1.1554909	0.3
23057.946757634538	300	19.8961993213631	0.0	161857	1281.8518363428304	1.2930863	0.3
23059.13629236995	300	22.706664585953185	0.0	145210	1189.5347354099156	1.4050305	0.3
23060.524026024363	300	25.31893093153923	0.0	172312	1387.7336544139525	1.4651496	0.3
23063.27555021766	750	26.567406738245197	0.0	398987	2751.524193294034	1.5222126	0.3
23071.60466859177	1850	22.23828836413334	0.0	982064	8329.118374111857	1.5742506	0.75
23075.97020568192	1200	21.87275127398572	0.0	538612	4365.537090147619	1.5634117	0.5499999999999999
23077.078170309545	300	24.76478664636263	0.0	118421	1107.964627623089	1.5637408	-0.6000000000000001

