16088.059460390044	750	4.0	2.6661221575738243	450283	2666.122157573824	1.2084142	-10.714325277567443
16089.335526718323	300	6.723933671720184	0.0	155580	1276.066328279816	0.6817754	-0.15000000000000002
16091.00676980898	300	9.052690581065232	0.0	139857	1671.2430906549514	0.8440235	0.3
16094.101590747508	300	9.957869642535126	0.0	155432	3094.820938530105	0.90862834	0.3
16101.959078223159	750	6.100382166884578	0.0	411561	7857.487475650549	0.89852273	0.3
16103.433744848924	300	8.62571554111976	0.0	126289	1474.666625764818	0.7642448	-0.15000000000000002
16104.70204320203	300	11.357417188011839	0.0	153295	1268.2983531079208	0.8750782	0.3
16106.260567024747	300	13.798893365296518	0.0	173849	1558.5238227153204	1.0132922	0.3
16112.90025491276	1200	11.15920547728288	0.0	584846	6639.687888013639	1.1451108	0.29999999999999993
16116.323444443584	300	11.736015946459077	0.0	139105	3423.189530823804	1.1255665	-0.6000000000000001
16117.965339589406	300	14.094120800635936	0.0	141840	1641.895145823141	0.94949335	0.3
16118.885729204447	300	17.173731185594807	0.0	156148	920.3896150411307	1.0725899	0.3
16119.675688777725	300	20.383771612316707	0.0	160746	789.9595732780986	1.2835104	0.3
16122.456358595517	1200	21.603101794523813	0.0	687371	2780.669817792896	1.3848971	0.29999999999999993
16125.603349497424	1200	22.456110892616746	0.0	526950	3146.990901907067	1.5270802	1.2
16135.60988687698	2850	16.449573513062074	0.0	1471065	10006.537379554675	1.5064733	1.2000000000000002
16137.927813890543	1200	18.131646499498462	0.0	617242	2317.9270135636098	1.5308119	-0.44999999999999996
16142.232374620038	1850	17.827085770001602	0.0	885714	4304.560729496861	1.5182974	1.2000000000000002
16143.120314880869	300	20.939145509172246	0.0	165384	887.940260829356	1.5522015	-1.25
16143.975233629551	300	24.084226760490644	0.0	140881	854.9187486816021	1.411683	0.3
16152.199061833328	1850	19.860398556713136	0.0	891604	8223.82820377751	1.4404597	0.30000000000000004
16154.241098741559	750	21.818361648480728	0.0	399894	2042.0369082324055	1.4887427	-0.3500000000000001
16160.011099033582	2850	20.048361356459154	0.0	1505760	5770.000292021573	1.4551219	0.75
16171.431156539964	2850	12.62830385007647	0.0	1323990	11420.057506382684	1.622526	2.85
16178.180532835979	750	9.878927554060633	0.0	359903	6749.376296015839	1.4595218	-1.35
16179.894783894499	300	12.164676495540931	0.0	153938	1714.2510585197006	1.0681545	-0.15000000000000002
16185.827954986733	1200	10.231505403305716	0.0	696376	5933.171092235215	1.0609001	0.29999999999999993
16191.282796229412	750	8.776664160625934	0.0	277716	5454.841242679782	1.182028	0.3
16193.69230608412	300	10.367154305917705	0.0	153605	2409.5098547082303	0.92564785	-0.15000000000000002
16195.795025564254	750	12.264434825784843	0.0	400508	2102.7194801328596	0.90980005	0.3
16196.512439209566	300	15.547021180472834	0.0	157421	717.41364531201	1.1975957	-0.15000000000000002
16197.191858711403	300	18.867601678635147	0.0	157488	679.4195018376894	1.3378481	0.3
16197.82411967854	300	22.235340711498324	0.0	143881	632.2609671368242	1.4513052	0.3
16201.459085875409	1200	22.600374514630094	0.0	670129	3634.9661968682285	1.4660314	0.29999999999999993
16202.646684262296	300	25.412776127742273	0.0	179328	1187.5983868878195	1.5617626	-0.6000000000000001
16204.598761308182	750	27.460699081856667	0.0	365161	1952.0770458856061	1.5202044	0.3
16210.93461924179	1850	25.124841148248493	0.0	728962	6335.857933608176	1.59021	0.75
16214.441268688235	1850	25.618191701804644	0.0	938587	3506.649446443848	1.5903461	1.85
16219.008865035234	1850	25.050595354806205	0.0	908665	4567.596346998439	1.6287285	1.85
16226.704142163131	1850	21.355318226908455	0.0	930577	7695.277127897753	1.6081109	1.85
16231.341696941316	1850	20.71776344872446	0.0	858450	4637.554778183992	1.5643244	1.85
16235.32511783132	1850	20.734342558720652	0.0	1025005	3983.42089000381	1.5935746	1.85
16244.409583324628	2850	15.649877065413078	0.0	1343002	9084.465493307573	1.6015276	1.85
16247.907587834838	300	16.151872555204704	0.0	172312	3498.004510208374	1.523822	-2.25
16251.419501074339	300	16.63995931570309	0.0	167025	3511.9132395016127	1.3461773	0.3
16256.505559183954	750	15.553901206088051	0.0	393804	5086.05810961504	1.3029354	0.3
16257.653184693549	300	18.406275696493	0.0	137507	1147.625509595049	1.3413978	-0.15000000000000002
16269.075755460944	1850	10.983704929097707	0.0	846370	11422.570767395295	1.4326354	0.30000000000000004

