11557.538935719896	750	4.0	2.752351768226307	450283	2752.351768226307	1.6482897	-11.085112603373119
11558.55883549859	300	6.980100221306277	0.0	155580	1019.8997786937232	0.67228425	-0.15000000000000002
11559.680794561675	300	9.858141158220798	0.0	139857	1121.959063085479	0.87101054	0.3
11560.911738108674	300	12.627197611221074	0.0	155432	1230.943546999725	0.98178756	0.3
11563.205369886247	750	14.33356583364831	0.0	411561	2293.6317775727634	1.092845	0.3
11564.568574108996	1200	16.970361610899054	0.0	520315	1363.2042227492548	1.3028522	0.75
11566.530544260708	300	19.00839145918726	0.0	153295	1961.9701517117935	1.4988245	-0.6000000000000001
11568.60537346927	300	20.933562250625055	0.0	173849	2074.829208562204	1.3378814	0.3
11572.990961373784	750	20.54797434611151	0.0	374758	4385.587904513544	1.3480369	0.3
11575.505993049543	300	22.032942670350895	0.0	139105	2515.0316757606165	1.3555812	-0.15000000000000002
11577.440409249877	300	24.098526470016274	0.0	141840	1934.4162003346219	1.334428	0.3
11581.90059500362	1200	23.638340716272218	0.0	594078	4460.1857537440565	1.3639845	0.29999999999999993
11583.453870671221	300	26.085065048674576	0.0	160746	1553.2756675976414	1.4781445	-0.6000000000000001
11593.0762338945	1200	20.462701825394372	0.0	687371	9622.363223280205	1.4002179	0.29999999999999993
11596.865482788997	1200	20.67345293089786	0.0	526950	3789.2488944965116	1.3526508	1.2
11597.403713445507	300	24.13522227438726	0.0	138313	538.2306565106023	1.443885	-0.6000000000000001
11602.13029272944	1850	23.408642990454325	0.0	966699	4726.579283932935	1.4708703	0.30000000000000004
11609.167613874566	1850	20.371321845327184	0.0	885714	7037.321145127143	1.5815349	1.85
11610.949405853036	300	22.589529866855912	0.0	165384	1781.7919784712735	1.5232319	-1.25
11613.892604197561	750	23.64633152233017	0.0	350713	2943.198344525744	1.3912514	0.3
11620.849942849532	1200	20.68899287036057	0.0	601738	6957.3386519696	1.4411643	0.75
11629.688206825727	1850	15.850728894165478	0.0	955231	8838.263976195092	1.4547473	1.2000000000000002
11635.601416158455	750	13.937519561438288	0.0	401853	5913.209332727189	1.4268795	-0.3500000000000001
11637.21194706096	300	16.326988658932784	0.0	137654	1610.530902505504	1.1943084	-0.15000000000000002
11638.856028206941	300	18.682907512951	0.0	146754	1644.0811459817826	1.228411	0.3
11644.436771361708	750	17.102164358183376	0.0	379700	5580.743154767626	1.2710268	0.3
11646.891066931083	300	18.647868788809713	0.0	181901	2454.2955693736676	1.225841	-0.15000000000000002
11647.799206158705	300	21.73972956118693	0.0	111155	908.139227622781	1.2365144	0.3
11652.342286705469	750	21.1966490144239	0.0	400396	4543.0805467630325	1.3597041	0.3
11655.036792587121	750	22.50214313277029	0.0	400508	2694.5058816536093	1.3960388	0.75
11656.147933243066	300	25.39100247682581	0.0	157421	1111.140655944478	1.4708347	-0.15000000000000002
11667.265179343536	2850	18.27375637635577	0.0	1497683	11117.246100470042	1.4585625	0.30000000000000027
11674.103627892588	1850	15.435307827305193	0.0	885062	6838.448549050578	1.5103356	0.8500000000000001
11682.838510087326	1850	10.700425632566313	0.0	1035329	8734.882194738879	1.4617639	1.85
11691.567558541528	1850	5.971377178363657	0.0	1026056	8729.048454202657	1.2888087	1.85
11692.94407583182	300	8.594859888073195	0.0	159914	1376.5172902904615	0.81533	-1.25
11694.042534202285	300	11.496401517607925	0.0	131610	1098.45837046527	0.9938042	0.3
11697.67934371853	1200	11.859592001362593	0.0	575591	3636.8095162453324	1.097787	0.29999999999999993
11698.648964351556	300	14.889971368338776	0.0	144254	969.6206330238168	1.3122448	-0.6000000000000001
11708.371485365247	1850	9.167450354646366	0.0	930577	9722.52101369241	1.3212762	0.30000000000000004
11709.704947298718	300	11.833988421175738	0.0	147968	1333.4619334706276	1.238366	-1.25
11713.068350194155	750	12.470585525740722	0.0	384505	3363.4028954350156	1.1261731	0.3
11714.8859471402	300	14.652988579695553	0.0	145210	1817.5969460451693	1.2959174	-0.15000000000000002
11720.46507218512	1200	13.07386353477537	0.0	634861	5579.125044920184	1.2101989	0.29999999999999993
11724.930840318217	750	12.608095401679758	0.0	398987	4465.768133095611	1.3460261	0.3
11728.740099542043	300	12.798836177853115	0.0	160064	3809.259223826644	1.1927251	-0.15000000000000002
11734.099913448952	750	11.439022270942742	0.0	331053	5359.813906910373	1.1021137	0.3
11734.949579319016	300	14.589356400877355	0.0	118421	849.6658700653855	1.0737315	-0.15000000000000002

