2230.0720463413204	750	4.0	0.9321555281170851	450283	932.1555281170852	1.1961075	-3.2582687709034657
2230.429288555051	300	7.642757786269979	0.0	155580	357.24221373002086	1.2984784	-0.15000000000000002
2231.4755124559015	1200	10.596533885418895	0.0	571051	1046.223900851085	1.2756083	0.29999999999999993
2232.5664932158084	1200	13.50555312551249	0.0	617681	1090.980759906404	1.4824052	1.2
2234.346996669657	1850	15.725049671663534	0.0	996749	1780.5034538489567	1.5068796	1.2000000000000002
2235.3666676030507	1200	18.705378738269932	0.0	520315	1019.6709333936053	1.6033257	0.5499999999999999
2236.3570406990675	1200	21.715005642253278	0.0	561791	990.3730960166546	1.5271477	1.2
2238.22255447413	1850	23.84949186719095	0.0	1060487	1865.5137750623285	1.5597835	1.2000000000000002
2241.880082580462	4300	24.1919637608585	0.0	2055469	3657.528106332448	1.654677	1.8499999999999996
2246.706946141662	4300	23.365100199658773	0.0	2169201	4826.863561199725	0.8154955	4.3
2251.5701856321134	4300	22.50186070920715	0.0	2173522	4863.239490451621	0.9238864	4.3
2255.8633281894877	4300	22.208718151833096	0.0	2102452	4293.1425573740535	0.90263915	4.3
2259.8838410438625	4300	22.188205297458158	0.0	2209463	4020.5128543749415	0.8089869	4.3
2264.2174042961674	4300	21.85464204515339	0.0	2275376	4333.563252304766	0.7240768	4.3
2267.9086487601558	4300	22.16339758116479	0.0	2005399	3691.2444639886	0.6968648	4.3
2272.690745133236	4300	21.381301208084416	0.0	2152483	4782.096373080375	0.6298806	4.3
2276.8641998783837	4300	21.20784646293672	0.0	2289689	4173.454745147697	0.70408976	4.3
2280.7002545900277	4300	21.371791751293266	0.0	2059512	3836.0547116434527	0.62274456	4.3
2283.56915445467	2850	22.50289188665095	0.0	1537156	2868.899864642316	0.60431373	1.4000000000000001
2287.5320423182256	4300	22.540004023094976	0.0	2156729	3962.887863555969	1.2278657	2.8499999999999996
2291.1999330820913	4300	22.87211325922949	0.0	2039773	3667.890763865489	0.54275554	4.3
2295.229815696541	4300	22.842230644779608	0.0	2176469	4029.88261444988	0.51680225	4.3
2299.309765794773	4300	22.762280546548155	0.0	2221506	4079.950098231452	0.5175025	4.3
2302.8770667233034	4300	23.19497961801721	0.0	2044075	3567.3009285309413	0.5011977	4.3
2307.138939326428	4300	22.933107014892936	0.0	2186790	4261.872603124278	0.46106884	4.3
2311.0484533511885	4300	23.023592990132364	0.0	2105231	3909.514024760572	0.48688465	4.3
2315.8005644453488	4300	22.271481895972016	0.0	2395588	4752.111094160347	0.46009743	4.3
2319.5996685374516	4300	22.472377803869513	0.0	1972048	3799.104092102506	0.4742294	4.3
2323.721115582011	4300	22.350930759309854	0.0	2134614	4121.44704455966	0.44758874	4.3
2324.9369829604584	1200	25.13506338086276	0.0	641447	1215.8673784470916	0.4424901	-1.9000000000000001
2327.4352989005597	2850	26.636747440761393	0.0	1341201	2498.315940101368	1.6953356	1.2000000000000002
2330.1337786668614	2850	27.93826767445954	0.0	1497683	2698.4797663018553	0.7499943	2.85
2334.45422023193	4300	27.617826109391316	0.0	2191074	4320.441565068219	0.69983894	2.8499999999999996
2338.532056140327	4300	27.53999020099423	0.0	2286761	4077.835908397091	0.3765527	4.3
2342.7175122248673	4300	27.354534116453873	0.0	2307787	4185.456084540353	0.36779404	4.3
2346.434556200365	4300	27.63749014095645	0.0	2143948	3717.043975497422	0.36399984	4.3
2349.751797157637	4300	28.32024918368403	0.0	1919781	3317.2409572724223	0.3560776	4.3
2354.223065792877	4300	27.848980548444064	0.0	2147467	4471.268635239965	0.34961346	4.3
2358.8793649513636	4300	27.192681389957606	0.0	2133870	4656.299158486461	0.35515	4.3
2363.5989028563963	4300	26.473143484924645	0.0	2146120	4719.537905032961	0.35501003	4.3
2367.547303210722	4300	26.524743130599497	0.0	2108491	3948.400354325145	0.35496697	4.3
2371.5406256361202	4300	26.531420705200908	0.0	2184571	3993.322425398588	0.34645545	4.3
2375.632474606095	4300	26.439571735226497	0.0	2121928	4091.848969974408	0.3432335	4.3
2380.32036287391	4300	25.75168346741127	0.0	2219102	4687.888267815231	0.34296435	4.3
2384.4711060088835	4300	25.600940332437776	0.0	2124950	4150.743134973489	0.34558654	4.3
2388.551521511845	4300	25.520524829476493	0.0	2246506	4080.4155029612843	0.34140104	4.3
2390.8174947781567	2850	27.25455156316442	0.0	1231456	2265.9732663120726	0.33800852	1.4000000000000001
2394.825750232497	4300	27.2462961088245	0.0	2155012	4008.255454339921	0.37807766	2.8499999999999996

