10436.113315327315	750	4.0	6.212365695121308	450283	6212.365695121308	1.1789904	-25.963172489021623
10437.620404581328	300	6.492910745984942	0.0	155580	1507.089254015058	0.37645063	-0.15000000000000002
10439.189952081926	300	8.923363245387266	0.0	139857	1569.547500597674	0.8461087	0.3
10445.563342939484	750	6.549972387829626	0.0	382355	6373.3908575576415	0.9945478	0.3
10447.369452644543	300	8.743862682769413	0.0	163442	1806.109705060213	0.593641	-0.15000000000000002
10451.832596896658	750	8.280718430655625	0.0	318564	4463.144252113789	0.942295	0.3
10453.797786962414	300	10.315528364898439	0.0	153295	1965.190065757186	0.9702464	-0.15000000000000002
10455.78080307186	300	12.33251225545177	0.0	173849	1983.016109446669	0.9640744	0.3
10457.885274645485	300	14.228040681826563	0.0	150710	2104.471573625206	1.0441878	0.3
10459.243384058122	300	16.869931269190534	0.0	139105	1358.1094126360313	1.0963291	0.3
10463.305192482756	1200	16.80812284455559	0.0	607410	4061.808424634942	1.1889672	0.29999999999999993
10473.533914991529	1850	10.579400335782934	0.0	917428	10228.722508772657	1.3603773	1.2000000000000002
10479.414077429286	750	8.699237898024752	0.0	386351	5880.162437758181	1.1791179	-0.3500000000000001
10496.345900202134	1200	4.0	8.232584874821802	687371	16931.822772846554	0.9408775	-34.65011496173375
10499.128624447658	300	5.217275754473893	0.0	140051	2782.7242455261066	0.01934047	-0.6000000000000001
10500.800497586224	300	7.545402615909066	0.0	138313	1671.8731385648268	0.15777503	0.3
10502.076823363313	300	10.269076838820023	0.0	143509	1276.3257770890427	0.5613244	0.3
10503.432233222027	300	12.913666980107413	0.0	150616	1355.4098587126102	0.96988195	0.3
10507.003626761225	750	13.342273440909532	0.0	405596	3571.3935391978816	1.0633621	0.3
10508.122178696138	300	16.22372150599733	0.0	140881	1118.551934912204	1.1573671	-0.15000000000000002
10509.615789892388	300	18.73011030974631	0.0	157671	1493.6111962510192	1.1636888	0.3
10513.072126418427	750	19.27377378370858	0.0	399894	3456.336526037731	1.1831698	0.3
10514.494728534155	300	21.851171667980985	0.0	163927	1422.602115727598	1.3065308	-0.15000000000000002
10515.616821567139	300	24.729078634996853	0.0	137654	1122.093032984132	1.277377	0.3
10518.747812199399	750	25.598088002736862	0.0	359903	3130.9906322599877	1.315484	0.3
10530.403609794335	1850	17.94229040779975	0.0	905935	11655.797594937114	1.3936073	0.75
10551.131001982289	1200	4.0	2.7851017801530213	696376	20727.39218795277	1.3149508	-11.425937654657993
10554.039788848653	300	5.0912131336354625	0.0	111155	2908.7868663645377	0.023819622	-0.6000000000000001
10556.963441471207	300	6.167560511080148	0.0	153605	2923.6526225553143	0.11905707	0.3
10559.279987437727	300	7.851014544561111	0.0	149029	2316.545966519037	0.25708202	0.3
10561.690161514158	300	9.440840468131027	0.0	157421	2410.174076430083	0.4774036	0.3
10564.029913885082	300	11.101088097204554	0.0	157488	2339.7523709264738	0.6946325	0.3
10566.156519878745	300	12.974482103542217	0.0	143881	2126.605993662336	0.9301283	0.3
10569.908204621071	300	13.222797361216726	0.0	163444	3751.684742325491	1.0148411	0.3
10576.028956061757	750	11.102045920532214	0.0	401088	6120.751440684512	0.9651512	0.3
10578.202887466787	300	12.928114515501392	0.0	159914	2173.9314050308235	1.0192082	-0.15000000000000002
10587.078338030371	1200	8.052663951916154	0.0	487812	8875.450563585237	1.0683627	0.29999999999999993
10589.09760913067	300	10.033392851617839	0.0	124011	2019.2711002983156	0.78704953	-0.6000000000000001
10594.686026688445	1200	8.444975293842152	0.0	605884	5588.417557775686	0.9385166	0.29999999999999993
10596.337342690504	300	10.793659291783529	0.0	149991	1651.3160020586224	1.1166015	-0.6000000000000001
10601.756084429762	1200	9.374917552524625	0.0	566904	5418.741739258904	1.0471303	0.29999999999999993
10605.831068912044	750	9.299933070241071	0.0	384505	4074.9844822835535	1.1625763	0.3
10608.663008116888	300	10.467993865397288	0.0	145210	2831.9392048437844	1.0719333	-0.15000000000000002
10611.435126832139	300	11.695875150147172	0.0	172312	2772.1187152501147	0.9715564	0.3
10613.237177448418	300	13.893824533867177	0.0	167025	1802.0506162799966	1.0424925	0.3
10616.303315889369	750	14.827686092916617	0.0	393804	3066.138440950561	1.1981773	0.3
10617.517683569431	300	17.613318412852692	0.0	137507	1214.3676800639246	1.3744445	-0.15000000000000002
10622.26118978004	1200	16.869812202243587	0.0	550906	4743.5062106091045	1.3597789	0.29999999999999993

