21275.137106899918	750	4.0	1.5985734190571195	450283	1598.5734190571195	0.53800124	-6.123865701945613
21277.91368688339	1200	5.2234200165289835	0.0	611087	2776.579983471017	1.169436	0.75
21279.610771950618	750	7.526334949300513	0.0	350812	1697.0850672284696	1.2348872	0.3
21280.41213153475	300	10.724975365164878	0.0	155432	801.3595841356348	1.1914812	-0.15000000000000002
21281.298634046572	300	13.838472853344802	0.0	163442	886.5025118200781	1.1749822	0.3
21282.94288501039	750	16.194221889527817	0.0	318564	1644.2509638169836	1.2305437	0.3
21284.44212346422	750	18.694983435697296	0.0	352642	1499.238453830522	1.337295	0.75
21285.061276122447	300	22.075830777472564	0.0	173849	619.1526582247326	1.3858908	-0.15000000000000002
21285.587463234515	300	25.549643665404286	0.0	150710	526.1871120682813	1.3582318	0.3
21286.684450263918	750	28.452656636000633	0.0	362795	1096.9870294036523	1.3886774	0.3
21289.909272577894	1850	29.227834322023384	0.0	939819	3224.822313977249	1.487796	0.75
21291.660300819538	1200	31.47680608037919	0.0	594078	1751.0282416441905	1.6471426	0.5499999999999999
21293.997389370277	1200	33.13971752964022	0.0	624282	2337.088550738972	1.5958982	1.2
21302.454677850073	4300	28.682429049843353	0.0	2275376	8457.288479796864	1.5917197	1.1999999999999997
21305.157368788416	1850	29.979738111501455	0.0	821631	2702.6909383418997	0.9299583	-0.6000000000000001
21305.762474294464	300	33.374632605452824	0.0	138313	605.1055060486285	1.6793969	-1.25
21306.398554491487	300	36.73855240843215	0.0	143509	636.080197020673	1.4529736	0.3
21307.985131783847	750	39.15197511607345	0.0	372963	1586.577292358698	1.4790632	0.3
21309.733225879307	750	41.4038810206129	0.0	405596	1748.0940954605567	1.5873928	0.75
21311.961348590296	1200	43.17575830962568	0.0	586839	2228.122710987217	1.6111455	0.75
21315.83321876305	1850	43.30388813687234	0.0	891604	3871.87017275334	1.7156652	1.2000000000000002
21319.635538692204	1850	43.50156820771802	0.0	955231	3802.3199291543133	1.6174048	1.85
21324.518363684896	2850	42.6187432150246	0.0	1505760	4882.824992693425	1.5605962	1.85
21333.493803207533	4300	37.64330369238876	0.0	2044075	8975.439522635841	0.7111471	2.8499999999999996
21342.486109467718	4300	32.650997432201045	0.0	2186790	8992.306260187719	0.486079	4.3
21350.567864017932	4300	28.569242881987485	0.0	2105231	8081.754550213562	0.5466411	4.3
21360.830836533576	4300	22.306270366343625	0.0	2395588	10262.972515643858	0.5590011	4.3
21363.181790576175	1850	23.95531632374624	0.0	758197	2350.9540425973864	1.0604335	-0.6000000000000001
21365.704408249137	1200	25.43269865078544	0.0	622896	2522.617672960798	1.6697001	0.5499999999999999
21366.611806148252	300	28.525300751669594	0.0	149029	907.3978991158484	1.6136715	-0.6000000000000001
21369.240003603405	1200	29.897103296517635	0.0	570392	2628.1974551519606	1.431325	0.29999999999999993
21371.61418330382	750	31.52292359610318	0.0	400322	2374.179700414453	1.6387483	0.3
21376.507157134874	1850	30.629949765050345	0.0	885062	4892.973831052838	1.5276142	0.75
21387.9735075097	4300	23.163599390225684	0.0	2286761	11466.350374824659	1.6827288	1.8499999999999996
21394.35815793337	2850	20.778948966558826	0.0	1492672	6384.650423666857	1.2279497	1.4000000000000001
21398.295981835512	1850	20.841125064416964	0.0	943942	3937.8239021418613	1.4827871	0.8500000000000001
21400.864960775427	1850	22.272146124501337	0.0	728962	2568.9789399156243	1.6588811	1.85
21404.281675173715	1850	22.85543172621359	0.0	938587	3416.714398287747	1.6397734	1.85
21409.594369132752	2850	21.542737767176042	0.0	1427478	5312.693959037549	1.629889	1.85
21418.107754251163	4300	17.029352648767848	0.0	2146120	8513.385118408196	1.0895952	2.8499999999999996
21426.62279913889	4300	12.514307761039557	0.0	2108491	8515.044887728289	0.8058871	4.3
21436.09782855068	4300	7.039278349254528	0.0	2184571	9475.02941178503	1.1292745	4.3
21440.03845176345	1850	7.098655136485548	0.0	886255	3940.6232127689796	1.6090415	-0.6000000000000001
21442.510677184608	1200	8.62642971532619	0.0	634861	2472.2254211593595	1.4367162	0.5499999999999999
21445.467554137824	1200	9.669552762109983	0.0	630203	2956.876953216206	1.4367392	1.2
21447.321370714486	750	11.815736185445346	0.0	393804	1853.8165766646387	1.4153044	0.3
21450.542893386737	1850	12.594213513193779	0.0	830730	3221.5226722515663	1.4181447	0.75
21453.399936406866	1200	13.737170493064	0.0	550906	2857.04302012978	1.6459454	0.5499999999999999

