10730.692809308977	750	4.0	0.9321555281170851	450283	932.1555281170852	1.2949197	-3.2582687709034657
10731.050051522707	300	7.642757786269979	0.0	155580	357.24221373002086	0.8972174	-0.15000000000000002
10731.742921138659	750	10.949888170318074	0.0	350812	692.8696159519062	1.14681	0.3
10732.07229823904	300	14.620511069938717	0.0	155432	329.3771003793569	1.3705885	-0.15000000000000002
10733.21463043022	1200	17.478178878757628	0.0	652874	1142.332191181085	1.4002813	0.29999999999999993
10735.404602829958	2850	19.288206479020175	0.0	1224260	2189.9723997374545	1.572672	1.2000000000000002
10737.013049138213	1850	21.67976017076535	0.0	905515	1608.4463082548275	1.6525594	0.8500000000000001
10740.972002123855	4300	21.720807185122844	0.0	2290172	3958.952985642504	1.6134659	1.8499999999999996
10741.70563618995	750	24.98717311902794	0.0	374758	733.6340660949045	1.6252867	-2.8
10742.437265242004	750	28.255544066974636	0.0	362795	731.6290520533024	1.5532538	0.75
10743.956655241333	1200	30.73615406764736	0.0	607410	1519.3899993272742	1.5707072	0.75
10745.963779557045	1850	32.729029751934355	0.0	917428	2007.1243157130048	1.6016564	1.2000000000000002
10748.092372406942	1850	34.600436902039455	0.0	946851	2128.5928498948983	1.6531057	1.85
10749.11837183467	750	37.57443747431191	0.0	434409	1025.9994277275455	1.6508746	-0.3500000000000001
10750.930272160396	1850	39.762537148585345	0.0	821631	1811.9003257265563	1.6168963	0.75
10755.634073313382	4300	39.05873599559988	0.0	2152483	4703.801152985461	1.6776257	1.8499999999999996
10756.85961041226	1200	41.833198896721214	0.0	617242	1225.5370988786651	1.4382542	-1.9000000000000001
10758.47579150538	1850	44.217017803601905	0.0	885714	1616.1810931193077	1.6653459	1.2000000000000002
10759.686727342849	1200	47.00608196613157	0.0	639204	1210.9358374703356	1.6740469	0.5499999999999999
10760.368905861833	750	50.32390344714947	0.0	350713	682.1785189821019	1.691508	0.3
10763.040190111862	2850	51.65261919711872	0.0	1415116	2671.2842500307497	1.6902874	0.75
10764.241399334278	1200	54.451409974703985	0.0	616206	1201.209222414731	1.5404971	-0.44999999999999996
10765.674440517934	1200	57.018368791048026	0.0	656471	1433.0411836559558	1.6957896	1.2
10766.69361968912	1200	59.500672578739625	0.0	536667	1017.6962123083997	1.698509	1.2
10768.485693868686	1850	59.880376906445456	0.0	897976	1620.295672294171	1.6954298	1.2000000000000002
10770.743088331768	1850	59.79256893329003	0.0	905935	2087.8079731554217	1.6062682	1.85
10773.042918695306	1850	59.72744695833461	0.0	1076599	2065.121974955423	1.6321185	1.85
10775.425763292033	2850	59.538378925812886	0.0	1141971	2189.068032521715	1.6005642	1.85
10778.501261447534	2850	59.657518153964844	0.0	1498470	2880.860771848044	1.280022	2.85
10782.478621018174	4300	59.68015858332554	0.0	2164140	3977.3595706393035	1.2854363	2.8499999999999996
10785.056351011239	2850	59.792292044887624	0.0	1341201	2387.8665384379224	0.6733898	1.4000000000000001
10787.329585241869	1850	59.965606652137694	0.0	954453	1826.6853927499294	1.1919819	0.8500000000000001
10788.404709802646	750	59.716318809738816	0.0	369834	749.2878423988755	1.5077038	-0.3500000000000001
10790.466667296418	1850	59.88325835049221	0.0	1035329	1833.060459246605	1.7057123	0.75
10794.932848788727	4300	59.417076858182384	0.0	2307787	4466.181492309825	1.5006878	1.8499999999999996
10799.234259834262	4300	59.11566581264776	0.0	2143948	4301.411045534626	0.60688454	4.3
10802.781403465775	4300	59.56852218113276	0.0	1919781	3547.1436315150077	0.5557891	4.3
10807.148644239467	4300	59.20128140744189	0.0	2147467	4367.240773690865	0.52852374	4.3
10811.010565186412	4300	59.33936046049494	0.0	2133870	3861.9209469469547	0.5185865	4.3
10813.794017995097	2850	59.82903153276377	0.0	1402287	2510.3289277311637	0.49112713	1.4000000000000001
10817.834900774786	4300	59.788148753073735	0.0	2108491	4040.882779690039	0.84802	2.8499999999999996
10821.921630638075	4300	59.70141888978644	0.0	2184571	4086.729863287302	0.48872095	4.3
10825.763293215836	4300	59.85975631202555	0.0	2121928	3841.6625777608883	0.45702037	4.3
10828.740403182737	2850	59.58740075548483	0.0	1587250	2772.355556540719	0.45205325	1.4000000000000001
10831.612723323104	2850	59.558617919068276	0.0	1464921	2528.782836416553	0.74941075	2.85
10836.305156408775	4300	58.86618483339689	0.0	2246506	4692.433085671379	0.7124861	2.8499999999999996
10840.601559002062	4300	58.5697822401085	0.0	1961140	4296.402593288392	0.4193675	4.3
10845.339445713715	4300	57.83189552845658	0.0	2155012	4737.886711651921	0.44258398	4.3

