19649.960546765597	750	4.0	1.9680897620528024	450283	1968.0897620528024	1.4768206	-7.71278597682705
19652.179320380863	750	5.781226384733127	0.0	398865	2218.7736152668726	1.1086442	0.75
19653.854779632158	750	8.105767133436677	0.0	350812	1675.4592512964498	1.1079243	0.75
19655.29039834539	750	10.670148420202866	0.0	382355	1435.6187132338102	1.2207377	0.75
19657.541372400054	1200	12.419174365542114	0.0	652874	2250.974054660752	1.313569	0.75
19659.327292345304	1200	14.633254420289552	0.0	520315	1785.919945252563	1.4197409	1.2
19662.302194208733	1850	15.658352556858013	0.0	905515	2974.9018634315375	1.4456853	1.2000000000000002
19672.93201872516	1850	9.028528040431045	0.0	1060487	10629.824516426968	1.5241205	1.85
19677.103981936707	750	8.856564828881805	0.0	374758	4171.96321154924	1.1402956	-0.3500000000000001
19678.830603120372	750	11.129943645219416	0.0	362795	1726.6211836623868	1.0090024	0.75
19679.462889777922	300	14.497656987669139	0.0	141840	632.2866575502783	1.2482419	-0.15000000000000002
19681.866707579316	1200	16.093839186275993	0.0	594078	2403.8178013931465	1.2544609	0.29999999999999993
19683.531372397778	750	18.429174367813225	0.0	386351	1664.6648184627643	1.4410713	0.3
19684.32835790876	300	21.63218885683115	0.0	179801	796.9855109820783	1.385074	-0.15000000000000002
19687.320156946338	1850	22.640389819251986	0.0	821631	2991.7990375791633	1.3423797	0.30000000000000004
19687.901859854555	300	26.05868691103345	0.0	138313	581.7029082185336	1.5974252	-1.25
19688.49043430949	300	29.470112456100317	0.0	143509	588.5744549331346	1.3829023	0.3
19689.838858304414	750	32.1216884611752	0.0	372963	1348.4239949251178	1.4154034	0.3
19692.429780871316	1200	33.530765894272484	0.0	639204	2590.9225669027173	1.525461	0.75
19694.987308787015	1200	34.97323797857497	0.0	586839	2557.5279156975093	1.6075337	1.2
19701.284712869652	1850	32.675833895937046	0.0	891604	6297.404082637928	1.6156648	1.2000000000000002
19705.256827082245	1200	32.70371968334218	0.0	616206	3972.114212594864	1.6139246	0.5499999999999999
19710.715426925733	1850	31.245119839853484	0.0	968026	5458.599843488695	1.5484487	1.2000000000000002
19713.038263231974	750	32.92228353361458	0.0	343800	2322.8363062389026	1.6510377	-0.3500000000000001
19713.93636129437	300	36.0241854712194	0.0	146754	898.0980623951823	1.4900011	-0.15000000000000002
19714.775473412563	300	39.18507335302558	0.0	153938	839.112118193815	1.4586598	0.3
19719.28569237418	1850	38.67485439141215	0.0	1076599	4510.218961613436	1.4992528	0.30000000000000004
19725.257599157652	2850	36.70294760793712	0.0	1141971	5971.906783475032	1.6097403	1.85
19736.654537554812	4300	29.30600921077909	0.0	2134614	11396.938397158026	1.1361374	2.8499999999999996
19739.9051206691	1200	30.05542609649114	0.0	641447	3250.583114287952	1.0333422	-1.9000000000000001
19741.12238393586	750	32.83816282972893	0.0	358218	1217.2632667622136	1.6136357	0.3
19746.047253998222	1850	31.91329276736667	0.0	954453	4924.870062362257	1.6343639	0.75
19751.57321279554	1200	30.387333970049273	0.0	584349	5525.9587973174	1.6829889	0.5499999999999999
19754.318072962153	750	31.64247380343776	0.0	412837	2744.8601666115133	1.5435357	0.3
19758.068145364578	1200	31.892401401012414	0.0	690253	3750.0724024253414	1.5432445	0.75
19762.54584955826	1850	31.41469720732952	0.0	943942	4477.704193682895	1.6661204	1.2000000000000002
19774.17430747162	4300	23.78623929396983	0.0	1919781	11628.457913359689	1.606046	1.8499999999999996
19784.471245739776	4300	17.48930102581431	0.0	2147467	10296.93826815552	1.13791	4.3
19791.81360668723	2850	14.146940078363295	0.0	1427478	7342.360947451017	1.1877084	1.4000000000000001
19800.825320104814	4300	9.135226660776482	0.0	2146120	9011.713417586814	1.6225163	2.8499999999999996
19802.52517828647	750	11.435368479119399	0.0	345516	1699.8581816570827	1.5268033	-2.8
19805.484959347337	1200	12.47558741825263	0.0	641452	2959.7810608667696	1.3736241	0.75
19808.07463320312	1200	13.885913562471519	0.0	599477	2589.673855781112	1.4975406	1.2
19812.06078211552	1850	13.89976465007176	0.0	973972	3986.148912399759	1.5483572	1.2000000000000002
19818.598603227667	2850	11.361943537922055	0.0	1464921	6537.821112149703	1.6346295	1.85
19824.019330322724	2850	9.941216442865992	0.0	1483527	5420.727095056062	1.6223575	2.85
19826.525793944846	1850	11.434752820741549	0.0	830730	2506.4636221244446	1.6040055	0.8500000000000001
19829.266675352144	1850	12.69387141344435	0.0	846370	2740.881407297199	1.6502331	1.85

