20198.986959144666	750	4.0	3.791441730238546	450283	3791.441730238546	1.6451985	-15.553199440025747
20200.374005399237	300	6.6129537454278156	0.0	155580	1387.046254572185	0.6934028	-0.15000000000000002
20201.391231463716	300	9.595727680951125	0.0	139857	1017.2260644766923	0.9570354	0.3
20205.221306536558	1200	9.765652608108937	0.0	617681	3830.075072842187	1.0875999	0.29999999999999993
20208.00950937311	750	10.97744977155687	0.0	411561	2788.202836552065	1.2664026	0.3
20211.031420027703	1200	11.955539116964397	0.0	520315	3021.910654592473	1.2011377	0.75
20213.14752016921	1200	13.839438975457663	0.0	561791	2116.100141506735	1.3248929	1.2
20215.781116591275	1200	15.20584255339233	0.0	709534	2633.596422065333	1.4175882	1.2
20218.167016647036	1200	16.81994249763003	0.0	584846	2385.900055762297	1.42443	1.2
20219.025119197955	300	19.961839946712885	0.0	139105	858.10255091715	1.4369187	-0.6000000000000001
20219.791732376776	300	23.195226767891526	0.0	141840	766.6131788213561	1.2771916	0.3
20223.56296155156	1200	23.423997593105508	0.0	594078	3771.2291747860186	1.3212603	0.29999999999999993
20227.23799193052	1200	23.748967214143658	0.0	624282	3675.0303789618506	1.4400932	1.2
20229.172889550748	750	25.814069593917285	0.0	434409	1934.8976202263746	1.4512798	0.3
20232.348278294987	1200	26.638680849679403	0.0	526950	3175.3887442378805	1.4449861	0.75
20234.440241509295	750	28.546717635369934	0.0	366214	2091.9632143094695	1.479964	0.3
20240.83825626461	1850	26.148702880054913	0.0	966699	6398.01475531502	1.4382138	0.75
20245.684581233352	1200	25.302377911315286	0.0	581493	4846.324968739629	1.5366277	0.5499999999999999
20247.73689197164	300	27.250067173026245	0.0	165384	2052.3107382890425	1.4458369	-0.6000000000000001
20258.095441986163	1850	20.891517158502648	0.0	923755	10358.550014523596	1.3213205	0.30000000000000004
20259.385656195707	300	23.601302948956917	0.0	157671	1290.2142095457302	1.3984656	-1.25
20266.282642119684	1850	20.704317024982018	0.0	955231	6896.9859239748985	1.3227346	0.30000000000000004
20273.052404493083	1850	17.93455465158122	0.0	968026	6769.762373400798	1.4839123	1.85
20278.35075859164	1850	16.636200553024185	0.0	874175	5298.354098557037	1.4571309	1.85
20281.620231551897	1200	17.36672759276775	0.0	587236	3269.4729602564375	1.4745486	0.5499999999999999
20285.21647128964	1200	17.770487855022875	0.0	590335	3596.2397377448715	1.434227	1.2
20290.158611096453	1200	16.828348048211517	0.0	696376	4942.1398068113585	1.4253184	1.2
20292.63432553447	750	18.35263361019506	0.0	277716	2475.714438016459	1.3831967	0.3
20302.43955900001	1850	12.547400144656647	0.0	972798	9805.233465538411	1.3299488	0.75
20306.775528115533	750	12.211431029129978	0.0	400508	4335.969115526669	1.2634546	-0.3500000000000001
20308.27520630227	300	14.711752842393787	0.0	157421	1499.6781867361904	1.136546	-0.15000000000000002
20311.735821555452	750	15.25113758921461	0.0	400322	3460.6152531791786	1.1728042	0.3
20313.114098314756	300	17.872860829908987	0.0	143881	1378.276759305624	1.2667288	-0.15000000000000002
20317.038670697122	750	17.948288447539156	0.0	412837	3924.5723823698313	1.2424489	0.3
20325.104489847363	1200	13.882469297299545	0.0	690253	8065.819150239609	1.3186371	0.75
20327.409561862918	300	15.577397281743158	0.0	159914	2305.0720155563863	1.2312956	-0.6000000000000001
20329.062876249667	300	17.924082894996275	0.0	131610	1653.314386746886	1.1675668	0.3
20330.44310307008	300	20.543856074583548	0.0	124011	1380.2268204127265	1.2441281	0.3
20335.960748230522	750	19.02621091414355	0.0	378327	5517.645160440001	1.3153411	0.3
20345.761155274904	1200	13.225803869760705	0.0	587506	9800.407044382846	1.3248113	0.75
20349.175635752028	300	13.811323392635481	0.0	147968	3414.480477125223	1.1655829	-0.6000000000000001
20353.525813460245	300	13.461145684418858	0.0	161857	4350.177708216624	1.0939411	0.3
20360.959799299468	750	10.027159845195518	0.0	372093	7433.985839223341	1.0655282	0.3
20362.760600349957	300	12.226358794707929	0.0	172312	1800.8010504875886	0.9223461	-0.15000000000000002
20366.47310871617	750	12.513850428493162	0.0	398987	3712.5083662147667	1.1297443	0.3
20368.00391953812	300	14.98303960654365	0.0	160064	1530.8108219495116	1.2604673	-0.15000000000000002
20369.576286873904	300	17.410672270760333	0.0	137507	1572.3673357833168	1.2763908	0.3
20374.86954869713	1200	16.117410447535978	0.0	550906	5293.261823224355	1.3201284	0.29999999999999993

