3796.193768521087	750	4.0	2.855960794164828	450283	2855.9607941648283	1.0642966	-11.530631414908761
3797.0027805052896	300	7.1909880157968455	0.0	155580	809.011984203154	0.6616799	-0.15000000000000002
3798.1755144073204	750	10.018254113766275	0.0	350812	1172.7339020305694	0.9021277	0.3
3799.8030029498636	750	12.390765571223195	0.0	382355	1627.4885425430798	1.1906557	0.75
3803.223067393673	1200	12.970701127414088	0.0	652874	3420.064443809108	1.3012017	0.75
3807.8119286710967	1850	12.381839849990461	0.0	801058	4588.861277423627	1.3745646	1.2000000000000002
3810.39203519736	750	13.80173332372716	0.0	352642	2580.106526263301	1.4084818	-0.3500000000000001
3811.4640146532074	300	16.72975386788008	0.0	173849	1071.9794558470776	1.291188	-0.15000000000000002
3812.267944090844	300	19.925824430243242	0.0	150710	803.9294376368366	1.332418	0.3
3812.9269805748795	300	23.266787946208147	0.0	139105	659.0364840350962	1.3748063	0.3
3815.2659072369506	1200	24.92786128413713	0.0	607410	2338.9266620710187	1.4256406	0.29999999999999993
3815.8608047955554	300	28.33296372553228	0.0	156148	594.8975586048476	1.5422151	-0.6000000000000001
3816.473829073875	300	31.71993944721258	0.0	160746	613.0242783196987	1.4955778	0.3
3819.491559537571	1200	32.70220898351674	0.0	687371	3017.7304636958384	1.5257382	0.29999999999999993
3821.3356641509695	1200	34.8581043701179	0.0	526950	1844.1046133988461	1.5943894	1.2
3823.372289568244	1200	36.82147895284348	0.0	587876	2036.625417274425	1.5996896	1.2
3829.5555787145277	2850	34.63818980656003	0.0	1491626	6183.289146283454	1.601115	1.2000000000000002
3831.6741473702637	750	36.51962115082408	0.0	372963	2118.5686557359422	1.636441	-1.35
3835.297677904348	1200	36.89609061673987	0.0	639204	3623.530534084213	1.575558	0.75
3838.6241764342412	1200	37.56959208684634	0.0	586839	3326.498529893529	1.5893587	1.2
3841.551894595522	1200	38.64187392556545	0.0	601738	2927.7181612808913	1.599198	1.2
3844.8661043999396	1200	39.32766412114796	0.0	616206	3314.2098044174927	1.6087621	1.2
3851.8845823229276	1850	36.30918619815967	0.0	968026	7018.477922988286	1.6001642	1.2000000000000002
3860.4897280030636	2850	31.70404051802356	0.0	1323990	8605.145680136111	1.6003543	1.85
3865.3080571982746	1850	30.885711322812966	0.0	897976	4818.329195210594	1.6145736	0.8500000000000001
3873.4506184217316	1850	26.743150099355802	0.0	905935	8142.561223457166	1.5959051	1.85
3876.669375352882	750	27.52439316820527	0.0	425781	3218.756931150532	1.5655171	-0.3500000000000001
3877.646596973825	300	30.547171547261815	0.0	111155	977.2216209434521	1.5374488	-0.15000000000000002
3881.733930232548	750	30.459838288538926	0.0	400396	4087.33325872289	1.5072727	0.3
3883.1865541417096	300	33.007214379377615	0.0	149029	1452.6239091613122	1.5117408	-0.15000000000000002
3888.3595368164583	1200	31.83423170462898	0.0	570392	5172.982674748632	1.5158765	0.29999999999999993
3893.0693471063	750	31.124421414787523	0.0	400322	4709.810289841453	1.5678228	0.3
3894.5594596028004	300	33.63430891828716	0.0	143881	1490.1124965003642	1.5272194	-0.15000000000000002
3898.176911923156	750	34.0168565979315	0.0	412837	3617.45232035566	1.5360832	0.3
3904.6384341009334	1850	31.555334420153986	0.0	1026056	6461.522177777513	1.5572389	0.75
3907.5755561262577	750	32.6182123948293	0.0	365161	2937.122025324689	1.5935365	-0.3500000000000001
3916.7890329464794	1200	27.404735574607727	0.0	487812	9213.476820221571	1.5928116	0.75
3922.354536621105	1850	25.839231899982334	0.0	938587	5565.503674625392	1.500235	1.2000000000000002
3925.584131243119	1200	26.609637277968073	0.0	605884	3229.594622014261	1.5990664	0.5499999999999999
3929.4155278223543	1850	26.778240698732546	0.0	930577	3831.3965792355257	1.5997076	1.2000000000000002
3931.4842941659217	1200	28.709474355164858	0.0	566904	2068.766343567687	1.6215956	0.5499999999999999
3933.657715152774	1200	30.53605336831291	0.0	641452	2173.420986851948	1.6356378	1.2
3936.750708404152	1850	31.44306011693491	0.0	886255	3092.993251378	1.6509182	1.2000000000000002
3941.5571919127447	2850	30.636576608342285	0.0	1587250	4806.483508592624	1.6428188	1.85
3945.2549849584516	2850	30.938783562635205	0.0	1464921	3697.793045707081	1.4934644	2.85
3952.892072672742	4300	27.301695848344863	0.0	2246506	7637.087714290344	1.446264	2.8499999999999996
3960.7963183843453	4300	23.397450136741824	0.0	1961140	7904.245711603039	1.0863792	4.3
3973.124690481839	4300	15.069078039247783	0.0	2155012	12328.37209749404	1.2869562	4.3

