1286.5418533750585	750	4.0	4.665178135276565	450283	4665.178135276565	1.6265988	-19.31026598168923
1288.040687942948	300	6.501165432110702	0.0	155580	1498.8345678892972	0.5126429	-0.15000000000000002
1293.5940026266978	750	4.947850748360913	0.0	350812	5553.31468374979	0.7963983	0.3
1297.9005906737116	300	4.641262701347004	0.0	155432	4306.588047013909	0.6252297	-0.15000000000000002
1300.9137106795129	300	5.6281426955456775	0.0	163442	3013.1200058013264	0.28105348	0.3
1303.4191229471285	300	7.1227304279301205	0.0	126289	2505.412267615557	0.612113	0.3
1306.4173634822694	300	8.124489892789173	0.0	153295	2998.2405351409475	0.66868436	0.3
1309.7222186308052	300	8.819634744253568	0.0	173849	3304.855148535605	0.789957	0.3
1324.7492483978328	1200	4.0	6.207395022773929	584846	15027.029767027498	0.8204102	-26.391798597927895
1327.7779799612317	300	4.971268436600887	0.0	139105	3028.7315633991125	0.08607189	-0.6000000000000001
1331.3618218374995	300	5.387426560333268	0.0	141840	3583.8418762676188	0.15787993	0.3
1336.3147818043637	300	4.434466593469164	0.0	156148	4952.959966864104	0.16551982	0.3
1341.4672809853157	300	4.0	0.7180325874828731	160746	5152.499180952037	0.026021801	-2.7875401261763546
1344.624989765433	300	4.842291219882852	0.0	179801	3157.7087801171483	0.05428622	0.3
1345.6444017238716	300	7.822879261444096	0.0	140051	1019.4119584387554	0.033973	0.3
1346.4727761807485	300	10.994504804567297	0.0	138313	828.3744568767985	0.6752159	0.3
1349.5451230804094	1200	11.92215790490658	0.0	617242	3072.346899660716	0.99010855	0.29999999999999993
1350.3832646950866	300	15.08401629022942	0.0	150616	838.1416146771613	1.2960433	-0.6000000000000001
1351.3031227268564	300	18.164158258459608	0.0	165384	919.8580317698132	1.2621815	0.3
1355.3914065560696	1850	18.07587442924628	0.0	923755	4088.283829213325	1.3695621	0.30000000000000004
1357.3327396044206	750	20.134541380895516	0.0	386472	1941.3330483507639	1.5623026	-0.3500000000000001
1358.3664549806374	300	23.100826004678687	0.0	157812	1033.7153762168273	1.475529	-0.15000000000000002
1360.4026283945948	750	25.064652590721277	0.0	401853	2036.1734139574107	1.4343549	0.3
1364.8630161672372	1850	24.604264818078914	0.0	874175	4460.387772642363	1.5131006	0.75
1368.9089052117217	1200	24.558375773594342	0.0	587236	4045.889044484573	1.5932521	0.5499999999999999
1374.044088678631	1200	23.423192306685074	0.0	590335	5135.183466909273	1.5347466	1.2
1377.561942828399	750	23.905338156917093	0.0	425781	3517.854149767979	1.4976196	0.3
1378.4676751700872	300	26.99960581522879	0.0	111155	905.7323416883005	1.5028753	-0.15000000000000002
1390.9849590404428	2850	18.48232194487305	0.0	1498470	12517.283870355743	1.4784123	0.30000000000000027
1392.3045705137217	300	21.162710471594238	0.0	149029	1319.611473278813	1.499952	-2.25
1393.7077220273422	300	23.759558957973734	0.0	157421	1403.1515136205019	1.4107344	0.3
1395.1620358249852	300	26.305245160330777	0.0	157488	1454.313797642957	1.4546887	0.3
1397.9664161925875	750	27.500864792728475	0.0	369834	2804.3803676023035	1.451147	0.3
1408.8805326067477	2850	20.586748378568164	0.0	1587293	10914.116414160311	1.5239701	0.75
1414.4014966902223	1850	19.065784295093486	0.0	1026056	5520.964083474679	1.525646	0.8500000000000001
1421.7516471723561	2850	15.715633812959656	0.0	1439896	7350.150482133831	1.5352029	1.85
1424.871969117972	1850	16.595311867343582	0.0	728962	3120.321945616074	1.5961939	0.8500000000000001
1429.0256697869938	1850	16.44161119832176	0.0	938587	4153.700669021823	1.5696793	1.85
1434.8267468327708	1850	14.640534152544893	0.0	908665	5801.077045776867	1.5649092	1.85
1437.8457136921538	1200	15.621567293161817	0.0	587506	3018.9668593830756	1.494518	0.5499999999999999
1438.6264604157664	300	18.840820569549326	0.0	147968	780.7467236124907	1.4903326	-0.6000000000000001
1441.6947195667626	1200	19.772561418552893	0.0	641452	3068.2591509964323	1.4832407	0.29999999999999993
1443.3485740779872	750	22.11870690732857	0.0	372093	1653.8545112243264	1.5725154	0.3
1446.2893841226019	1200	23.17789686271384	0.0	634861	2940.810044614727	1.5767998	0.75
1450.5082713267216	1850	22.959009658594134	0.0	958994	4218.887204119708	1.6029876	1.2000000000000002
1455.3225705594052	1850	22.14471042591046	0.0	982064	4814.299232683676	1.6271167	1.85
1459.545490151797	1850	21.921790833518703	0.0	830730	4222.91959239176	1.6467512	1.85
1463.9010615311272	1850	21.566219454188474	0.0	846370	4355.571379330226	1.629811	1.85

