24503.06279585829	750	4.0	2.4304790559882594	450283	2430.4790559882595	1.3100625	-9.701059940749515
24505.90955930391	750	5.153236554379288	0.0	398865	2846.763445620712	0.7109626	0.75
24506.834203026257	300	8.228592832030335	0.0	139857	924.6437223489521	0.83126795	-0.15000000000000002
24509.252961212893	750	9.809834645394114	0.0	382355	2418.758186636222	0.9295854	0.3
24510.30733097054	300	12.755464887744067	0.0	163442	1054.369757650048	1.0726612	-0.15000000000000002
24511.091356789977	300	15.971439068307337	0.0	126289	784.0258194367298	1.1948792	0.3
24513.324008513446	750	17.73878734483827	0.0	352642	2232.651723469069	1.2903162	0.3
24514.85718125013	300	20.20561460815627	0.0	173849	1533.1727366819953	1.3667096	-0.15000000000000002
24520.05534354631	1200	19.007452311973452	0.0	584846	5198.162296182819	1.365466	0.29999999999999993
24521.105193829622	300	21.957602028662023	0.0	139105	1049.8502833114303	1.4279444	-0.6000000000000001
24524.15930301587	750	22.903492842416284	0.0	353220	3054.1091862457392	1.3829385	0.3
24529.855037882928	750	21.207757975357737	0.0	405134	5695.734867058547	1.4414566	0.75
24552.12981578835	1850	4.0	1.0670199300670793	946851	22274.777905424817	1.3620387	-3.8381856992884407
24554.096065271227	300	6.0337505171208585	0.0	179801	1966.2494828791414	0.24310973	-1.25
24555.55962987652	300	8.570185911830418	0.0	140051	1463.5646052904406	0.6312522	0.3
24560.18106206026	750	7.948753728090923	0.0	366214	4621.4321837394955	0.8879797	0.3
24561.28308869357	300	10.84672709477941	0.0	143509	1102.026633311511	0.6780587	-0.15000000000000002
24562.356399695826	300	13.773416092523762	0.0	150616	1073.3110022556475	1.0016229	0.3
24563.925378881708	300	16.204436906641945	0.0	165384	1568.9791858818185	1.0635022	0.3
24568.805633317006	750	15.324182471343144	0.0	350713	4880.2544352988	1.1745433	0.3
24572.586173342203	1200	15.543642446145629	0.0	601738	3780.5400251975148	1.2542537	0.75
24574.47636549702	750	17.653450291329886	0.0	399894	1890.1921548157445	1.3736465	0.3
24577.19714385384	750	18.93267193450926	0.0	401853	2720.7783568206282	1.4216298	0.75
24577.835139841714	300	22.29467594663643	0.0	137654	637.9959878728247	1.4506459	-0.15000000000000002
24578.37535792276	300	25.75445786559032	0.0	146754	540.2180810461111	1.4495234	0.3
24583.03981855237	1850	25.08999723597678	0.0	905935	4664.460629613538	1.4988993	0.30000000000000004
24587.253522492938	1850	24.87629329541153	0.0	1076599	4213.703940565255	1.5802523	1.85
24589.23030896124	1200	26.899506827111576	0.0	487160	1976.7864682999498	1.6166228	0.5499999999999999
24593.142493136398	1850	26.987322651951818	0.0	972798	3912.184175159761	1.5922301	1.2000000000000002
24597.977613359853	1850	26.15220242849587	0.0	975811	4835.12022345595	1.6154287	1.85
24610.470359936382	4300	17.659455851965816	0.0	2113193	12492.746576530051	1.6142931	1.8499999999999996
24619.519060541676	1850	12.610755246674827	0.0	954453	9048.70060529099	1.5607361	-0.6000000000000001
24620.420836053458	300	15.708979734891997	0.0	143881	901.7755117828317	1.3930972	-1.25
24625.500133707086	750	14.629682081262468	0.0	412837	5079.297653629529	1.376819	0.3
24632.241155199976	1200	11.888660588374186	0.0	690253	6741.021492888281	1.313184	0.75
24634.18164897285	750	13.948166815497942	0.0	365161	1940.4937728762457	1.2756802	0.3
24635.00275115551	300	17.12706463283622	0.0	131610	821.1021826617192	1.3771741	-0.15000000000000002
24635.694357792858	300	20.43545799549021	0.0	124011	691.606637346008	1.3700197	0.3
24639.37994800749	1200	20.749867780859677	0.0	605884	3685.5902146305334	1.488738	0.29999999999999993
24646.847276435772	1850	17.28253935257383	0.0	930577	7467.328428285844	1.565876	1.2000000000000002
24647.97897137535	750	20.150844412996374	0.0	345516	1131.6949395774548	1.4985543	-0.3500000000000001
24649.034685849794	300	23.09512993855363	0.0	161857	1055.7144744427458	1.5649985	-0.15000000000000002
24650.02918584419	300	26.100629944156942	0.0	145210	994.4999943966856	1.5638639	0.3
24653.355623077256	750	26.774192711092567	0.0	438281	3326.4372330643764	1.5529275	0.3
24654.94706642753	300	29.182749360819702	0.0	167025	1591.4433502728652	1.5709693	-0.15000000000000002
24658.718414958534	750	29.41140082981711	0.0	393804	3771.348531002594	1.5534285	0.3
24667.65329039732	2850	24.47652539102849	0.0	1231456	8934.875438788622	1.5994306	0.75
24677.74608225906	2850	18.38373352929108	0.0	1364537	10092.791861737405	1.6310678	2.85

