4.948165992489615	750	4.0	4.948165992489615	450283	4948.165992489616	0.5	-20.527113767705345
6.354951799084005	300	6.593214193405611	0.0	155580	1406.7858065943897	0.51359266	-0.15000000000000002
7.367596136950351	300	9.580569855539265	0.0	139857	1012.6443378663465	0.93393165	0.3
10.46062950162346	750	10.487536490866155	0.0	382355	3093.0333646731083	1.0851715	0.3
14.51103591454578	750	10.437130077943838	0.0	411561	4050.4064129223184	1.1567835	0.75
20.583691164623733	1200	8.364474827865882	0.0	520315	6072.655250077954	1.110805	0.75
29.20090163576675	1200	4.0	0.2527356432771321	561791	8617.210471143015	1.0863754	0.113236733908332
30.659501864021806	300	6.541399771744945	0.0	173849	1458.6002282550555	0.33660856	-0.6000000000000001
32.31967161903463	300	8.881230016732117	0.0	150710	1660.1697550128279	0.6670572	0.3
35.570598199032375	750	9.630303436734366	0.0	362795	3250.926579997751	0.9275187	0.3
41.16542172514919	1200	8.035479910617559	0.0	607410	5594.823526116807	1.066073	0.75
45.94243449067822	750	7.258467145088533	0.0	405134	4777.012765529026	1.0779878	0.3
48.43867435580216	300	8.762227279964584	0.0	160746	2496.239865123948	0.8033144	-0.15000000000000002
50.63435252459509	300	10.566549111171659	0.0	179801	2195.678168792925	0.77556306	0.3
57.023151659072624	750	8.17774997669412	0.0	337059	6388.799134477538	0.95054483	0.3
58.50625986369095	300	10.69464177207579	0.0	138313	1483.1082046183292	0.7358887	-0.15000000000000002
59.819072199608485	300	13.381829436158261	0.0	143509	1312.8123359175302	0.9852003	0.3
64.20428132628217	1200	12.996620309484571	0.0	581493	4385.20912667369	1.1128861	0.29999999999999993
65.31598892646606	300	15.884912709300682	0.0	165384	1111.7076001838882	1.2817854	-0.6000000000000001
68.28607732379038	750	16.914824311976364	0.0	350713	2970.0883973243162	1.2087301	0.3
69.91880562839859	300	19.282096007368146	0.0	157671	1632.7283046082198	1.2786269	-0.15000000000000002
75.35910742809392	1200	17.841794207672823	0.0	616206	5440.301799695322	1.2274287	0.29999999999999993
82.10432240939662	1200	15.096579226370132	0.0	656471	6745.21498130269	1.3513395	1.2
83.58818677120104	300	17.6127148645657	0.0	137654	1483.8643618044318	1.2748735	-0.6000000000000001
85.14688783702881	300	20.054013798737934	0.0	146754	1558.701065827766	1.2142352	0.3
89.61144621153647	750	19.58945542423027	0.0	379700	4464.558374507665	1.251843	0.3
99.32639400503511	1200	13.874507630731632	0.0	696376	9714.947793498637	1.3019477	0.75
108.85298544849284	1200	8.347916187273892	0.0	487160	9526.59144345774	1.1651036	1.2
110.3492908310105	300	10.851610804756229	0.0	153605	1496.305382517663	0.78254515	-0.6000000000000001
112.0037294763069	300	13.197172159459841	0.0	149029	1654.4386452963888	1.0117071	0.3
115.3585386254128	750	13.842363010353937	0.0	358218	3354.809149105904	1.0975288	0.3
118.73401380500995	750	14.46688783075679	0.0	400322	3375.475179597145	1.2227429	0.75
123.79133055127134	1200	13.409571084495397	0.0	584349	5057.316746261394	1.2499781	0.75
128.80835782414547	1200	12.392543811621254	0.0	670129	5017.027272874144	1.2907242	1.2
136.07488912632854	1850	9.1260125094382	0.0	1026056	7266.531302183053	1.2779224	1.2000000000000002
138.66195842942287	750	10.538943206343884	0.0	365161	2587.069303094316	1.2476474	-0.3500000000000001
139.64214636746019	300	13.558755268306557	0.0	131610	980.1879380373264	1.176041	-0.15000000000000002
140.5211411593788	300	16.679760476387944	0.0	124011	878.9947919186128	1.2060417	0.3
141.66557460282712	300	19.53532703293964	0.0	144254	1144.4334434483021	1.2881596	0.3
144.48790362159488	750	20.71299801417185	0.0	390680	2822.329018767792	1.3348553	0.3
150.157277509461	1850	19.04362412630573	0.0	858450	5669.373887866118	1.4512539	0.75
161.06673633337238	2850	12.134165302394392	0.0	1527299	10909.45882391134	1.585996	1.85
172.9587346761494	2850	4.24216695961736	0.0	1343002	11891.998342777031	1.4498283	2.85
179.6011694685766	1200	4.0	2.4002678328098526	634861	6642.434792427212	1.1268564	-10.771151681082367
183.08297027449842	750	4.518199194078158	0.0	398987	3481.800805921842	0.48025486	0.3
184.401086095838	300	7.200083372738578	0.0	160064	1318.1158213395804	0.48871788	-0.15000000000000002
185.4467807207083	300	10.154388747868289	0.0	137507	1045.6946248702893	0.8391502	0.3
187.75187227696438	750	11.849297191612205	0.0	314107	2305.091556256082	1.1167907	0.3

