18898.45843916279	750	4.0	4.264022486880352	450283	4264.022486880352	1.5760521	-17.585296693585512
18901.787013878686	750	4.6714252841044255	0.0	398865	3328.5747158955746	0.541861	0.75
18910.012297935078	750	4.0	3.5538587722903374	350812	8225.284056394763	0.7427095	-14.531592720848451
18914.118016229022	300	4.0	0.10571829394209999	155432	4105.7182939421	0.3443233	-0.60458866395103
18918.87610271345	300	4.0	0.758086484428737	163442	4758.086484428737	0.16438527	-2.9597718830435693
18922.432003706428	300	4.444099007020458	0.0	126289	3555.900992979542	0.17555246	0.3
18924.74664379418	300	6.12945891927126	0.0	153295	2314.6400877491983	0.106942736	0.3
18926.51221123757	300	8.363891475880894	0.0	173849	1765.5674433903644	0.47905198	0.3
18927.9217766571	300	10.954326056353818	0.0	150710	1409.5654195270777	0.8174316	0.3
18930.908434388697	750	11.967668324755007	0.0	362795	2986.6577315988116	0.9566657	0.3
18932.63482479343	300	14.241277920022462	0.0	141840	1726.3904047325448	1.0819325	-0.15000000000000002
18941.546782293222	1200	9.329320420227292	0.0	594078	8911.95749979517	1.0864823	0.29999999999999993
18944.695528094853	750	10.180574618597433	0.0	386351	3148.745801629859	0.9659336	0.3
18945.95485458793	300	12.92124812551878	0.0	179801	1259.3264930786538	1.0111614	-0.15000000000000002
18955.031939500906	1850	7.844163212545414	0.0	821631	9077.084912973365	1.1700755	0.30000000000000004
18956.11356436261	300	10.762538350839163	0.0	138313	1081.6248617062522	1.0718995	-1.25
18957.405357611446	300	13.470745102005564	0.0	143509	1291.7932488335991	1.0345213	0.3
18959.32607253202	300	15.550030181427237	0.0	150616	1920.7149205783267	1.1417283	0.3
18968.901837527043	1200	9.974265186403988	0.0	639204	9575.764995023248	1.1452614	0.29999999999999993
18973.46951882981	750	9.40658388363832	0.0	350713	4567.68130276567	1.0527843	0.3
18976.092572422072	300	10.783530291377938	0.0	157671	2623.0535922603813	0.9424581	-0.15000000000000002
18977.69593610178	300	13.180166611670648	0.0	157812	1603.363679707291	0.9471897	0.3
18979.541943766635	300	15.334158946814892	0.0	163927	1846.0076648557554	1.0394391	0.3
18983.20079008682	750	15.675312626630031	0.0	343800	3658.8463201848617	1.1712409	0.3
18984.867693624452	300	18.00840908899969	0.0	146754	1666.9035376303405	1.221796	-0.15000000000000002
18987.444572772056	300	19.43152994139713	0.0	153938	2576.8791476025617	1.2152313	0.3
18997.796053589624	1850	13.080049123830442	0.0	1076599	10351.480817566688	1.2383403	0.30000000000000004
18998.938057310403	300	15.938045403052445	0.0	111155	1142.0037207779972	1.3037006	-1.25
19000.410820936897	300	18.46528177655801	0.0	153605	1472.7636264944356	1.2120302	0.3
19006.95111800846	1200	15.92498470499376	0.0	641447	6540.2970715642505	1.2940625	0.29999999999999993
19011.36732443409	750	15.50877827936534	0.0	358218	4416.206425628422	1.3296995	0.3
19020.858931972787	1850	10.01717074066724	0.0	954453	9491.6075386981	1.2543389	0.75
19025.919625895818	1200	8.956476817638892	0.0	584349	5060.693923028348	1.1464596	0.5499999999999999
19036.437828425547	750	4.0	1.5617257120915655	412837	10518.202529730457	1.0373639	-6.415420561993732
19041.359375357424	300	4.0	0.9215469318758078	179328	4921.546931875808	0.04796957	-4.112651807065974
19046.04709349407	300	4.0	0.687718136650482	159914	4687.718136650482	0.01899669	-2.6571879875970725
19048.045623008726	300	6.001470485347389	0.0	131610	1998.5295146526107	0.022475757	0.3
19049.474732787705	300	8.572360706367592	0.0	124011	1429.1097789797966	0.047380283	0.3
19050.866666004047	300	11.180427490027473	0.0	144254	1391.9332163401205	0.6344987	0.3
19052.204901591034	300	13.842191903039714	0.0	149991	1338.2355869877592	0.94408065	0.3
19055.2072375159	750	14.839855978172332	0.0	345516	3002.335924867381	1.1291498	0.3
19057.725252732314	300	16.32184076175672	0.0	161857	2518.0152164156098	1.2639649	-0.15000000000000002
19066.039045878708	1200	12.008047615364067	0.0	599477	8313.793146392656	1.2268385	0.29999999999999993
19067.499005159698	300	14.548088334372833	0.0	172312	1459.9592809912342	1.1489398	-0.6000000000000001
19068.717278431493	300	17.32981506257625	0.0	167025	1218.2732717965828	1.215089	0.3
19072.270434759565	750	17.77665873450547	0.0	393804	3553.1563280707787	1.3858436	0.3
19080.74571128159	1850	13.301382212480581	0.0	830730	8475.276522024891	1.4422213	0.75
19092.78003012794	1850	5.267063366132388	0.0	846370	12034.318846348193	1.398419	1.85

