10075.803372936676	750	4.0	2.342534869962582	450283	2342.534869962582	1.0815037	-9.322899940839102
10078.881723224249	750	4.9216497124265635	0.0	398865	3078.3502875734366	1.0521325	0.75
10079.655924743973	300	8.147448192701924	0.0	139857	774.2015197246387	0.96655226	-0.15000000000000002
10080.37868756732	300	11.424685369354927	0.0	155432	722.7628233469975	1.0850027	0.3
10081.940359052423	750	13.8630138842513	0.0	411561	1561.6714851036272	1.2096363	0.3
10082.483436361023	300	17.319936575653056	0.0	126289	543.0773085982428	1.360205	-0.15000000000000002
10084.397567335369	1200	19.405805601305584	0.0	561791	1914.1309743474735	1.2979976	0.29999999999999993
10085.90400212601	750	21.899370810664408	0.0	437162	1506.4347906411756	1.4842669	0.3
10087.675056231777	1200	24.12831670489613	0.0	584846	1771.054105768277	1.4283662	0.75
10088.177181858755	300	27.62619107791849	0.0	139105	502.1256269776376	1.5213224	-0.6000000000000001
10090.158107980837	1200	29.645264955837504	0.0	607410	1980.9261220809876	1.4015753	0.29999999999999993
10093.22688494944	1850	30.576487987234266	0.0	917428	3068.776968603241	1.5673515	1.2000000000000002
10095.389295138366	1200	32.41407779830746	0.0	624282	2162.410188926801	1.6655152	0.5499999999999999
10097.390107318251	750	34.41326561842226	0.0	434409	2000.8121798852037	1.5955259	0.3
10099.887062686508	750	35.91631025016665	0.0	337059	2496.955368255608	1.5074118	0.75
10101.62377860761	750	38.17959432906508	0.0	366214	1736.7159211015658	1.4668764	0.75
10104.138245032123	1200	39.665127904551596	0.0	617242	2514.4664245134827	1.5428977	0.75
10106.255144668183	1200	41.54822826849387	0.0	581493	2116.8996360577285	1.6685802	1.2
10111.14591807652	2850	40.65745486015717	0.0	1537156	4890.773408336695	1.703509	1.2000000000000002
10117.823561788635	4300	37.97981114804104	0.0	2156729	6677.643712116137	0.8688416	2.8499999999999996
10125.439418920469	4300	34.363954016207565	0.0	2039773	7615.857131833473	0.41160074	4.3
10134.479853769044	4300	29.323519167633034	0.0	2176469	9040.434848574532	0.5016282	4.3
10140.11162853062	2850	27.69174440605639	0.0	1505760	5631.774761576642	0.7271445	1.4000000000000001
10143.713258544038	1850	28.090114392639276	0.0	874175	3601.6300134171133	1.2848235	0.8500000000000001
10148.674537335335	1850	27.12883560134181	0.0	897976	4961.278791297467	1.681879	1.85
10156.830326750096	2850	22.973046186579943	0.0	1480464	8155.7894147618645	1.6446277	1.85
10158.922965862925	750	24.880407073751524	0.0	425781	2092.6391128284185	1.634644	-1.35
10161.586870432664	1200	26.216502504012816	0.0	487160	2663.9045697387096	1.4894339	0.75
10162.662986105961	300	29.140386830715645	0.0	153605	1076.1156732971713	1.5532945	-0.6000000000000001
10165.18477775702	750	30.618595179656204	0.0	400508	2521.7916510594396	1.4073735	0.3
10170.506825850543	1850	29.296547086134968	0.0	873429	5322.0480935212345	1.497041	0.75
10177.149645250116	1850	26.653727686561705	0.0	954453	6642.819399573262	1.654655	1.85
10181.031134308445	1200	26.77223862823373	0.0	584349	3881.489058327979	1.5916207	0.5499999999999999
10189.057227340141	1850	22.74614559653625	0.0	1035329	8026.093031697482	1.5404773	1.2000000000000002
10194.835698403414	1200	20.967674533262354	0.0	690253	5778.471063273895	1.523165	0.5499999999999999
10204.030046854674	1850	15.773326082003809	0.0	943942	9194.348451258546	1.4592053	1.2000000000000002
10207.898150121437	750	15.905222815239584	0.0	321064	3868.1032667642244	1.3913482	-0.3500000000000001
10216.386155679014	750	11.417217257663477	0.0	361565	8488.005557576107	1.2903657	0.75
10222.508160496256	750	9.295212440421382	0.0	378327	6122.004817242095	1.0174923	0.75
10225.882765553517	300	9.920607383160355	0.0	149991	3374.605057261028	0.9028487	-0.15000000000000002
10227.96934808998	300	11.834024846697016	0.0	147968	2086.58253646334	0.8453155	0.3
10229.445066052172	300	14.358306884504469	0.0	161857	1475.7179621925468	1.062281	0.3
10230.575909858124	300	17.22746307855195	0.0	145210	1130.843805952521	1.2291528	0.3
10233.291807581158	750	18.511565355517334	0.0	438281	2715.897723034613	1.3261838	0.3
10235.936110955226	750	19.867261981449253	0.0	398987	2644.3033740680803	1.4801323	0.75
10240.09279504459	1200	19.710577892085713	0.0	638661	4156.684089363543	1.4971426	0.75
10243.19763336412	1200	20.605739572555688	0.0	538612	3104.8383195300216	1.5725114	1.2
10245.049323063235	750	22.754049873442725	0.0	314107	1851.6896991129652	1.6329045	0.3

