18367.39079679175	750	4.0	6.865112348267744	450283	6865.112348267744	1.4718037	-28.7699830975513
18369.451372709314	300	5.939424082436076	0.0	155580	2060.575917563924	0.3860997	-0.15000000000000002
18371.2349269136	300	8.155869878150016	0.0	139857	1783.5542042860604	0.714254	0.3
18373.09286460827	300	10.297932183479393	0.0	155432	1857.9376946706218	0.82772565	0.3
18374.950087904628	300	12.440708887119614	0.0	163442	1857.2232963597808	0.89511716	0.3
18376.260187609747	300	15.130609182001447	0.0	126289	1310.099705118168	1.0273752	0.3
18377.693307173246	300	17.697489618503123	0.0	153295	1433.11956349832	1.1069863	0.3
18379.516406229475	300	19.874390562272517	0.0	173849	1823.0990562306067	1.2105212	0.3
18389.33539027403	1850	14.055406517715275	0.0	852833	9818.984044557243	1.3134423	0.30000000000000004
18394.337878909468	750	13.052917882275727	0.0	362795	5002.488635439547	1.3075193	-0.3500000000000001
18407.04178436541	1200	4.349012426331886	0.0	607410	12703.905455943841	1.1110559	0.75
18413.056189416642	300	4.0	1.6653926249000324	156148	6014.405051231919	0.2606809	-7.76118828707014
18418.921123322616	300	4.0	1.8649339059723853	160746	5864.933905972385	0.060931306	-7.719215795681257
18425.05105094796	300	4.0	2.1299276253441675	179801	6129.927625344168	0.072880104	-8.858688788979919
18428.97025612388	300	4.080794824077015	0.0	140051	3919.2051759229857	0.014227893	0.3
18433.15554322675	300	4.0	0.10449227878973079	138313	4185.287102866745	0.023249127	-0.14931679879584236
18438.244041347425	300	4.0	1.0884981206773237	143509	5088.498120677324	0.00896221	-4.380541918912492
18441.521443928363	300	4.722597419064923	0.0	150616	3277.4025809350774	0.010257196	0.3
18444.332382524804	300	5.9116588226225995	0.0	165384	2810.938596442324	0.022630284	0.3
18446.964345819764	300	7.2796955276635655	0.0	140881	2631.9632949590336	0.09753732	0.3
18449.862080510364	300	8.381960837065579	0.0	157671	2897.734690597987	0.33516952	0.3
18454.038541069556	300	8.205500277874021	0.0	157812	4176.460559191557	0.615778	0.3
18464.367029930676	750	4.0	2.1229885832480324	401853	10328.488861122054	0.53535	-8.828850907966538
18468.152840693914	300	4.2141892367645415	0.0	137654	3785.8107632354586	0.029871866	-0.15000000000000002
18470.139887271063	300	6.227142659615908	0.0	146754	1987.046577148633	0.038035914	0.3
18471.987294591487	750	8.379735339192727	0.0	379700	1847.4073204231788	0.26257083	0.3
18472.554770208644	300	11.812259722034474	0.0	181901	567.4756171582535	0.91010016	-0.15000000000000002
18473.712949766825	1200	14.654080163853825	0.0	487160	1158.1795581806489	1.2420825	0.29999999999999993
18474.66777184893	750	17.699258081749825	0.0	400396	954.822082104001	1.4905852	0.3
18475.10946716985	300	21.257562760832418	0.0	149029	441.6953209174076	1.5029082	-0.15000000000000002
18477.008810494866	1850	23.358219435812252	0.0	873429	1899.3433250201658	1.5337818	0.30000000000000004
18479.0107964255	1850	25.356233505177862	0.0	954453	2001.9859306343908	1.6476928	1.85
18480.32919078025	1200	28.037839150427757	0.0	584349	1318.3943547501035	1.665401	0.5499999999999999
18481.289998674536	750	31.077031256141073	0.0	412837	960.8078942866857	1.6482446	0.3
18484.706638659674	2850	31.660391271001863	0.0	1492672	3416.639985139208	1.6344545	0.75
18486.810417322795	1850	33.556612607881064	0.0	943942	2103.778663120801	1.6321628	0.8500000000000001
18491.07997795993	4300	33.28705197074474	0.0	1919781	4269.560637136321	1.6880057	1.8499999999999996
18495.6298364988	4300	32.73719343187549	0.0	2147467	4549.858538869247	1.1295621	4.3
18499.96660678485	4300	32.40042314583055	0.0	2133870	4336.770286044939	1.0472487	4.3
18504.84297263613	4300	31.524057294548374	0.0	2146120	4876.36585128218	0.9708121	4.3
18510.00122196064	4300	30.365807970036553	0.0	2108491	5158.249324511819	0.9981354	4.3
18514.987448315132	4300	29.379581615544073	0.0	2184571	4986.226354492478	1.0572153	4.3
18519.58739329614	4300	28.779636634535937	0.0	2121928	4599.944981008135	0.9734504	4.3
18524.51952657209	4300	27.847503358589236	0.0	2219102	4932.133275946702	1.0024196	4.3
18528.128606069913	2850	28.23842386076868	0.0	1464921	3609.0794978205563	0.95415366	1.4000000000000001
18533.927485021035	4300	26.439544909644624	0.0	2246506	5798.878951124056	1.4994928	2.8499999999999996
18538.171576099372	4300	26.195453831308658	0.0	1961140	4244.091078335965	0.9771267	4.3
18544.127559232533	4300	24.239470698148157	0.0	2155012	5955.983133160502	0.92776215	4.3

