17150.992904229734	750	4.0	9.971750996673139	450283	9971.75099667314	1.5765132	-42.1285292856945
17154.476528138966	300	4.516376090767351	0.0	155580	3483.623909232648	0.2674143	-0.15000000000000002
17156.761526354516	300	6.23137787521933	0.0	139857	2284.998215548021	0.35096997	0.3
17158.56261204037	300	8.430292189365248	0.0	155432	1801.085685854082	0.66107243	0.3
17160.049497487253	300	10.943406742477846	0.0	163442	1486.8854468874028	0.80006677	0.3
17161.148026048788	300	13.844878180946663	0.0	126289	1098.5285615311818	0.9669284	0.3
17162.369498695985	300	16.623405533748365	0.0	153295	1221.4726471982992	1.0625575	0.3
17165.279107571212	750	17.713796658521918	0.0	437162	2909.608875226446	1.1841109	0.3
17170.680774070195	1850	16.31213015953728	0.0	852833	5401.666498984639	1.3713033	0.75
17174.082835276855	1200	16.910068952881264	0.0	560821	3402.0612066560143	1.4707412	0.5499999999999999
17176.065627719137	750	18.927276510595302	0.0	353220	1982.7924422859633	1.4405494	0.3
17178.781458707334	750	20.211445522398883	0.0	405134	2715.830988196417	1.4310079	0.75
17187.030947723764	1850	15.961956505965858	0.0	946851	8249.489016433026	1.4300128	0.75
17193.890172766354	1200	13.102731463375221	0.0	687371	6859.225042590636	1.4255434	0.5499999999999999
17198.981442494925	1200	12.011461734803449	0.0	526950	5091.269728571772	1.2836801	1.2
17201.721140093727	750	13.271764136002657	0.0	366214	2739.6975988007907	1.2647275	0.3
17205.228383262507	750	13.764520967218825	0.0	360831	3507.243168783833	1.2580339	0.75
17206.1375948431	300	16.855309386624782	0.0	150616	909.2115805940416	1.2706195	-0.15000000000000002
17207.297579231934	300	19.695324997794422	0.0	165384	1159.9843888303612	1.3090373	0.3
17211.33999617312	750	19.65290805660496	0.0	350713	4042.4169411894622	1.3599683	0.3
17216.23158923984	750	18.76131498988518	0.0	386472	4891.593066719783	1.3861215	0.75
17219.45946587496	300	19.53343835476478	0.0	157812	3227.876635120397	1.3447785	-0.15000000000000002
17230.72712753729	1200	12.26577669243247	0.0	656471	11267.661662332312	1.271893	0.29999999999999993
17237.581909684264	750	9.410994545460701	0.0	343800	6854.782146971768	1.1010118	0.3
17239.867034049814	300	11.125870179911455	0.0	146754	2285.124365549245	0.9101588	-0.15000000000000002
17242.907963213544	750	12.084941016179926	0.0	379700	3040.9291637315296	0.94748056	0.3
17247.646614968402	1200	11.34628926132228	0.0	696376	4738.651754857646	1.0624802	0.75
17249.156655034	750	13.836249195723333	0.0	277716	1510.0400655989463	1.2073518	0.3
17249.895515866487	300	17.097388363234405	0.0	153605	738.860832488929	1.2815684	-0.15000000000000002
17252.921861959745	750	18.07104226997662	0.0	400508	3026.3460932577837	1.3294418	0.3
17254.582018323203	300	20.410885906518644	0.0	157421	1660.1563634579752	1.4309675	-0.15000000000000002
17256.242847217494	300	22.7500570122271	0.0	157488	1660.8288942915467	1.3916502	0.3
17261.54531376808	1200	21.44759046163767	0.0	584349	5302.466550589425	1.4130077	0.29999999999999993
17266.654595626067	1200	20.338308603653477	0.0	670129	5109.281857984195	1.484788	1.2
17268.75289208039	300	22.24001214933268	0.0	179328	2098.2964543207945	1.5086389	-0.6000000000000001
17269.939924474977	300	25.052979754744236	0.0	159914	1187.0323945884438	1.4376836	0.3
17272.62009527308	750	26.3728089566392	0.0	321064	2680.170798105033	1.5021297	0.3
17277.295336800795	750	25.697567428925947	0.0	361565	4675.241527713253	1.5369754	0.75
17278.830296425145	300	28.1626078045761	0.0	144254	1534.9596243498452	1.4977027	-0.15000000000000002
17282.928196374833	1200	28.06470785488944	0.0	587506	4097.899949686661	1.5002507	0.29999999999999993
17288.577116567467	2850	26.415787662258452	0.0	1339500	5648.920192630989	1.5921174	1.2000000000000002
17299.098490451517	2850	19.89441377820738	0.0	1527299	10521.37388405107	1.6258081	2.85
17302.60934889608	750	20.38355533364876	0.0	372093	3510.85844455862	1.5544188	-1.35
17308.261358728374	1200	18.73154550135151	0.0	634861	5652.009832297252	1.4906965	0.75
17309.309647839607	300	21.68325639012132	0.0	167025	1048.2891112301918	1.4986753	-0.6000000000000001
17311.18782935799	300	23.80507487173782	0.0	160064	1878.1815183834992	1.5075796	0.3
17314.88481742898	750	24.10808680074816	0.0	331053	3696.988070989657	1.5272033	0.3
17317.779047330445	750	25.21385689928189	0.0	314107	2894.2299014662717	1.522723	0.75

