23851.382355617043	750	4.0	3.13772266060829	450283	3137.72266060829	1.3725454	-12.742207440615646
23852.352205274998	300	7.0301503420424005	0.0	155580	969.8496579575992	0.847289	-0.15000000000000002
23853.155489573084	300	10.22686604395588	0.0	139857	803.2842980865196	1.0481781	0.3
23853.91946270567	300	13.462892911367828	0.0	155432	763.9731325880537	1.1547797	0.3
23854.658742499403	300	16.723613117634933	0.0	163442	739.2797937328935	1.241052	0.3
23855.13342995298	300	20.248925664061158	0.0	126289	474.6874535737767	1.2945338	0.3
23856.315585093227	750	23.06677052381464	0.0	352642	1182.155140246514	1.3453828	0.3
23858.158002608187	1200	25.224353008851846	0.0	709534	1842.4175149627938	1.4455371	0.75
23858.99825300809	750	28.38410260894959	0.0	374758	840.2503999022568	1.5424043	0.3
23860.009970761155	750	31.372384855885507	0.0	362795	1011.7177530640844	1.5094314	0.75
23862.54046649182	1850	32.84188912521882	0.0	939819	2530.495730666687	1.5162768	0.75
23869.665654511457	2850	29.71670110558628	0.0	1519951	7125.188019632538	1.6854957	1.85
23874.28174211701	1200	29.100613500032342	0.0	624282	4616.087605553939	1.6364963	-0.44999999999999996
23876.81876877307	300	30.563586843971557	0.0	179801	2537.026656060785	1.4737315	-0.6000000000000001
23883.19769285487	1200	28.184662762174565	0.0	526950	6378.924081796992	1.338336	0.29999999999999993
23884.385886125805	300	30.996469491239566	0.0	138313	1188.193270935001	1.4375565	-0.6000000000000001
23888.918617626958	1200	30.463737990087697	0.0	617242	4532.731501151867	1.3731979	0.29999999999999993
23891.124222863782	1200	32.25813275326398	0.0	581493	2205.605236823721	1.50078	1.2
23893.392029873354	1200	33.9903257436919	0.0	639204	2267.807009572076	1.6178771	1.2
23895.167685025248	1200	36.21467059179675	0.0	586839	1775.655151895152	1.6442474	1.2
23899.773716669293	2850	35.60863894774865	0.0	1415116	4606.031644048093	1.6818154	1.2000000000000002
23906.976562771913	4300	32.40579284513207	0.0	2176469	7202.8461026165805	1.0496451	2.8499999999999996
23914.065079087224	4300	29.31727652982028	0.0	2221506	7088.51631531179	0.5544769	4.3
23921.118239757197	4300	26.26411585984392	0.0	2044075	7053.160669976362	0.5710548	4.3
23926.354468189496	4300	25.02788742754443	0.0	2186790	5236.228432299484	0.64204806	4.3
23932.05092285191	4300	23.331432765129204	0.0	2105231	5696.45466241523	0.49360856	4.3
23938.890686888226	4300	20.49166872881826	0.0	2395588	6839.764036310942	0.55449563	4.3
23943.992187466523	4300	19.390168150518605	0.0	1972048	5101.500578299655	0.6856467	4.3
23947.171420489878	2850	20.21093512716507	0.0	1498470	3179.2330233535354	0.6195861	1.4000000000000001
23952.554689053486	4300	18.827666563556217	0.0	2164140	5383.268563608854	1.1676872	2.8499999999999996
23958.314638259428	4300	17.067717357614008	0.0	2113193	5759.949205942208	0.62591344	4.3
23964.446605330668	4300	14.935750286376264	0.0	2147852	6131.967071237746	0.7460401	4.3
23966.27683225625	1200	17.10552336079326	0.0	584349	1830.2269255830026	0.885325	-1.9000000000000001
23967.49270921529	750	19.889646401754053	0.0	412837	1215.8769590392078	1.565189	0.3
23968.05076166284	300	23.33159395420712	0.0	179328	558.0524475469366	1.535952	-0.15000000000000002
23969.66496047803	1200	25.717395139012577	0.0	598727	1614.198815194542	1.493073	0.29999999999999993
23971.709600051203	1850	27.67275556583957	0.0	728962	2044.6395731730065	1.6947757	1.2000000000000002
23976.176841754575	1850	27.205513862466216	0.0	938587	4467.241703373353	1.4665048	1.85
23983.068005370864	2850	24.31435024617936	0.0	1427478	6891.163616286857	1.6565107	1.85
23983.770677932524	300	27.611677684519165	0.0	149991	702.6725616601957	1.2762747	-2.25
23986.51257588931	1850	28.869779727732492	0.0	858450	2741.8979567866686	1.538105	0.30000000000000004
23987.03984032484	300	32.342515292197504	0.0	161857	527.2644355349923	1.219837	-1.25
23989.805640877414	1850	33.57671473962493	0.0	886255	2765.8005525725716	1.6857482	0.30000000000000004
23996.297408492996	4300	31.084947124043474	0.0	2219102	6491.767615581462	0.8657995	1.8499999999999996
24003.37483000037	4300	28.007525616668264	0.0	2124950	7077.421507375208	0.3439635	4.3
24011.710548553478	4300	23.671807063561904	0.0	2246506	8335.718553106359	0.35653389	4.3
24017.931972347025	4300	21.450383270015074	0.0	1961140	6221.42379354683	0.3876509	4.3
24024.86382129964	4300	18.518534317399112	0.0	2155012	6931.848952615959	0.3725272	4.3

