22546.026915170663	750	4.0	4.955564253110452	450283	4955.564253110451	1.151462	-20.55892628837494
22562.00345915088	1200	4.0	11.976543980219382	611087	15976.543980219383	0.51265883	-50.74913911494334
22564.84731825992	300	5.156140890959559	0.0	139857	2843.859109040441	0.019453585	-0.6000000000000001
22568.502101585007	300	5.501357565870881	0.0	155432	3654.7833250886783	0.18207349	0.3
22572.409429596315	300	5.594029554564495	0.0	163442	3907.3280113063865	0.18385616	0.3
22575.37144020283	300	6.632018948046903	0.0	126289	2962.0106065175924	0.16103296	0.3
22580.434782885153	300	5.568676265726636	0.0	153295	5063.342682320266	0.27225223	0.3
22587.115268533762	300	4.0	1.1118093828818327	173849	6680.485648608469	0.07922249	-4.480780346391881
22590.05155527408	300	5.063713259682697	0.0	150710	2936.286740317303	0.0096588405	0.3
22592.30492434593	300	6.810344187829132	0.0	139105	2253.369071853564	0.05530867	0.3
22594.138215805964	300	8.977052727799428	0.0	141840	1833.291460029705	0.31739098	0.3
22596.205565852575	300	10.909702681188772	0.0	156148	2067.350046610656	0.69780594	0.3
22599.210190700618	300	11.905077833147905	0.0	160746	3004.624848040867	0.92392254	0.3
22606.22591488101	1200	8.88935365275186	0.0	687371	7015.724180396047	0.93343407	0.29999999999999993
22607.723197104453	300	11.392071429312368	0.0	140051	1497.2822234394894	1.0390346	-0.6000000000000001
22610.905336681826	750	12.209931851940215	0.0	366214	3182.139577372154	0.9952674	0.3
22616.599282911116	1200	10.515985622648637	0.0	617242	5693.946229291577	1.1575543	0.75
22623.60326148778	1200	7.5120070459845625	0.0	581493	7003.978576664074	1.1648867	1.2
22628.248341286282	300	6.866927247483265	0.0	165384	4645.079798501298	0.9942806	-0.6000000000000001
22631.46050039737	300	7.654768136396069	0.0	140881	3212.159111087196	0.35841534	0.3
22640.3550033405	750	4.0	1.239734806736693	386472	8894.502943132762	0.47259888	-5.030859668967779
22642.978529087493	300	5.376474253006847	0.0	157812	2623.525746993153	0.032264102	-0.15000000000000002
22644.828408634876	300	7.5265947056287175	0.0	163927	1849.8795473781295	0.16851489	0.3
22646.651219870728	300	9.703783469776322	0.0	137654	1822.8112358523952	0.5097481	0.3
22648.722488693962	300	11.632514646539734	0.0	146754	2071.26882323659	0.79938924	0.3
22650.397439599124	300	13.957563741379156	0.0	153938	1674.9509051605787	0.9525171	0.3
22657.72530627108	1200	10.62969706942098	0.0	696376	7327.866671958176	1.0657095	0.29999999999999993
22659.835063285384	750	12.519940055118296	0.0	277716	2109.757014302685	1.1007688	0.3
22663.98157811065	1200	12.37342522985232	0.0	622896	4146.5148252659765	1.1776572	0.75
22665.08035524759	300	15.27464809291028	0.0	149029	1098.7771369420382	1.2883068	-0.6000000000000001
22667.545396709007	750	16.809606631493175	0.0	358218	2465.0414614171036	1.2056379	0.3
22676.123944225386	1200	12.23105911511288	0.0	620283	8578.547516380295	1.3256388	0.75
22679.85413009156	1200	12.500873248938028	0.0	584349	3730.185866174852	1.136129	1.2
22683.598011152706	1200	12.756992187789212	0.0	670129	3743.8810611488143	1.3153793	1.2
22684.57918039615	300	15.775822944343737	0.0	179328	981.169243445475	1.355833	-0.6000000000000001
22688.81234714242	1200	15.542656198077461	0.0	598727	4233.166746266278	1.2872902	0.29999999999999993
22692.19532585162	1200	16.159677488874593	0.0	487812	3382.9787092028682	1.4040482	1.2
22698.70113017751	1850	13.653873162983793	0.0	938587	6505.804325890801	1.4344531	1.2000000000000002
22701.183256586526	750	15.171746753966048	0.0	378327	2482.126409017745	1.4406316	-0.3500000000000001
22707.21215778079	1850	13.142845559704634	0.0	930577	6028.901194261415	1.3604463	0.75
22720.90801619178	1850	4.0	0.5530128512868924	858450	13695.858410991526	1.4689523	-0.5279552605336368
22722.79819065729	300	6.10982553449165	0.0	161857	1890.17446550835	0.35632533	-1.25
22725.853297654026	300	7.054718537753066	0.0	145210	3055.1069967385833	0.4895834	0.3
22728.12856214357	300	8.779454048208237	0.0	172312	2275.264489544828	0.46372798	0.3
22732.60844916711	750	8.299567024670273	0.0	398987	4479.887023537966	0.8172379	0.3
22733.994278336362	300	10.913737855421052	0.0	160064	1385.8291692492203	0.9562463	-0.15000000000000002
22735.091421761823	300	13.816594429959027	0.0	137507	1097.1434254620256	1.1062598	0.3
22739.160476282523	1200	13.7475399092596	0.0	550906	4069.0545206994266	1.2562491	0.29999999999999993

