13754.067647682288	750	4.0	3.5013497766476167	450283	3501.3497766476166	1.1463598	-14.305804039584752
13756.068340732067	750	5.999306950223179	0.0	398865	2000.6930497768208	0.60675275	0.75
13756.733535401587	300	9.334112280702096	0.0	139857	665.1946695210837	0.8854978	-0.15000000000000002
13759.48965720277	1200	10.577990479516693	0.0	617681	2756.121801185402	1.0358908	0.29999999999999993
13761.95950728223	1200	12.108140400057131	0.0	652874	2469.850079459561	1.2673992	1.2
13762.576094934439	300	15.491552747848113	0.0	126289	616.5876522090185	1.3809768	-0.6000000000000001
13764.09221492042	750	17.97543276186642	0.0	352642	1516.1199859816943	1.327279	0.3
13764.828545845501	300	21.23910183678563	0.0	173849	736.3309250807871	1.4150528	-0.15000000000000002
13767.40900557651	1200	22.65864210577697	0.0	584846	2580.45973100866	1.4239147	0.29999999999999993
13768.229213939005	300	25.838433743282152	0.0	139105	820.208362494816	1.5290749	-0.6000000000000001
13772.151763491238	1200	25.91588419104974	0.0	607410	3922.549552232411	1.4396577	0.29999999999999993
13778.394107935297	1850	23.67353974699162	0.0	917428	6242.344444058126	1.5278449	1.2000000000000002
13784.89060451986	1850	21.177043162426408	0.0	946851	6496.496584565209	1.5527549	1.85
13787.512926137884	750	22.55472154440191	0.0	434409	2622.3216180245013	1.5268188	-0.3500000000000001
13789.409722496026	750	24.657925186262254	0.0	337059	1896.7963581396539	1.4762579	0.75
13795.961340488959	1850	22.10630719332856	0.0	923170	6551.617992933696	1.4922363	0.75
13806.245992860937	1850	15.821654821350128	0.0	966699	10284.652371978433	1.5438073	1.85
13808.121026946996	300	17.94662073529208	0.0	150616	1875.0340860580484	1.4042745	-1.25
13812.933264493107	750	17.134383189179577	0.0	405596	4812.237546112501	1.2890794	0.3
13814.961261438028	300	19.106386244259927	0.0	140881	2027.996944919652	1.3292176	-0.15000000000000002
13816.963477440364	300	21.104170241922066	0.0	157671	2002.2160023378615	1.288919	0.3
13821.314843568203	1200	20.752804114082398	0.0	616206	4351.36612783967	1.3301337	0.29999999999999993
13824.604061530375	1200	21.463586151911034	0.0	656471	3289.217962171367	1.4320445	1.2
13827.741062636069	1200	22.326585046218817	0.0	536667	3137.0011056922162	1.5184219	1.2
13829.342375345463	750	24.72527233682362	0.0	359903	1601.3127093951978	1.5451778	0.3
13831.910044437655	1200	26.157603244631638	0.0	590335	2567.6690921919785	1.5223795	0.75
13836.935488023159	1200	25.132159659127545	0.0	696376	5025.443585504092	1.5756562	1.2
13838.58846719151	300	27.479180490775327	0.0	111155	1652.9791683522155	1.5522078	-0.6000000000000001
13844.816417304495	1200	25.25123037778944	0.0	622896	6227.950112985885	1.4569519	0.29999999999999993
13847.149653707322	750	26.917993974962553	0.0	400508	2333.2364028268885	1.5103043	0.3
13848.22031456699	300	29.847333115294568	0.0	157421	1070.660859667983	1.5359898	-0.15000000000000002
13850.526730136184	750	31.540917546101745	0.0	400322	2306.4155691928245	1.5299788	0.3
13855.439019168734	1850	30.628628513551167	0.0	885062	4912.289032550575	1.568924	0.75
13859.159200810676	1200	30.908446871608657	0.0	670129	3720.1816419425136	1.603863	0.5499999999999999
13861.570036812178	1200	32.49761087010627	0.0	690253	2410.8360015023827	1.5971005	1.2
13863.79917047789	1200	34.26847720439451	0.0	598727	2229.1336657117668	1.6216049	1.2
13868.398412965127	2850	33.66923471715925	0.0	1139291	4599.242487235256	1.6638718	1.2000000000000002
13877.310690379694	4300	28.756957302591765	0.0	2147467	8912.277414567483	1.6024023	2.8499999999999996
13880.918341702567	1850	29.149305979717667	0.0	908665	3607.6513228740937	1.5042806	-0.6000000000000001
13885.737274787822	2850	28.33037289446477	0.0	1402287	4818.933085252897	1.6411489	1.85
13893.55193277674	4300	24.51571490554559	0.0	2108491	7814.6579889191835	1.5950681	2.8499999999999996
13898.307202152353	2850	23.760445529933108	0.0	1527299	4755.269375612478	1.414264	1.4000000000000001
13900.560067598892	1200	25.507580083392707	0.0	599477	2252.8654465404043	1.621454	-0.44999999999999996
13906.437328293032	2850	23.630319389254407	0.0	1587250	5877.260694138297	1.622931	1.2000000000000002
13907.09853813587	300	26.969109546415414	0.0	167025	661.2098428389957	1.6384399	-2.25
13909.3970491883	1200	28.67059849398656	0.0	638661	2298.5110524288543	1.6210377	0.29999999999999993
13913.396989499704	2850	28.67065818258155	0.0	1231456	3999.9403114050074	1.6693379	1.2000000000000002
13917.70927291866	2850	28.35837476362574	0.0	1364537	4312.283418955812	1.5459821	2.85

