21168.372326118	750	4.0	6.602941104200595	450283	6602.941104200595	1.5352492	-27.642646748062557
21169.993574286575	300	6.378751831422763	0.0	155580	1621.2481685772375	0.39881295	-0.15000000000000002
21171.628565080515	300	8.743761037482852	0.0	139857	1634.990793939913	0.76890033	0.3
21176.22133833407	750	8.150987783927983	0.0	382355	4592.7732535548685	0.8604774	0.3
21182.096997790515	750	6.27532832748313	0.0	411561	5875.659456444852	0.85915756	0.75
21183.45505466121	300	8.917271456786997	0.0	126289	1358.0568706961335	0.8002328	-0.15000000000000002
21185.367724713153	300	11.004601404842228	0.0	153295	1912.670051944769	0.8673516	0.3
21187.248227848173	300	13.124098269823813	0.0	173849	1880.5031350184142	0.9443324	0.3
21191.291468185897	1200	13.080857932096338	0.0	584846	4043.2403377274745	1.0670035	0.29999999999999993
21194.282354619496	750	14.089971498497967	0.0	362795	2990.8864335983712	1.2728711	0.3
21195.51397861759	300	16.858347500402022	0.0	141840	1231.623998095943	1.2306225	-0.15000000000000002
21196.956643407408	300	19.415682710583024	0.0	156148	1442.6647898189995	1.2674755	0.3
21202.004187258957	1200	18.36813885903278	0.0	624282	5047.543851550243	1.3211453	0.29999999999999993
21205.410177115722	750	18.962149002269197	0.0	434409	3405.9898567635837	1.3929935	0.3
21213.04997141937	1850	15.322354698625968	0.0	821631	7639.794303643231	1.3881645	0.75
21218.403738143264	1200	13.968587974727438	0.0	587876	5353.76672389853	1.4046398	0.5499999999999999
21219.694479884136	300	16.67784623385588	0.0	143509	1290.7417408715555	1.3169489	-0.6000000000000001
21224.424288881586	1200	15.948037236406035	0.0	581493	4729.808997449847	1.3084426	0.29999999999999993
21225.999394465878	300	18.372931652112392	0.0	165384	1575.1055842936428	1.3695705	-0.6000000000000001
21228.7233866598	750	19.648939458189876	0.0	350713	2723.992193922518	1.3036959	0.3
21231.761026021453	750	20.611300096536727	0.0	386472	3037.639361653146	1.4088899	0.75
21233.137790817273	300	23.23453530071884	0.0	157812	1376.7647958178886	1.4026569	-0.15000000000000002
21234.568604558623	300	25.80372155936642	0.0	163927	1430.8137413524198	1.4112015	0.3
21235.692286167665	300	28.68003995032387	0.0	137654	1123.6816090425484	1.4431638	0.3
21240.220133192997	1200	28.152192924994402	0.0	587236	4527.847025329471	1.4602343	0.29999999999999993
21243.71331508241	750	28.659011035584705	0.0	379700	3493.1818894096978	1.5476171	0.3
21245.577306840583	300	30.795019277410706	0.0	181901	1863.9917581739985	1.4918578	-0.15000000000000002
21250.04286795357	750	30.329458164426303	0.0	277716	4465.561112984405	1.5009174	0.3
21257.78775291098	1200	26.584573207017677	0.0	622896	7744.884957408624	1.4964244	0.75
21259.540649409588	300	28.831676708408455	0.0	149029	1752.896498609221	1.4820895	-0.6000000000000001
21268.565931107238	1200	23.806395010758095	0.0	570392	9025.281697650362	1.4675765	0.29999999999999993
21273.253092972114	1200	23.11923314588142	0.0	620283	4687.161864876678	1.4279355	1.2
21276.56533508858	750	23.806991029414412	0.0	369834	3312.242116467003	1.5116516	0.3
21284.52910449155	1200	19.843221626445033	0.0	670129	7963.769402969379	1.4822162	0.75
21298.833983026103	1200	9.538343091893712	0.0	690253	14304.87853455132	1.3922848	1.2
21304.662432461904	750	7.7098936560945575	0.0	365161	5828.449435799154	0.91673124	0.3
21305.94178965673	300	10.430536461267826	0.0	131610	1279.3571948267322	0.5711189	-0.15000000000000002
21307.055624717028	300	13.316701400968816	0.0	124011	1113.8350602990097	0.9489259	0.3
21312.06137140622	1200	12.310954711776306	0.0	605884	5005.74668919251	1.1038384	0.29999999999999993
21313.305727982046	300	15.066598135953818	0.0	149991	1244.3565758224881	1.2615563	-0.6000000000000001
21314.51365763186	300	17.858668486137752	0.0	147968	1207.9296498160684	1.2010274	0.3
21317.15915776651	750	19.213168351487266	0.0	384505	2645.500134650487	1.3144946	0.3
21320.50423951863	750	19.868086599371388	0.0	372093	3345.081752115877	1.4915669	0.75
21323.51431331927	750	20.858012798728115	0.0	438281	3010.073800643273	1.4813194	0.75
21327.85256873227	1200	20.51975738572769	0.0	630203	4338.2554130004255	1.5062199	0.75
21328.87016432454	300	23.502161793454363	0.0	160064	1017.595592273331	1.5360043	-0.6000000000000001
21330.886027855748	750	25.486298262247157	0.0	331053	2015.863531207203	1.5723844	0.3
21333.456201815876	750	26.916124302116874	0.0	314107	2570.173960130284	1.5999968	0.75

