15186.40267144629	750	4.0	4.492096968258112	450283	4492.096968258112	1.5561016	-18.56601696350988
15189.728739872204	750	4.673931574085276	0.0	398865	3326.068425914724	0.5249468	0.75
15190.924655570265	300	7.478015876024872	0.0	139857	1195.9156980604039	0.73683727	-0.15000000000000002
15192.320422265166	300	10.082249181123803	0.0	155432	1395.7666949010681	0.84927076	0.3
15193.820936086682	300	12.58173535960765	0.0	163442	1500.513821516153	0.9444648	0.3
15196.759522278928	750	13.643149167363815	0.0	318564	2938.5861922438357	1.0893935	0.3
15198.166175042716	300	16.23649640357656	0.0	153295	1406.6527637872555	1.18019	-0.15000000000000002
15199.601427134628	300	18.80124431166301	0.0	173849	1435.252091913549	1.2066818	0.3
15201.035375453506	300	21.367295992786723	0.0	150710	1433.9483188762845	1.3275503	0.3
15202.232405899194	300	24.17026554709747	0.0	139105	1197.0304456892545	1.3528126	0.3
15203.537501769972	300	26.865169676321756	0.0	141840	1305.095870775712	1.389242	0.3
15208.594495081757	1200	25.808176364534706	0.0	594078	5056.99331178705	1.4085528	0.29999999999999993
15218.515069112635	1850	19.887602333658823	0.0	946851	9920.574030875883	1.4893013	1.2000000000000002
15233.663429788665	1850	8.739241657629089	0.0	1036454	15148.360676029733	1.4416325	1.85
15238.220744275763	750	8.18192717053041	0.0	337059	4557.314487098679	1.0419649	-0.3500000000000001
15242.14615579177	750	8.256515654521147	0.0	366214	3925.4115160092642	0.8966396	0.75
15243.793049494663	300	10.609621951629032	0.0	143509	1646.8937028921143	0.8988356	-0.15000000000000002
15245.640359200264	300	12.762312246027658	0.0	150616	1847.3097056013733	0.935123	0.3
15247.888543438192	300	14.514128008099634	0.0	165384	2248.1842379280247	1.0120422	0.3
15249.765694068277	300	16.636977378015008	0.0	140881	1877.150630084628	1.0338823	0.3
15252.036034367482	300	18.366637078810445	0.0	157671	2270.3402992045576	1.1492339	0.3
15254.231643188908	300	20.171028257382176	0.0	157812	2195.6088214282736	1.2165306	0.3
15256.902464977966	300	21.500206468324077	0.0	163927	2670.8217890581013	1.2698	0.3
15259.123542833264	300	23.279128613027932	0.0	137654	2221.077855296142	1.3165004	0.3
15269.592720591565	1200	16.80995085472542	0.0	587236	10469.17775830251	1.3339214	0.29999999999999993
15274.033473412166	750	16.369198034126487	0.0	379700	4440.752820598935	1.2269526	0.3
15275.857802908607	300	18.5448685376859	0.0	181901	1824.329496440589	1.2031984	-0.15000000000000002
15276.962804545446	300	21.439866900846308	0.0	111155	1105.0016368395902	1.29827	0.3
15278.453723248549	300	23.94894819774431	0.0	153605	1490.918703101997	1.3216245	0.3
15281.839379769885	750	24.56329167640958	0.0	400508	3385.656521334732	1.382289	0.3
15284.860808095083	750	25.54186335121069	0.0	358218	3021.4283251988886	1.4457515	0.75
15286.319579468634	300	28.083091977659908	0.0	157488	1458.7713735507814	1.4606912	-0.15000000000000002
15299.410669553692	2850	18.992001892603113	0.0	1358081	13091.090085056796	1.4960047	0.30000000000000027
15305.042248270873	1200	17.36042317542131	0.0	670129	5631.578717181799	1.491387	-0.44999999999999996
15311.068411728995	1200	15.334259717299465	0.0	690253	6026.163458121846	1.4191747	1.2
15312.516184437365	300	17.88648700893075	0.0	159914	1447.772708368714	1.3828797	-0.6000000000000001
15313.662924313245	300	20.73974713305022	0.0	131610	1146.7398758805323	1.3516829	0.3
15321.795599429537	1850	16.607072016759613	0.0	938587	8132.6751162906085	1.4270631	0.30000000000000004
15332.105913683881	1850	10.296757762414655	0.0	908665	10310.314254344956	1.4558176	1.85
15340.011872537963	1200	6.390798908333076	0.0	587506	7905.95885408158	1.235959	0.5499999999999999
15346.669069702612	750	4.0	0.2663982563162317	345516	6657.1971646493075	0.4286719	-0.8455125021597962
15348.612954050464	300	6.056115652147572	0.0	161857	1943.884347852429	0.031176899	-0.15000000000000002
15350.195183545204	300	8.473886157408895	0.0	145210	1582.229494738676	0.23432264	0.3
15354.96458593567	750	7.704483766944339	0.0	438281	4769.402390464556	0.7420276	0.3
15357.106047732044	300	9.563021970568892	0.0	167025	2141.4617963754467	0.52435094	-0.15000000000000002
15365.772601443587	1200	4.89646825902644	0.0	638661	8666.553711542452	0.78525215	0.29999999999999993
15368.110073070651	300	6.55899663196288	0.0	137507	2337.4716270635604	0.08103948	-0.6000000000000001
15369.995235852595	300	8.673833850017836	0.0	118421	1885.162781945043	0.22492205	0.3

