19832.861597730836	750	4.0	3.5949223786930258	450283	3594.9223786930256	1.6482136	-14.70816622838001
19834.245919414767	300	6.615678316071856	0.0	155580	1384.3216839281442	0.7329777	-0.15000000000000002
19835.360717247182	300	9.50088048365893	0.0	139857	1114.7978324129251	0.95963895	0.3
19836.773227717655	300	12.088370013187337	0.0	155432	1412.510470471593	1.0707195	0.3
19840.74451428403	750	12.117083446810755	0.0	411561	3971.286566376583	1.119384	0.3
19843.34479082867	750	13.516806902171583	0.0	318564	2600.2765446391736	1.1783823	0.75
19846.471590109606	750	14.39000762123496	0.0	352642	3126.799280936622	1.2351234	0.75
19849.984550315112	750	14.877047415729827	0.0	437162	3512.960205505133	1.2343125	0.75
19854.347925007976	1200	14.513672722865826	0.0	584846	4363.374692864001	1.2408966	0.75
19855.552991150296	300	17.308606580543543	0.0	139105	1205.0661423222832	1.32576	-0.6000000000000001
19858.520210004484	750	18.341387726355002	0.0	353220	2967.2188541885416	1.2179115	0.3
19861.81359039146	750	19.048007339378593	0.0	405134	3293.380386976409	1.3051683	0.75
19866.912839849883	1200	17.948757880957324	0.0	624282	5099.249458421269	1.3131279	0.75
19870.430926286434	750	18.430671444404506	0.0	434409	3518.08643655282	1.3619828	0.3
19877.167071539126	1850	15.694526191712287	0.0	821631	6736.14525269222	1.3125356	0.75
19880.734911433592	750	16.126686297245868	0.0	366214	3567.839894466417	1.4018712	-0.3500000000000001
19886.385203289778	1200	14.476394441061966	0.0	617242	5650.291856183903	1.2592987	0.75
19896.094420908634	1850	8.767176822207176	0.0	885714	9709.21761885479	1.297326	1.2000000000000002
19897.932528549194	300	10.929069181645625	0.0	165384	1838.1076405615518	1.1433543	-1.25
19899.331180224817	300	13.53041750602397	0.0	140881	1398.6516756216568	1.0168197	0.3
19900.75252409162	300	16.109073639221776	0.0	157671	1421.3438668021915	1.1278056	0.3
19902.15891081884	300	18.702686912004182	0.0	157812	1406.3867272175953	1.2008734	0.3
19903.65190099639	300	21.209696734452933	0.0	163927	1492.9901775512478	1.2395192	0.3
19906.75283440348	750	22.108763327359938	0.0	343800	3100.933407092994	1.2742264	0.3
19912.49962124822	1200	20.361976482621262	0.0	587236	5746.786844738675	1.3514093	0.75
19920.923606509397	1850	15.937991221442543	0.0	905935	8423.985261178721	1.3765122	1.2000000000000002
19929.835966763283	1200	11.025630967556603	0.0	696376	8912.36025388594	1.3708819	0.5499999999999999
19932.982231893053	750	11.879365837788235	0.0	277716	3146.265129768368	1.094243	0.3
19934.725255839403	300	14.136341891435112	0.0	153605	1743.023946353124	1.1300206	-0.15000000000000002
19938.4571717079	750	14.404426022935267	0.0	400508	3731.9158684998442	1.1330415	0.3
19940.073176325775	300	16.788421405059932	0.0	157421	1616.0046178753348	1.2382606	-0.15000000000000002
19943.822147809024	750	17.039449921810377	0.0	400322	3748.971483249555	1.2123439	0.3
19952.37486963596	1850	12.48672809487224	0.0	885062	8552.721826938137	1.2903008	0.75
19955.57664730123	750	13.28495042960354	0.0	412837	3201.7776652687	1.2968994	-0.3500000000000001
19962.538859374425	1200	10.322738356406685	0.0	690253	6962.212073196856	1.2377638	0.75
19964.16686956842	300	12.694728162414428	0.0	159914	1628.0101939922554	1.1422302	-0.6000000000000001
19965.788276163323	300	15.07332156751121	0.0	131610	1621.406594903219	1.1153218	0.3
19967.579466884483	300	17.282130846349602	0.0	124011	1791.1907211616067	1.1851035	0.3
19974.24083611285	750	14.620761617981188	0.0	378327	6661.369228368414	1.2306938	0.3
19976.02428646081	300	16.837311270018077	0.0	149991	1783.4503479631126	1.1761894	-0.15000000000000002
19978.416940425348	300	18.444657305483023	0.0	147968	2392.6539645350545	1.2428504	0.3
19990.5159689486	1200	10.345628782230362	0.0	641452	12099.02852325266	1.260045	0.29999999999999993
19992.833038153018	300	12.028559577811102	0.0	145210	2317.0692044192597	0.92186403	-0.6000000000000001
19994.89230511545	300	13.969292615379503	0.0	172312	2059.2669624315986	1.0617541	0.3
19998.914423735096	750	13.947173995733467	0.0	398987	4022.1186196460367	1.1925862	0.3
20004.94433902713	1200	11.917258703700748	0.0	638661	6029.915292032719	1.2957792	0.75
20010.2291705939	1200	10.632427136930833	0.0	538612	5284.8315667699135	1.2979034	1.2
20014.891087474807	750	9.970510256022106	0.0	314107	4661.916880908727	1.2587159	0.3

