8862.382925827142	750	4.0	6.819045761582508	450283	6819.045761582508	0.97493124	-28.571896774804785
8864.329901494255	300	6.053024332886424	0.0	155580	1946.975667113577	0.38828784	-0.15000000000000002
8868.150343160798	750	6.232582666343553	0.0	350812	3820.4416665428703	0.73112005	0.3
8869.708642045249	300	8.674283781893255	0.0	155432	1558.2988844502977	0.78854585	-0.15000000000000002
8871.009163063289	300	11.373762763852584	0.0	163442	1300.5210180406696	0.8514042	0.3
8873.227733645252	750	13.15519218189112	0.0	318564	2218.5705819614645	1.0289139	0.3
8874.020716701161	300	16.362209125981735	0.0	153295	792.9830559093841	1.1740906	-0.15000000000000002
8874.766224790283	300	19.616701036861073	0.0	173849	745.5080891206634	1.2748742	0.3
8875.356380417543	300	23.026545409601056	0.0	150710	590.1556272600174	1.4133918	0.3
8876.846728238444	750	25.536197588698126	0.0	362795	1490.3478209029267	1.4439	0.3
8880.016098954653	1200	26.366826872489767	0.0	607410	3169.3707162083606	1.5225366	0.75
8880.804710451135	300	29.57821537600776	0.0	156148	788.6114964820093	1.5461054	-0.6000000000000001
8881.597928375473	300	32.78499745166904	0.0	160746	793.2179243387233	1.4858204	0.3
8883.63366913014	750	34.74925669700095	0.0	434409	2035.7407546680931	1.5090088	0.3
8885.231271466128	750	37.1516543610159	0.0	337059	1597.60233598505	1.5704987	0.75
8885.76393473509	300	40.61899109205097	0.0	138313	532.6632689649252	1.5732825	-0.15000000000000002
8889.450390926962	1850	40.93253490017909	0.0	966699	3686.456191871883	1.5683192	0.30000000000000004
8891.093488508079	750	43.2894373190627	0.0	372963	1643.0975811163914	1.6273197	-0.3500000000000001
8893.930249555366	1200	44.45267627177596	0.0	639204	2836.761047286748	1.6115805	0.75
8897.913564832415	1850	44.46936099472661	0.0	923755	3983.315277049348	1.6190734	1.2000000000000002
8900.506500646008	1200	45.876425181133584	0.0	601738	2592.935813593021	1.6322167	0.5499999999999999
8901.207506960462	300	49.17541886668174	0.0	157812	701.0063144518507	1.6323105	-0.6000000000000001
8903.057765860418	750	51.32515996672562	0.0	401853	1850.2588999561092	1.6200365	0.3
8906.634540790645	1200	51.748385036497375	0.0	536667	3576.774930228245	1.6430016	0.75
8909.458582256164	300	52.9243435709775	0.0	146754	2824.0414655198797	1.6398221	-0.6000000000000001
8922.774508583383	1850	43.60841724375826	0.0	905935	13315.92632721924	1.6022999	0.30000000000000004
8934.115131220662	1850	36.26779460647921	0.0	1076599	11340.622637279059	1.5639352	1.85
8941.356919439058	1850	33.026006388082756	0.0	758197	7241.788218396447	1.5799695	1.85
8944.668450760219	1200	33.71447506692147	0.0	622896	3311.531321161289	1.5778834	0.5499999999999999
8949.11431768639	1850	33.26860814075013	0.0	975811	4445.866926171332	1.580113	1.2000000000000002
8957.988451831514	4300	28.394473995626587	0.0	2113193	8874.134145123546	1.606494	1.8499999999999996
8967.057417863694	4300	23.325507963444878	0.0	2147852	9068.96603218171	1.5670333	4.3
8973.150120445098	2850	21.232805382041995	0.0	1358081	6092.702581402883	1.5944774	1.4000000000000001
8988.157296127943	1850	10.22562969919831	0.0	1035329	15007.175682843686	1.605273	0.8500000000000001
8990.252187592474	300	12.13073823466722	0.0	179328	2094.8914645310883	1.2718381	-1.25
8993.179518260737	750	13.203407566405744	0.0	365161	2927.3306682614766	1.1554228	0.3
8993.937681937748	300	16.445243889393026	0.0	131610	758.1636770127174	1.3411843	-0.15000000000000002
8997.638955053935	750	16.74397077320767	0.0	361565	3701.273116185356	1.3350371	0.3
9000.209099473006	300	18.173826354137866	0.0	144254	2570.1444190698053	1.4154243	-0.15000000000000002
9004.979114416745	750	17.403811410398667	0.0	390680	4770.014943739201	1.2862251	0.3
9006.568936108271	300	19.81398971887314	0.0	147968	1589.8216915255236	1.3402313	-0.15000000000000002
9011.874566772853	1200	18.50835905429221	0.0	641452	5305.630664580932	1.3877758	0.29999999999999993
9013.658798486882	750	20.724127340261354	0.0	372093	1784.2317140308542	1.4763458	0.3
9014.32590720977	300	24.05701861737375	0.0	172312	667.1087228876067	1.5348127	-0.15000000000000002
9018.866286208644	1850	23.51663961850004	0.0	958994	4540.37899887371	1.5722268	0.30000000000000004
9023.396162293708	1850	22.986763533435774	0.0	982064	4529.876085064269	1.6198206	1.85
9024.664086647776	750	25.718839179368327	0.0	331053	1267.9243540674458	1.6325111	-0.3500000000000001
9026.866806164146	1200	27.516119662998506	0.0	550906	2202.7195163698207	1.6381267	0.75

