11764.672305596165	750	4.0	3.998697299309292	450283	3998.697299309292	1.4695907	-16.444398387029956
11766.054284189253	300	6.61802140691262	0.0	155580	1381.9785930873804	0.6550825	-0.15000000000000002
11767.493628889195	300	9.178676706968677	0.0	139857	1439.3446999439418	0.9558569	0.3
11770.378568341313	750	10.293737254850585	0.0	382355	2884.939452118093	1.021705	0.3
11771.74786070395	300	12.924444892212755	0.0	163442	1369.2923626378301	1.1656048	-0.15000000000000002
11774.652681886384	300	14.019623709778328	0.0	126289	2904.8211824344253	1.1507204	0.3
11786.907168706444	1200	5.765136889718248	0.0	561791	12254.486820060081	1.0761248	0.29999999999999993
11792.85216351619	750	4.0	0.17985792002714152	437162	5944.994809745389	0.31826118	-0.4733890561167085
11794.962105760747	300	5.890057755441662	0.0	150710	2109.942244558339	0.17885453	-0.15000000000000002
11796.639492302149	300	8.212671214039503	0.0	139105	1677.3865414021575	0.37546802	0.3
11798.312366068398	300	10.539797447790704	0.0	141840	1672.8737662487995	0.7910548	0.3
11800.380376286634	300	12.471787229555055	0.0	156148	2068.0102182356486	0.96019125	0.3
11806.69643385138	1200	10.155729664807815	0.0	624282	6316.057564747239	1.0226954	0.29999999999999993
11811.09041980327	750	9.761743712918621	0.0	434409	4393.985951889194	1.1180043	0.3
11815.954190169252	1200	8.89797334693624	0.0	526950	4863.770365982383	1.0057595	0.75
11819.946065557864	750	8.90609795832429	0.0	366214	3991.87538861195	1.1092991	0.3
11821.639975299067	300	11.212188217120122	0.0	143509	1693.9097412041692	1.0020969	-0.15000000000000002
11827.730918578185	1200	9.121244938002638	0.0	581493	6090.943279117484	1.0063447	0.29999999999999993
11829.277441140172	300	11.5747223760169	0.0	165384	1546.5225619857365	1.0987887	-0.6000000000000001
11833.478393721996	750	11.373769794191576	0.0	350713	4200.952581825323	1.0490488	0.3
11839.823026808506	750	9.029136707681934	0.0	386472	6344.633086509642	1.0830348	0.75
11843.040638516139	300	9.811525000049139	0.0	157812	3217.611707632794	0.8805512	-0.15000000000000002
11846.100174036832	300	10.751989479355279	0.0	163927	3059.53552069386	0.8047661	0.3
11848.261214084001	300	12.590949432186596	0.0	137654	2161.040047168682	0.9214338	0.3
11850.302790608066	300	14.549372908121983	0.0	146754	2041.576524064614	1.024122	0.3
11854.313798952095	750	14.538364564091683	0.0	379700	4011.008344030299	1.098814	0.3
11864.418834551107	1200	8.433328965079282	0.0	696376	10105.035599012403	1.2076356	0.75
11867.955494814558	750	8.896668701627776	0.0	277716	3536.6602634515066	0.8091179	0.3
11869.669268381083	300	11.18289513510201	0.0	153605	1713.7735665257665	0.95866036	-0.15000000000000002
11873.234313577843	750	11.617849938344122	0.0	400508	3565.045196757888	1.0046991	0.3
11876.559821928427	750	12.292341587759338	0.0	358218	3325.5083505847833	1.1321387	0.75
11877.734568818916	300	15.117594697270398	0.0	157488	1174.7468904889392	1.1605389	-0.15000000000000002
11885.477348547627	1200	11.374814968559571	0.0	584349	7742.779728710829	1.2053809	0.29999999999999993
11890.469296355936	750	10.382867160250855	0.0	412837	4991.947808308715	1.1260712	0.3
11891.905727920994	300	12.946435595192378	0.0	179328	1436.431565058475	1.0260547	-0.15000000000000002
11894.626608942359	750	14.225554573827166	0.0	365161	2720.8810213652127	1.1365881	0.3
11895.664783820068	300	17.1873796961181	0.0	131610	1038.1748777090665	1.2919993	-0.15000000000000002
11896.589712429206	300	20.26245108697903	0.0	124011	924.9286091390696	1.2727242	0.3
11900.388686251452	1200	20.463477264733847	0.0	605884	3798.973822245184	1.3415571	0.29999999999999993
11905.145950804268	1200	19.706212711916354	0.0	587506	4757.2645528174935	1.5230392	1.2
11909.365685438639	1200	19.486478077547616	0.0	566904	4219.734634368737	1.4797298	1.2
11917.35922709729	1850	15.49293641889704	0.0	1025005	7993.541658650578	1.5025096	1.2000000000000002
11922.896608366995	1200	13.9555551491933	0.0	599477	5537.381269703738	1.4666438	0.5499999999999999
11930.04304699217	1850	10.80911652401777	0.0	973972	7146.438625175532	1.3633591	1.2000000000000002
11934.418953014	1200	10.433210502187489	0.0	630203	4375.906021830281	1.3772123	0.5499999999999999
11939.432583806229	1200	9.419579709959292	0.0	638661	5013.630792228195	1.3176272	1.2
11945.746491143102	1200	7.1056723730861435	0.0	538612	6313.90733687315	1.2480602	1.2
11951.115846513438	750	5.736317002751693	0.0	314107	5369.3553703344505	1.0638174	0.3

