1122.753737576358	750	4.0	5.4395307625425735	450283	5439.530762542574	1.6189723	-22.639982278933065
1125.1473644442842	300	5.606373132073677	0.0	155580	2393.6268679263235	0.4559331	-0.15000000000000002
1127.3189904765945	300	7.4347470997634195	0.0	139857	2171.626032310258	0.5277891	0.3
1130.2734904567608	300	8.480247119597157	0.0	155432	2954.4999801662616	0.7704208	0.3
1132.6433037978902	300	10.110433778467936	0.0	163442	2369.8133411292224	0.8178254	0.3
1133.6594253720357	300	13.094312204322456	0.0	126289	1016.1215741454799	0.96708983	0.3
1134.7346923219798	300	16.019045254378536	0.0	153295	1075.2669499439207	1.139546	0.3
1135.8923596088528	300	18.861377967505376	0.0	173849	1157.667286873158	1.2003503	0.3
1137.018828808779	300	21.73490876757911	0.0	150710	1126.4691999262682	1.2381545	0.3
1140.9361251211787	1200	21.817612455179344	0.0	560821	3917.296312399765	1.2640414	0.29999999999999993
1141.8842427115449	300	24.869494864813095	0.0	141840	948.1175903662489	1.4129258	-0.6000000000000001
1143.0779603958238	300	27.67577718053446	0.0	156148	1193.7176842786373	1.3102336	0.3
1144.574372806338	300	30.179364770020044	0.0	160746	1496.4124105144163	1.3272539	0.3
1151.2168749926275	1200	27.536862583730713	0.0	687371	6642.502186289334	1.338149	0.29999999999999993
1155.4356195666992	1200	27.318118009658836	0.0	526950	4218.744574071877	1.4318923	1.2
1159.3144237507258	750	27.439313825632308	0.0	366214	3878.804184026528	1.458436	0.3
1168.0057515576132	1200	22.74798601874493	0.0	617242	8691.32780688738	1.3844516	0.75
1173.5287839890414	1200	21.224953587316865	0.0	581493	5523.032431428061	1.3567754	1.2
1179.4506715450007	1200	19.303066031357496	0.0	639204	5921.887555959369	1.4004213	1.2
1180.4824930895406	300	22.271244486817544	0.0	140881	1031.8215445399492	1.3781183	-0.6000000000000001
1181.581082075464	300	25.172655500894	0.0	157671	1098.5889859235463	1.316934	0.3
1185.9139906964733	1200	24.8397468798848	0.0	616206	4332.908621009201	1.3466796	0.29999999999999993
1188.9669827471387	750	25.78675482921931	0.0	401853	3052.9920506654903	1.4676048	0.3
1192.9349443036633	1200	25.818793272694705	0.0	536667	3967.9615565246077	1.4130117	0.75
1194.1077670378438	300	28.645970538514028	0.0	146754	1172.8227341806748	1.4758859	-0.6000000000000001
1195.2071084146996	300	31.546629161658363	0.0	153938	1099.341376855668	1.3675783	0.3
1196.4768751852723	300	34.276862391085515	0.0	181901	1269.7667705728447	1.3986506	0.3
1200.9520153782848	1200	33.80172219807321	0.0	487160	4475.140193012308	1.426469	0.29999999999999993
1202.4886573697627	300	36.2650802065952	0.0	153605	1536.6419914780092	1.5375038	-0.6000000000000001
1205.9265878760843	750	36.827149700273665	0.0	400508	3437.930506321535	1.4213743	0.3
1208.7046542867283	750	38.049083289629614	0.0	358218	2778.0664106440513	1.5092412	0.75
1211.7428109465625	750	39.01092662979522	0.0	400322	3038.1566598343948	1.5393515	0.75
1212.7566405007897	300	41.997097075568064	0.0	143881	1013.829554227156	1.5575409	-0.15000000000000002
1215.7671691189753	750	42.98656845738247	0.0	412837	3010.5286181855954	1.5285493	0.3
1230.1173101051206	1850	32.636427471237255	0.0	1026056	14350.140986145216	1.637378	0.75
1234.188221864857	1200	32.56551571150082	0.0	598727	4070.9117597364366	1.489458	0.5499999999999999
1237.5482635233118	1200	33.205474053046025	0.0	487812	3360.0416584547906	1.654046	1.2
1244.7854457036224	1850	29.96829187273531	0.0	938587	7237.182180310714	1.6780457	1.2000000000000002
1246.9905419560816	300	31.763195620276026	0.0	144254	2205.0962524592837	1.6714263	-1.25
1250.3244448475486	750	32.429292728809074	0.0	390680	3333.9028914669493	1.4581385	0.3
1266.0603943521576	2850	20.693343224200042	0.0	1339500	15735.949504609036	1.5979296	0.75
1272.0308479522614	1200	18.722889624096293	0.0	641452	5970.453600103747	1.4687139	-0.44999999999999996
1277.0001705785853	1200	17.75356699777238	0.0	599477	4969.32262632391	1.4805816	1.2
1278.2560989705562	300	20.497638605801445	0.0	172312	1255.9283919709374	1.4971944	-0.6000000000000001
1282.6599465812578	1200	20.093790995099972	0.0	630203	4403.847610701472	1.4388256	0.29999999999999993
1285.7172118975298	750	21.03652567882815	0.0	393804	3057.265316271824	1.5778022	0.3
1286.7241879618243	300	24.02954961453358	0.0	137507	1006.9760642945687	1.5263921	-0.15000000000000002
1287.6337958520733	300	27.119941724284576	0.0	118421	909.6078902490017	1.5089701	0.3

