8024.697246263432	750	4.0	4.782926972877741	450283	4782.926972877741	0.08176087	-19.816585983374285
8026.442530499573	300	6.254715763859471	0.0	155580	1745.2842361405292	0.53495103	-0.15000000000000002
8028.405277617692	300	8.291968645740148	0.0	139857	1962.7471181193237	0.78122574	0.3
8032.859754917079	750	7.837491346353105	0.0	382355	4454.477299387042	0.947582	0.3
8036.1014613450425	750	8.595784918389523	0.0	411561	3241.7064279635815	0.9881143	0.75
8040.864466372204	1200	7.832779891227759	0.0	520315	4763.005027161765	1.0784996	0.75
8043.756037975645	750	8.941208287787102	0.0	352642	2891.5716034406573	1.1090688	0.3
8054.452401008593	1200	4.0	1.7551547451608258	709534	10696.363032947927	1.0700388	-6.797165404191551
8055.811277225221	300	6.641123783372586	0.0	150710	1358.8762166274144	0.20212078	-0.6000000000000001
8056.876760319507	300	9.575640689085493	0.0	139105	1065.4830942870942	0.6417271	0.3
8057.945815649928	300	12.506585358665633	0.0	141840	1069.0553304198588	0.99827474	0.3
8061.030931642055	750	13.421469366537908	0.0	405134	3085.1159921277263	1.100477	0.3
8065.40810000534	1200	13.044301003253564	0.0	624282	4377.168363284342	1.2117304	0.75
8066.892536380886	300	15.559864627707423	0.0	179801	1484.4363755461416	1.2840246	-0.6000000000000001
8071.051671420616	1200	15.400729587976999	0.0	526950	4159.135039730424	1.177422	0.29999999999999993
8072.2427546049485	300	18.20964640364398	0.0	138313	1191.083184333018	1.3183005	-0.6000000000000001
8079.833079324673	1200	14.619321683919456	0.0	617242	7590.324719724524	1.2253001	0.29999999999999993
8084.208088930113	1200	14.244312078479402	0.0	581493	4375.009605440056	1.2416428	1.2
8088.17934864056	750	14.273052368032607	0.0	405596	3971.2597104467936	1.32261	0.3
8094.1158461333935	1200	12.336554875199319	0.0	586839	5936.4974928332895	1.2224573	0.75
8108.602431399415	1850	4.0	2.150030390822585	891604	14486.585266021904	1.224866	-8.045130680537117
8109.879867314822	300	6.722564084593357	0.0	157812	1277.4359154066426	0.24943143	-1.25
8111.117458452546	300	9.484972946869195	0.0	163927	1237.591137724164	0.66694987	0.3
8112.251404844116	300	12.351026555298866	0.0	137654	1133.9463915703293	0.99842477	0.3
8117.66211233691	1200	10.940319062505733	0.0	587236	5410.7074927931335	1.0871526	0.29999999999999993
8121.521050538194	750	11.081380861221948	0.0	379700	3858.9382012837837	1.1765939	0.3
8124.187926549983	300	12.41450484943177	0.0	181901	2666.8760117901775	1.0827233	-0.15000000000000002
8125.722718446549	300	14.879712952866175	0.0	111155	1534.7918965655945	1.0117409	0.3
8128.067158692133	300	16.535272707282378	0.0	153605	2344.4402455837985	1.0934159	0.3
8130.545010925111	300	18.057420474304525	0.0	149029	2477.8522329778475	1.1520057	0.3
8138.658610771586	750	13.9438206278299	0.0	358218	8113.599846474626	1.1895777	0.3
8143.276081532119	300	13.326349867296608	0.0	157488	4617.4707605332915	1.0728643	-0.15000000000000002
8156.765650161276	1200	4.0	0.1632187618615826	584349	13489.568629158191	0.9861625	-0.4018406760048052
8158.849676631517	300	5.915973529760035	0.0	163444	2084.0264702399645	0.04221286	-0.6000000000000001
8160.0782990086445	300	8.687351152632544	0.0	179328	1228.6223771274915	0.31210616	0.3
8162.251216172627	750	10.514433988649857	0.0	365161	2172.9171639826855	0.9665629	0.3
8164.3272456549175	750	12.438404506359843	0.0	321064	2076.029482290016	1.1895821	0.75
8165.064999699963	300	15.700650461314924	0.0	124011	737.7540450449197	1.2573131	-0.15000000000000002
8165.814742369398	300	18.95090779187894	0.0	144254	749.7426694359793	1.2693586	0.3
8166.543173870811	300	22.22247629046599	0.0	149991	728.4315014129496	1.3598269	0.3
8167.30747626712	300	25.458173894156186	0.0	147968	764.3023963098047	1.4185702	0.3
8169.527805632034	750	27.237844529242214	0.0	384505	2220.3293649139696	1.4771645	0.3
8171.215193909357	750	29.55045625191932	0.0	372093	1687.3882773228959	1.5838357	0.75
8174.480833160204	1200	30.28481700107208	0.0	634861	3265.639250847238	1.6712954	0.75
8185.265899625212	2850	23.499750536065356	0.0	1464921	10785.066465006727	1.6928831	1.2000000000000002
8189.960472851409	1850	22.805177309868277	0.0	982064	4694.573226197077	1.588876	0.8500000000000001
8194.800865486422	1850	21.964784674855085	0.0	830730	4840.392635013194	1.5436755	1.85
8207.259371263186	4300	13.506278898089844	0.0	2155012	12458.50577676524	1.6116394	1.8499999999999996

