5784.674371533937	750	4.0	2.7931852023610926	450283	2793.1852023610927	1.1706249	-11.260696370152697
5785.313734187019	300	7.360637346917347	0.0	155580	639.3626530826534	0.94840145	-0.15000000000000002
5787.348147481788	1200	9.326224052148868	0.0	571051	2034.4132947684795	1.1673726	0.29999999999999993
5788.528274796381	750	12.146096737556025	0.0	382355	1180.1273145928424	1.3836675	0.3
5791.074064420215	1200	13.600307113722138	0.0	652874	2545.7896238338867	1.3587706	0.75
5791.630507551141	300	17.04386398279597	0.0	126289	556.4431309261672	1.4197531	-0.6000000000000001
5794.1349510134505	1200	18.539420520486253	0.0	561791	2504.4434623097172	1.2936271	0.29999999999999993
5797.223597523221	1200	19.450774010715644	0.0	709534	3088.6465097706055	1.4459788	1.2
5800.696347608183	1850	19.978023925753973	0.0	852833	3472.7500849616754	1.446016	1.2000000000000002
5807.451522443408	1850	17.222849090528246	0.0	913888	6755.174835225728	1.5383285	1.85
5816.033054645925	1200	12.641316888010833	0.0	607410	8581.532202517412	1.4175553	0.5499999999999999
5823.011340459402	1200	9.663031074534596	0.0	594078	6978.285813476236	1.1623956	1.2
5824.236357251647	300	12.438014282289688	0.0	160746	1225.0167922449098	1.1009748	-0.6000000000000001
5826.951333723307	750	13.723037810629554	0.0	434409	2714.9764716601335	1.1308365	0.3
5827.706775591025	300	16.967595942910645	0.0	140051	755.4418677189122	1.2719463	-0.15000000000000002
5829.480827588893	750	19.193543945043114	0.0	366214	1774.0519978675268	1.2720919	0.3
5830.278044043629	300	22.396327490306106	0.0	143509	797.2164547370097	1.3850218	-0.15000000000000002
5836.171176698453	1850	20.503194835483008	0.0	885714	5893.132654823099	1.3239269	0.30000000000000004
5838.68832480542	1200	21.986046728516335	0.0	639204	2517.1481069666747	1.4844443	0.5499999999999999
5839.371325684209	300	25.303045849727273	0.0	140881	683.0008787890607	1.5015293	-0.6000000000000001
5843.042179102494	1850	25.632192431443336	0.0	891604	3670.853418283939	1.372359	0.30000000000000004
5847.4961001900565	2850	25.1782713438802	0.0	1468126	4453.921087563131	1.63244	1.85
5854.712568554811	4300	21.961802979125487	0.0	2221506	7216.4683647547145	1.4659169	2.8499999999999996
5862.015012580696	4300	18.65935895324133	0.0	2044075	7302.444025884157	0.95842326	4.3
5864.431887373729	1200	20.242484160207624	0.0	587236	2416.874793033709	1.1400503	-1.9000000000000001
5867.465459286708	1200	21.208912247229225	0.0	590335	3033.571912978399	1.5161862	1.2
5869.371490749369	750	23.30288078456895	0.0	425781	1906.0314626602772	1.4926226	0.3
5870.762367505347	750	25.912004028589706	0.0	277716	1390.8767559792423	1.4716928	0.75
5872.656717032455	750	28.01765450148219	0.0	400396	1894.349527107516	1.4785956	0.75
5874.132446138435	750	30.54192539550198	0.0	400508	1475.7291059802096	1.506458	0.75
5876.307012585836	1200	32.36735894810161	0.0	570392	2174.5664474003684	1.5727005	0.75
5877.062980943194	300	35.611390590743525	0.0	157488	755.9683573580859	1.6723491	-0.6000000000000001
5877.694635066306	300	38.97973646763198	0.0	143881	631.6541231115444	1.4999846	0.3
5879.560472526163	750	41.11389900777467	0.0	412837	1865.8374598573037	1.5590994	0.3
5884.885130989977	2850	39.789240543960595	0.0	1492672	5324.658463814075	1.6855254	0.75
5894.133509011685	4300	34.540862522252226	0.0	2143948	9248.37802170837	0.5786088	2.8499999999999996
5901.4842472242335	4300	31.19012430970512	0.0	1919781	7350.738212547106	0.40368894	4.3
5912.116905781164	4300	24.55746575277473	0.0	2147467	10632.65855693039	0.3783541	4.3
5918.863307519945	4300	21.811064013993654	0.0	2133870	6746.401738781075	0.7543079	4.3
5925.636871893087	4300	19.037499640851234	0.0	2146120	6773.564373142422	0.423835	4.3
5934.230036938243	4300	14.44433459569617	0.0	2108491	8593.165045155065	0.46343267	4.3
5946.489168254397	4300	6.185203279542185	0.0	2184571	12259.131316153984	0.8585684	4.3
5953.046117685983	4300	4.0	0.3717461520440738	2121928	6556.949431586259	1.5032455	2.7014915462104825
5955.18021079773	1200	5.865906888253357	0.0	634861	2134.0931117466434	1.5714518	-1.9000000000000001
5956.804373584722	750	8.241744101260698	0.0	398987	1624.1627869926576	1.3620738	0.3
5960.289109717614	1850	8.757007968368914	0.0	982064	3484.7361328917837	1.3231897	0.75
5965.541881696697	1850	7.5042359892868165	0.0	830730	5252.771979082098	1.569089	1.85
5969.306294242088	750	7.739823443894472	0.0	314107	3764.4125453923443	1.3542986	-0.3500000000000001

