23302.641962286885	750	4.0	8.793419615156727	450283	8793.419615156727	1.2724689	-37.06170434517393
23305.64232359414	300	4.999638692742964	0.0	155580	3000.361307257036	0.14104049	-0.15000000000000002
23308.271060225194	300	6.370902061693952	0.0	139857	2628.7366310490115	0.3061421	0.3
23310.750321189647	300	7.89164109724028	0.0	155432	2479.2609644536724	0.44664308	0.3
23313.160307905022	300	9.481654381865631	0.0	163442	2409.9867153746472	0.68261075	0.3
23320.7607815556	1200	5.881180731287634	0.0	520315	7600.473650577998	0.92316735	0.29999999999999993
23323.023600204244	300	7.618362082642538	0.0	153295	2262.818648645096	0.5708587	-0.6000000000000001
23325.456685737994	300	9.185276548893071	0.0	173849	2433.0855337494677	0.59417015	0.3
23327.477774751198	300	11.16418753568839	0.0	150710	2021.0890132046814	0.8368588	0.3
23329.49196094532	300	13.150001341566417	0.0	139105	2014.186194121973	0.977621	0.3
23331.675812838796	300	14.966149448090881	0.0	141840	2183.851893475536	1.0527735	0.3
23334.08696924105	300	16.554993045838277	0.0	156148	2411.1564022526054	1.1028237	0.3
23340.27235031557	750	14.369611971320435	0.0	386351	6185.381074517842	1.1442996	0.3
23346.304530368106	750	12.337431918778465	0.0	434409	6032.180052541969	1.1304269	0.75
23355.503275922543	1200	7.13868636434264	0.0	526950	9198.745554435825	1.0870948	0.75
23357.574235620224	300	9.067726666665353	0.0	138313	2070.959697677289	0.6920952	-0.6000000000000001
23359.55272467061	300	11.089237616275186	0.0	143509	1978.4890503901663	0.8860147	0.3
23361.760501803117	300	12.881460483767473	0.0	150616	2207.777132507714	0.99103034	0.3
23367.807519052716	750	10.834443234169932	0.0	405596	6047.017249597539	1.0505272	0.3
23373.31046563885	750	9.331496648038282	0.0	350713	5502.946586131649	1.021429	0.75
23375.906571471725	300	10.735390815162114	0.0	157671	2596.1058328761683	0.9529839	-0.15000000000000002
23378.51550972878	300	12.126452558108861	0.0	157812	2608.9382570532534	0.9377106	0.3
23381.19563863076	300	13.446323656124859	0.0	163927	2680.128901984	0.9866391	0.3
23389.857373203533	1200	8.784589083352417	0.0	536667	8661.734572772442	1.0479527	0.29999999999999993
23398.147842680817	1200	4.494119606072485	0.0	587236	8290.469477279932	0.9679812	1.2
23399.928679445602	300	6.713282841287104	0.0	153938	1780.8367647853809	0.2838284	-0.6000000000000001
23401.858506228873	300	8.783456058018757	0.0	181901	1929.8267832683466	0.46583304	0.3
23402.96990875572	300	11.672053531169471	0.0	111155	1111.402526849286	0.81252515	0.3
23409.100405067034	1200	9.541557219855964	0.0	622896	6130.496311313506	1.0299028	0.29999999999999993
23410.990412853374	300	11.651549433515529	0.0	149029	1890.0077863404351	1.1025294	-0.6000000000000001
23415.142496698867	750	11.49946558802279	0.0	358218	4152.083845492739	1.0021149	0.3
23422.558703108476	1200	8.083259178414343	0.0	620283	7416.206409608449	1.0723687	0.75
23424.886728153426	300	9.755234133461377	0.0	143881	2328.0250449529644	0.9129153	-0.6000000000000001
23432.24358419729	750	6.398378089595726	0.0	412837	7356.856043865652	0.85330987	0.3
23434.507103152544	300	8.134859134343985	0.0	179328	2263.518955251739	0.32339898	-0.15000000000000002
23438.84194829898	750	7.800013987909118	0.0	365161	4334.845146434868	0.6313918	0.3
23440.628026410144	300	10.013935876745895	0.0	131610	1786.0781111632214	0.7673158	-0.15000000000000002
23442.295386340356	300	12.346575946530645	0.0	124011	1667.3599302152506	0.94552886	0.3
23444.271819865287	300	14.370142421601598	0.0	144254	1976.4335249290466	1.0622708	0.3
23450.968327809525	1200	11.673634477364631	0.0	587506	6696.507944236969	1.1329069	0.29999999999999993
23457.414456073468	1200	9.227506213421066	0.0	566904	6446.128263943565	1.1971868	1.2
23462.41014923664	750	8.231813050249412	0.0	384505	4995.693163171652	1.1100876	0.3
23464.33509349293	300	10.306868793958023	0.0	145210	1924.944256291389	0.90047157	-0.15000000000000002
23466.422296018944	300	12.219666267942912	0.0	172312	2087.2025260151117	1.0130154	0.3
23474.046945900056	1200	8.595016386829242	0.0	630203	7624.64988111367	1.1119369	0.29999999999999993
23478.83464477511	750	7.807317511773743	0.0	393804	4787.698875055499	1.0876703	0.3
23480.562014948722	300	10.079947338161238	0.0	137507	1727.3701736125038	0.8902962	-0.15000000000000002
23486.992616444248	1200	7.649345842635452	0.0	550906	6430.601495525786	1.0378048	0.29999999999999993

