16048.110789917288	750	4.0	6.819045761582508	450283	6819.045761582508	1.1021138	-28.571896774804785
16050.057765584403	300	6.053024332886424	0.0	155580	1946.975667113577	0.3130968	-0.15000000000000002
16051.59288278871	300	8.517907128580475	0.0	139857	1535.1172043059482	0.63258433	0.3
16053.270844532553	300	10.83994538473521	0.0	155432	1677.9617438452651	0.9776458	0.3
16055.143176181833	300	12.967613735456158	0.0	163442	1872.3316492790518	1.0373312	0.3
16057.556719295962	750	14.55407062132647	0.0	318564	2413.5431141296867	1.098824	0.3
16060.503684258509	1200	15.60710565877883	0.0	561791	2946.9649625476404	1.2535503	0.75
16065.336304235838	1850	14.774485681449107	0.0	1060487	4832.619977329722	1.3809956	1.2000000000000002
16066.104127055369	300	18.006662861918883	0.0	150710	767.8228195302224	1.4568093	-1.25
16067.796091912525	750	20.31469800476383	0.0	362795	1691.9648571550536	1.2753915	0.3
16069.478596650357	750	22.632193266932386	0.0	353220	1682.5047378314462	1.386683	0.75
16071.832273234066	1200	24.278516683223224	0.0	594078	2353.6765837091634	1.4056147	0.75
16073.460653136686	750	26.650136780603933	0.0	386351	1628.3799026192917	1.5069878	0.3
16079.995030089798	2850	24.115759827491736	0.0	1578343	6534.376953112198	1.4523764	0.75
16082.386783173437	1200	25.724006743853693	0.0	526950	2391.753083638042	1.6330028	-0.44999999999999996
16086.256647703181	1850	25.854142214108528	0.0	923170	3869.864529745165	1.5105308	1.2000000000000002
16089.24316468736	1200	26.867625229931367	0.0	617242	2986.516984177159	1.61437	0.5499999999999999
16091.913135959881	750	28.197653957408814	0.0	372963	2669.971272522555	1.5181494	0.3
16103.824069215249	1200	20.28672070204148	0.0	639204	11910.93325536733	1.4252423	0.75
16111.132325304914	1850	16.978464612377223	0.0	923755	7308.25608966426	1.2593915	1.2000000000000002
16122.786004638585	1850	9.324785278707141	0.0	891604	11653.679333670081	1.4266977	1.85
16126.38957586444	750	9.721214052852497	0.0	399894	3603.571225854643	1.1062887	-0.3500000000000001
16127.580331270818	300	12.530458646474877	0.0	163927	1190.7554063776204	1.0716885	-0.15000000000000002
16130.147486114738	1200	13.963303802554034	0.0	536667	2567.1548439208427	1.1441852	0.29999999999999993
16131.569789982317	750	16.540999934974774	0.0	359903	1422.3038675792577	1.4112494	0.3
16133.481423260502	750	18.629366656789966	0.0	379700	1911.6332781848064	1.4057062	0.75
16135.694237951835	750	20.416551965456186	0.0	425781	2212.81469133378	1.3852171	0.75
16136.267424335196	300	23.843365582094417	0.0	111155	573.1863833617681	1.405182	-0.15000000000000002
16139.15603188135	1200	24.954758035942433	0.0	622896	2888.6075461519886	1.3534135	0.29999999999999993
16143.008202170919	1850	25.10258774637361	0.0	975811	3852.1702895688218	1.5354695	1.2000000000000002
16148.603895711129	2850	23.506894206162084	0.0	1341201	5595.693540211526	1.6552248	1.85
16151.36092546688	1200	24.749864450411323	0.0	620283	2757.029755750761	1.534246	-0.44999999999999996
16152.931888382518	750	27.1789015347732	0.0	369834	1570.9629156381238	1.5647616	0.3
16153.697862976554	300	30.412926940736327	0.0	163444	765.9745940368713	1.5353535	-0.15000000000000002
16154.57192421956	300	33.538865697731694	0.0	179328	874.0612430046367	1.4817563	0.3
16156.092443663396	750	36.018346253895714	0.0	365161	1520.5194438359754	1.5195558	0.3
16159.657953585214	1850	36.45283633207683	0.0	728962	3565.5099218188957	1.68398	0.75
16174.184598725298	1850	25.926191191994157	0.0	938587	14526.645140082668	1.4589695	1.85
16181.397433972294	1850	22.713355944999538	0.0	908665	7212.835246994619	1.4228104	1.85
16197.089551429932	2850	11.02123848736105	0.0	1402287	15692.117457638487	1.5955163	1.85
16200.811074349876	1850	11.29971556741472	0.0	858450	3721.5229199463306	1.2277604	0.8500000000000001
16202.694976902543	750	13.415813014748835	0.0	384505	1883.902552665885	1.5508593	-0.3500000000000001
16203.621100478033	300	16.48968943925848	0.0	145210	926.1235754903535	1.4349172	-0.15000000000000002
16204.533236457846	300	19.5775534594444	0.0	172312	912.135979814081	1.3707564	0.3
16207.439394199037	1200	20.6713957182553	0.0	630203	2906.1577411890985	1.4618387	0.29999999999999993
16213.36387985766	2850	18.746910059632377	0.0	1483527	5924.485658622927	1.6527267	1.2000000000000002
16221.730936732389	4300	14.379853184902299	0.0	1961140	8367.056874730079	1.1089263	2.8499999999999996
16238.996071974203	4300	4.0	2.8852820569122994	2155012	17265.135241814598	0.88492876	-8.106712844722889

