20566.798432080835	750	4.0	7.229722006325715	450283	7229.722006325715	1.4565227	-30.337804627200573
20569.28100004758	300	5.517432033254713	0.0	155580	2482.567966745287	0.26754352	-0.15000000000000002
20576.040946085832	750	4.0	1.2425140049977663	350812	6759.946038252479	0.45372823	-5.042810221490395
20579.666080408468	300	4.374865677365446	0.0	155432	3625.1343226345534	0.15532367	-0.15000000000000002
20583.233439753625	300	4.807506332209475	0.0	163442	3567.359345155972	0.10526654	0.3
20585.763930450885	300	6.2770156349501445	0.0	126289	2530.4906972593294	0.124573626	0.3
20587.715037209917	300	8.325908875920101	0.0	153295	1951.1067590300454	0.29415724	0.3
20593.086689801377	750	6.9542562844598175	0.0	437162	5371.652591460283	0.6564435	0.3
20594.573608027356	300	9.467338058478788	0.0	150710	1486.918225981029	0.50842756	-0.15000000000000002
20601.32049687608	1850	6.720449209757746	0.0	913888	6746.888848721042	0.9174032	0.30000000000000004
20603.14826056158	300	8.892685524258725	0.0	141840	1827.7636854990203	1.1446763	-1.25
20605.395164048332	300	10.64578203750392	0.0	156148	2246.9034867548057	0.89158005	0.3
20608.808088343038	750	11.232857742797624	0.0	386351	3412.9242947062985	0.9463579	0.3
20610.174435694516	300	13.866510391322265	0.0	179801	1366.3473514753593	1.1154311	-0.15000000000000002
20611.312650240896	300	16.72829584494465	0.0	140051	1138.214546377616	1.1546059	0.3
20614.62124430794	750	17.419701777901345	0.0	366214	3308.5940670433056	1.19823	0.3
20617.961536189203	750	18.079409896636964	0.0	360831	3340.2918812643807	1.2760206	0.75
20619.824456947514	300	20.21648913832636	0.0	150616	1862.9207583106056	1.2837367	-0.15000000000000002
20622.195905384644	300	21.845040701195813	0.0	165384	2371.4484371305493	1.2286067	0.3
20631.280885480024	1200	16.760060605814928	0.0	586839	9084.980095380886	1.2452096	0.29999999999999993
20640.405918470744	1200	11.635027615095215	0.0	601738	9125.032990719714	1.2461296	1.2
20643.753059777715	750	12.287886308124646	0.0	399894	3347.1413069705686	1.0970011	0.3
20654.13705968748	1200	5.9038863983583685	0.0	656471	10383.999909766277	1.1782321	0.75
20658.33675288638	300	5.704193199461823	0.0	137654	4199.693198896545	0.4467354	-0.6000000000000001
20661.280999798328	300	6.759946287509849	0.0	146754	2944.246911951975	0.21407096	0.3
20663.429272382367	300	8.61167370346853	0.0	153938	2148.272584041319	0.35493237	0.3
20666.280115008733	300	9.760831077101452	0.0	181901	2850.842626367078	0.68688804	0.3
20668.23369166601	300	11.807254419826098	0.0	111155	1953.576657275353	0.7952969	0.3
20670.416087335714	300	13.624858750121811	0.0	153605	2182.3956697042863	0.9641328	0.3
20674.308393710555	750	13.73255237528184	0.0	400508	3892.306374839973	1.0511132	0.3
20675.76379298605	300	16.277153099785558	0.0	157421	1455.3992754962794	1.1652634	-0.15000000000000002
20677.201322821234	300	18.839623264602785	0.0	157488	1437.5298351827723	1.1856407	0.3
20678.836533835572	300	21.204412250263978	0.0	143881	1635.211014338809	1.2397084	0.3
20680.82187018902	300	23.219075896816474	0.0	163444	1985.3363534475013	1.2697811	0.3
20683.159974191087	300	24.880971894746324	0.0	179328	2338.1040020701507	1.3001883	0.3
20684.893173542838	300	27.1477725429969	0.0	159914	1733.199351749424	1.3262212	0.3
20686.29328529528	300	29.74766079055487	0.0	131610	1400.1117524420308	1.3764765	0.3
20689.504070065363	750	30.536876020472278	0.0	361565	3210.7847700825923	1.4119768	0.3
20693.35775173865	750	30.683194347185157	0.0	378327	3853.681673287118	1.5176928	0.75
20699.96482712532	750	28.07611896051452	0.0	390680	6607.07538667064	1.5186981	0.75
20711.051216710024	1200	20.989729375813273	0.0	566904	11086.389584701246	1.4552735	0.75
20714.573387673907	300	21.46755841192934	0.0	161857	3522.170963883935	1.3349298	-0.6000000000000001
20722.863762412122	1200	17.177183673712076	0.0	599477	8290.374738217264	1.3218939	0.29999999999999993
20728.368789665496	1200	15.672156420341343	0.0	634861	5505.027253370731	1.3601888	1.2
20731.39309272879	750	16.647853357043903	0.0	398987	3024.3030632974423	1.4417171	0.3
20735.79521194649	750	16.24573413934374	0.0	393804	4402.119217700164	1.4406215	0.75
20740.52560775956	1200	15.515338326275836	0.0	538612	4730.395813067902	1.3645912	0.75
20741.4551266888	300	18.5858193970336	0.0	118421	929.518929242234	1.4730049	-0.6000000000000001

