25040.559749541168	750	4.0	6.08032816050688	450283	6080.3281605068805	1.3418179	-25.395411090179586
25046.70518728728	750	4.0	2.1454377461105967	398865	6145.437746110597	0.4261052	-8.475382308275565
25049.22633835953	300	5.478848927746538	0.0	139857	2521.1510722534613	0.40360922	-0.15000000000000002
25051.865521549087	300	6.839665738190475	0.0	155432	2639.183189556064	0.57260084	0.3
25054.91528867477	300	7.789898612509502	0.0	163442	3049.767125680973	0.6641904	0.3
25057.387877351426	300	9.31730993585038	0.0	126289	2472.5886766591207	0.792096	0.3
25059.327343146015	300	11.37784414126182	0.0	153295	1939.4657945885615	0.83456075	0.3
25061.298508887798	300	13.40667839948009	0.0	173849	1971.1657417817294	0.907204	0.3
25064.935512536813	750	13.769674750464521	0.0	374758	3637.00364901557	1.0438353	0.3
25066.29475138315	300	16.41043590412962	0.0	139105	1359.2388463349034	1.1455812	-0.15000000000000002
25067.51016434854	300	19.195022938738205	0.0	141840	1215.4129653914126	1.1975707	0.3
25068.860761353186	300	21.844425934091284	0.0	156148	1350.597004646922	1.2951505	0.3
25070.292306969688	300	24.412880317592133	0.0	160746	1431.5456164991483	1.3441374	0.3
25073.99320051878	750	24.71198676849888	0.0	434409	3700.893549093256	1.3762378	0.3
25079.287442257253	1200	23.417745030028215	0.0	526950	5294.241738470662	1.4418741	0.75
25085.620119498173	1200	21.085067789103505	0.0	587876	6332.677240924709	1.4640785	1.2
25088.408809415254	300	22.296377872022894	0.0	143509	2788.689917080608	1.4300706	-0.6000000000000001
25097.132092129938	1200	17.57309515734081	0.0	581493	8723.282714682087	1.338216	0.29999999999999993
25107.519883110825	1200	11.185304176455764	0.0	639204	10387.790980885045	1.2995902	1.2
25109.136117601465	300	13.569069685815004	0.0	140881	1616.2344906407593	1.0377609	-0.6000000000000001
25115.67640465531	750	11.028782631970556	0.0	386472	6540.287053844448	1.0823538	0.3
25118.104353808103	300	12.600833479181794	0.0	157812	2427.949152788763	0.9427417	-0.15000000000000002
25120.59140417915	300	14.113783108132495	0.0	163927	2487.0503710493003	0.9481225	0.3
25128.017101098954	1200	10.688086188331738	0.0	536667	7425.696919800757	1.0391232	0.29999999999999993
25131.537673295767	750	11.16751399152082	0.0	359903	3520.5721968109183	0.9740083	0.3
25132.99729849242	300	13.707888794866408	0.0	153938	1459.625196654412	1.0225815	-0.15000000000000002
25137.86453065867	750	12.840656628616344	0.0	425781	4867.232166250065	1.0716739	0.3
25139.863651894913	300	14.841535392375077	0.0	111155	1999.121236241266	1.1130202	-0.15000000000000002
25148.662895436206	750	10.042291851084093	0.0	400396	8799.243541290985	1.0850073	0.3
25151.763660152425	300	10.94152713486586	0.0	149029	3100.7647162182334	0.86112934	-0.15000000000000002
25154.756471248616	300	11.948716038675958	0.0	157421	2992.811096189901	0.8832373	0.3
25158.046022335904	300	12.659164951386446	0.0	157488	3289.551087289512	0.9576593	0.3
25166.743290700713	750	7.961896586578483	0.0	369834	8697.268364807962	0.94419885	0.3
25169.733725481165	300	8.971461806128676	0.0	163444	2990.4347804498066	0.6254286	-0.15000000000000002
25176.92581671125	750	5.779370576040934	0.0	401088	7192.091230087743	0.60427284	0.3
25180.26072057404	300	6.44446671325338	0.0	159914	3334.9038627875534	0.10121067	-0.15000000000000002
25183.124883539775	300	7.580303747519458	0.0	131610	2864.162965733922	0.11555192	0.3
25188.158087916217	750	6.547099371075357	0.0	361565	5033.2043764441005	0.4540873	0.3
25190.17443044068	300	8.53075684661355	0.0	144254	2016.3425244618095	0.1476311	-0.15000000000000002
25192.53489614682	300	10.170291140474033	0.0	149991	2360.4657061395146	0.6569512	0.3
25198.235313821147	750	8.469873466144335	0.0	345516	5700.417674329698	0.8254186	0.3
25200.989412040642	300	9.715775246650558	0.0	161857	2754.0982194937765	0.6796105	-0.15000000000000002
25203.631271860937	300	11.073915426354207	0.0	145210	2641.8598202963535	0.8410765	0.3
25206.85036047881	300	11.854826808480132	0.0	172312	3219.0886178740743	0.9150454	0.3
25208.904726107226	300	13.800461180066957	0.0	167025	2054.365628413174	0.96133965	0.3
25212.93491994897	750	13.770267338323809	0.0	393804	4030.193841743148	1.0896058	0.3
25215.98706414799	750	14.718123139301952	0.0	331053	3052.1441990218577	1.1955032	0.75
25218.619308703488	750	16.08587858380426	0.0	314107	2632.2445554976916	1.269622	0.75

