22746.879067784415	750	4.0	1.5823407749373364	450283	1582.3407749373364	0.2795421	-6.054065332230546
22748.467619787516	750	6.411447996900855	0.0	398865	1588.5520030991447	0.80857456	0.75
22750.919812308148	1200	7.959255476265907	0.0	571051	2452.1925206349474	0.99379355	0.75
22752.214154471036	750	10.664913313377866	0.0	382355	1294.3421628880405	1.1664982	0.3
22752.854247237156	300	14.02482054725521	0.0	163442	640.0927661226565	1.2680408	-0.15000000000000002
22756.22577598402	1850	14.653291800388326	0.0	801058	3371.528746866885	1.3325514	0.30000000000000004
22756.884923752634	300	17.994144031778546	0.0	153295	659.1477686097784	1.5161351	-1.25
22759.79232077408	1200	19.086747010330367	0.0	709534	2907.3970214481783	1.3607801	0.29999999999999993
22760.513466132008	300	22.365601652400112	0.0	150710	721.1453579302533	1.4990008	-0.6000000000000001
22762.081667496815	750	24.797400287592627	0.0	362795	1568.201364807487	1.4159127	0.3
22762.736034635163	300	28.143033149243788	0.0	141840	654.367138348839	1.5027336	-0.15000000000000002
22764.258704731536	750	30.620363052871554	0.0	405134	1522.6700963722333	1.4701988	0.3
22764.88977539697	300	33.98929238743798	0.0	160746	631.0706654335754	1.5437546	-0.15000000000000002
22766.644992749825	750	36.234075034580506	0.0	434409	1755.2173528574713	1.5322635	0.3
22768.76924872335	1200	38.109819061055184	0.0	526950	2124.255973525325	1.5805591	0.75
22770.686320407196	750	40.192747377210274	0.0	366214	1917.0716838449086	1.608771	0.3
22771.279776322364	300	43.59929146204088	0.0	143509	593.4559151693907	1.5825505	-0.15000000000000002
22773.404583653544	1200	45.47448413086085	0.0	581493	2124.807331180031	1.5933508	0.29999999999999993
22780.17669953652	2850	42.70236824788429	0.0	1537156	6772.115882976565	1.6273202	1.2000000000000002
22789.158281249063	4300	37.72078653533984	0.0	2156729	8981.581712544454	1.6275853	2.8499999999999996
22795.354529235254	2850	35.52453854915018	0.0	1415116	6196.247986189662	1.5649388	1.4000000000000001
22803.40381741481	2850	31.47525036959142	0.0	1468126	8049.288179558759	1.62233	2.85
22808.932862912254	1850	29.946204872152755	0.0	968026	5529.045497438665	1.6160116	0.8500000000000001
22812.947386824806	1850	29.931680959600257	0.0	874175	4014.5239125524954	1.6025878	1.85
22818.56175310184	1850	28.317314682563595	0.0	897976	5614.366277036661	1.5961179	1.85
22826.238396807516	1850	24.640670976891087	0.0	905935	7676.64370567251	1.5831887	1.85
22830.368575844073	750	24.510491940332823	0.0	425781	4130.179036558265	1.5551997	-0.3500000000000001
22834.807248546094	1200	24.071819238310013	0.0	487160	4438.672702022809	1.5018787	0.75
22842.48593504467	1850	20.39313273973052	0.0	972798	7678.686498579493	1.5227302	1.2000000000000002
22845.32103906452	750	21.55802871987901	0.0	400508	2835.104019851511	1.5313741	-0.3500000000000001
22846.89186032671	300	23.98720745769564	0.0	157421	1570.8212621833704	1.486606	-0.15000000000000002
22849.1371711854	300	25.74189659900447	0.0	157488	2245.31085869117	1.4388381	0.3
22852.1824875277	300	26.69658025670421	0.0	143881	3045.3163423002616	1.4291171	0.3
22866.178088933822	1850	16.700978850585535	0.0	1035329	13995.601406118672	1.4185447	0.30000000000000004
22868.901802699253	300	17.977265085154144	0.0	179328	2723.7137654313924	1.3316201	-1.25
22871.183624561447	300	19.695443222958627	0.0	159914	2281.8218621955175	1.2496659	0.3
22875.18843664139	1200	19.6906311430135	0.0	487812	4004.812079945125	1.3770721	0.29999999999999993
22877.531241655826	750	21.347826128579513	0.0	361565	2342.8050144339913	1.454493	0.3
22879.530377442043	750	23.34869034236458	0.0	378327	1999.135786214929	1.4747462	0.75
22880.416913934147	300	26.46215385026428	0.0	149991	886.5364921003006	1.5168927	-0.15000000000000002
22886.856168937447	1850	24.022898846959464	0.0	858450	6439.255003304818	1.5219406	0.30000000000000004
22889.727709359104	750	25.151358425305713	0.0	384505	2871.5404216537518	1.6086019	-0.3500000000000001
22892.619540384523	750	26.259527399885744	0.0	372093	2891.831025419969	1.5613855	0.75
22896.204327326843	1200	26.674740457569	0.0	634861	3584.786942316744	1.5671991	0.75
22901.826409391295	1850	25.052658393114456	0.0	958994	5622.082064454544	1.6197541	1.2000000000000002
22906.05214571804	1200	24.82692206636878	0.0	638661	4225.736326745675	1.6144946	0.5499999999999999
22907.013992336488	300	27.865075447920525	0.0	137507	961.8466184482579	1.6072755	-0.6000000000000001
22907.837534204493	300	31.041533579915374	0.0	118421	823.5418680051527	1.5875267	0.3

