17287.49186322776	750	4.0	2.731225734575557	450283	2731.225734575557	1.683919	-10.994270658674894
17289.916848816873	750	5.575014410885613	0.0	398865	2424.985589114387	0.9677865	0.75
17296.87789786616	1200	4.0	1.3860346384034747	571051	6961.049049289088	1.0704322	-5.209948945134941
17301.599122325533	750	4.0	0.721224459373344	382355	4721.224459373344	0.55583924	-2.8012651753053794
17307.69381607951	750	4.0	2.0946937539800157	411561	6094.693753980016	0.3387699	-8.257183142114068
17308.97337539278	300	6.7204406867307185	0.0	126289	1279.5593132692816	0.18272124	-0.15000000000000002
17311.92521864534	750	7.768597434167775	0.0	352642	2951.8432525629432	0.5967155	0.3
17313.255954875935	300	10.437861203576231	0.0	173849	1330.7362305915444	0.9868207	-0.15000000000000002
17314.336425414655	300	13.357390664855137	0.0	150710	1080.4705387210947	1.0038781	0.3
17315.277939842457	300	16.415876237052238	0.0	139105	941.5144278028964	1.1177256	0.3
17319.451489753228	1200	16.242326326283834	0.0	607410	4173.549910768403	1.1808506	0.29999999999999993
17323.251098885547	750	16.442717193963	0.0	405134	3799.609132320839	1.3355539	0.3
17326.127349431674	750	17.566466647835394	0.0	386351	2876.250546127606	1.2366469	0.75
17331.83494026939	1200	15.858875810122077	0.0	687371	5707.590837713316	1.299144	0.75
17335.550782014303	750	16.143034065207292	0.0	337059	3715.8417449147832	1.3227862	0.3
17339.4427175516	1200	16.25109852791078	0.0	587876	3891.9355372965133	1.2443954	0.75
17340.3677634792	300	19.326052600313513	0.0	143509	925.0459275972677	1.3741506	-0.6000000000000001
17345.887740228398	1850	17.806075851112148	0.0	885714	5519.976749201363	1.2834138	0.30000000000000004
17351.090431381108	1850	16.603384698404046	0.0	987708	5202.691152708103	1.4722321	1.85
17354.585881408	1200	17.107934671510133	0.0	586839	3495.4500268939128	1.4752927	0.5499999999999999
17357.07893152908	750	18.614884550431203	0.0	386472	2493.050121078933	1.4037553	0.3
17361.091380557922	1200	18.602435521589744	0.0	616206	4012.4490288414545	1.3469224	0.75
17364.79978771077	1200	18.894028368740983	0.0	656471	3708.407152848761	1.411169	1.2
17366.605458531143	750	21.088357548371967	0.0	343800	1805.6708203690168	1.4371115	0.3
17371.53183493164	1850	20.161981147871252	0.0	897976	4926.376400500714	1.4099586	0.75
17375.69489886762	1850	19.99891721189554	0.0	905935	4163.063935975708	1.5292647	1.85
17376.38661131091	300	23.307204768604134	0.0	181901	691.7124432914081	1.5596017	-1.25
17378.560414365053	1200	25.133401714460874	0.0	487160	2173.8030541432613	1.4149156	0.29999999999999993
17384.96448048135	2850	22.729335598165694	0.0	1498470	6404.066116295182	1.5522561	1.2000000000000002
17387.57584652609	1200	24.1179695534263	0.0	641447	2611.3660447393954	1.5923257	-0.44999999999999996
17388.88673907206	750	26.807077007456694	0.0	358218	1310.892545969605	1.5652622	0.3
17390.55682063614	750	29.136995443378137	0.0	400322	1670.0815640785593	1.5403605	0.75
17392.207102793356	750	31.486713286162097	0.0	369834	1650.282157216038	1.5480303	0.75
17398.41366421061	2850	29.280151868906646	0.0	1587293	6206.56141725545	1.5714575	0.75
17407.709423609176	4300	23.984392470341206	0.0	2307787	9295.759398565444	1.0892603	2.8499999999999996
17412.34530089501	1850	23.348515184507924	0.0	943942	4635.8772858332795	0.75323164	-0.6000000000000001
17422.863087771093	4300	16.830728308426878	0.0	1919781	10517.786876081047	1.6623534	1.8499999999999996
17434.359396662123	4300	9.334419417394892	0.0	2147467	11496.308891031986	1.389239	4.3
17441.80411261189	2850	5.889703467626795	0.0	1427478	7444.715949768098	1.5716166	1.4000000000000001
17446.229276641177	1850	5.464539438337428	0.0	930577	4425.164029289367	1.4027611	0.8500000000000001
17447.16778305961	300	8.526033019906652	0.0	147968	938.5064184307756	1.2993455	-1.25
17448.03885625039	300	11.654959829124728	0.0	161857	871.0731907819242	1.0934913	0.3
17449.8285696265	750	13.865246453014281	0.0	372093	1789.7133761104476	1.2478716	0.3
17452.25973984621	750	15.434076233306824	0.0	438281	2431.1702197074574	1.4397975	0.75
17460.210724826182	2850	11.483091253334399	0.0	1464921	7950.984979972426	1.4456398	0.75
17465.007884842562	1850	10.685931236952412	0.0	982064	4797.160016381985	1.5913041	0.8500000000000001
17466.35309332897	750	13.340722750546668	0.0	331053	1345.2084864057447	1.5177462	-0.3500000000000001
17468.175807237232	1200	15.518008842280516	0.0	550906	1822.713908266153	1.5085009	0.75

