17817.282597044574	750	4.0	3.9127276647253035	450283	3912.7276647253034	1.6758623	-16.074728958318804
17818.71419006468	300	6.568406979893699	0.0	155580	1431.593020106301	0.5697232	-0.15000000000000002
17819.88069081798	300	9.401906226594866	0.0	139857	1166.500753298834	0.8108793	0.3
17821.02913614574	300	12.253460898835879	0.0	155432	1148.4453277589848	0.92715275	0.3
17822.162404781797	300	15.120192262777211	0.0	163442	1133.2686360586692	1.0600349	0.3
17823.062888059667	300	18.219708984903537	0.0	126289	900.483277873675	1.2441765	0.3
17826.377255024574	1200	18.905342019997924	0.0	561791	3314.3669649056155	1.3012271	0.29999999999999993
17836.54663082952	1850	12.735966215050489	0.0	1060487	10169.375804947435	1.432957	1.2000000000000002
17838.933127585326	300	14.349469459246881	0.0	150710	2386.4967558036064	1.3486661	-1.25
17840.487996201166	300	16.794600843408553	0.0	139105	1554.868615838332	1.1762158	0.3
17841.55621587963	300	19.72638116494371	0.0	141840	1068.2196784648443	1.2623848	0.3
17844.023370862997	750	21.2592261815768	0.0	405134	2467.1549833669087	1.3237321	0.3
17844.977539585685	300	24.305057458892765	0.0	160746	954.1687226840345	1.4307932	-0.15000000000000002
17847.61686551479	750	25.66573152978857	0.0	434409	2639.3259291041977	1.4037806	0.3
17848.45267667486	300	28.8299203697141	0.0	140051	835.8111600744708	1.4874376	-0.15000000000000002
17850.71043510845	750	30.57216193612597	0.0	366214	2257.7584335881284	1.4887106	0.3
17851.56843617077	300	33.71416087380346	0.0	143509	858.0010623225085	1.5272092	-0.15000000000000002
17859.456111324416	2850	29.826485720159624	0.0	1358801	7887.675153643833	1.5210024	0.30000000000000027
17862.426848219642	750	30.855748824932512	0.0	405596	2970.736895227114	1.5951893	-1.35
17872.840181691146	1850	24.44241535342438	0.0	923755	10413.33347150813	1.5343529	0.75
17878.546889862	1200	22.735707182573446	0.0	601738	5706.708170850935	1.5192488	0.5499999999999999
17882.315320314665	300	22.96727672990548	0.0	157812	3768.4304526679666	1.4818798	-0.6000000000000001
17890.788748738767	1850	18.493848305803446	0.0	968026	8473.428424102032	1.3650913	0.30000000000000004
17893.897517296922	750	19.38507974764843	0.0	343800	3108.768558155016	1.463553	-0.3500000000000001
17898.939746877026	1200	18.34285016754588	0.0	587236	5042.229580102549	1.38738	0.75
17900.32736503868	300	20.9552320058891	0.0	153938	1387.6181616567765	1.4383115	-0.6000000000000001
17902.26640656301	300	23.016190481561658	0.0	181901	1939.041524327444	1.319294	0.3
17910.448370773778	1200	18.834226270794666	0.0	487160	8181.964210766993	1.4166751	0.29999999999999993
17923.37074529577	1200	9.91185174880157	0.0	622896	12922.374521993093	1.3458842	1.2
17925.98348173132	300	11.299115313250294	0.0	149029	2612.7364355512777	0.9379264	-0.6000000000000001
17929.62374124887	300	11.658855795704003	0.0	157421	3640.2595175462893	0.95552886	0.3
17941.568094927337	750	4.0	0.28549788276479193	400322	11944.353678468795	0.9292119	-0.9276408958886053
17946.42238453588	300	4.0	0.8542896085425864	143881	4854.289608542586	0.016486762	-3.823445316733122
17949.114140436483	300	5.30824409939606	0.0	163444	2691.75590060394	0.022051612	0.3
17952.019742007367	300	6.402642528509491	0.0	179328	2905.6015708865693	0.021350276	0.3
17954.225117594877	300	8.197266941000699	0.0	159914	2205.375587508792	0.04711475	0.3
17958.622866544698	1200	7.7995179911788135	0.0	487812	4397.748949821885	0.5758716	0.29999999999999993
17959.525722108003	300	10.896662427871844	0.0	124011	902.8555633069682	0.7246097	-0.6000000000000001
17960.713864171114	300	13.70852036476199	0.0	144254	1188.142063109856	0.9884228	0.3
17962.31478695004	300	16.10759758583576	0.0	149991	1600.9227789262288	1.1678036	0.3
17964.089530414356	300	18.33285412151902	0.0	147968	1774.7434643167385	1.2542977	0.3
17976.067577439844	1200	10.354807096030648	0.0	641452	11978.047025488373	1.3257936	0.29999999999999993
17986.057590082768	750	4.364794453106879	0.0	372093	9990.012642923768	1.0408386	0.3
17992.17940134586	300	4.0	1.7570168099860375	172312	6121.811263092916	0.0746635	-7.705172282939961
17996.728753916523	300	4.0	0.5493525706635882	167025	4549.352570663588	0.037762187	-2.0622160538534295
18001.22037342329	300	4.0	0.4916195067658209	160064	4491.619506765821	0.016780527	-1.81396387909303
18004.3848384521	300	4.835534971188726	0.0	137507	3164.4650288112744	0.022618342	0.3
18006.709565107703	300	6.510808315587775	0.0	118421	2324.72665560095	0.0180697	0.3

