3057.064038631623	750	4.0	1.6132241480558394	450283	1613.2241480558394	1.5834258	-6.186863836640109
3057.68419570005	300	7.379842931572882	0.0	155580	620.1570684271185	0.80530417	-0.15000000000000002
3058.290273874735	300	10.7737647568883	0.0	139857	606.0781746845805	0.98855275	0.3
3060.046027081518	750	13.018011550105442	0.0	382355	1755.7532067828581	1.1675481	0.3
3060.907722569743	300	16.1563160618805	0.0	163442	861.695488224944	1.3007585	-0.15000000000000002
3066.1972404948547	2850	14.866798136768324	0.0	1224260	5289.5179251121735	1.3418698	0.30000000000000027
3067.89240222696	750	17.17163640466306	0.0	352642	1695.1617321052627	1.5652928	-1.35
3069.380107216703	750	19.683931414920014	0.0	437162	1487.7049897430481	1.400505	0.75
3071.214842879735	1200	21.849195751887923	0.0	584846	1834.735663032095	1.4746375	0.75
3072.905111471885	1200	24.158927159737797	0.0	560821	1690.2685921501254	1.5427659	1.2
3073.9977185047896	750	27.06632012683291	0.0	353220	1092.607032904884	1.5657749	0.3
3075.9567329253755	1200	29.10730570624725	0.0	594078	1959.0144205856607	1.5404688	0.75
3080.0597302643905	1850	29.00430836723237	0.0	946851	4102.997339014879	1.5773369	1.2000000000000002
3083.0967297186876	1200	29.967308912935238	0.0	687371	3036.9994542971313	1.6048222	0.5499999999999999
3090.199718179865	2850	26.864320451757443	0.0	1231445	7102.9884611777925	1.5800617	1.2000000000000002
3093.0908534881028	750	27.973185143520116	0.0	366214	2891.135308237327	1.6081673	-1.35
3095.753023006059	750	29.311015625564067	0.0	360831	2662.169517956047	1.495829	0.75
3100.3489180633146	1200	28.715120568308084	0.0	581493	4595.895057255986	1.5169276	0.75
3106.3786695918443	1200	26.68536903977885	0.0	639204	6029.751528529237	1.5332041	1.2
3109.5250681789553	750	27.538970452667446	0.0	350713	3146.398587111402	1.5180347	0.3
3110.8718018790137	300	30.192236752609197	0.0	157671	1346.7337000582495	1.4985728	-0.15000000000000002
3111.909463083566	300	33.15457554805701	0.0	157812	1037.6612045521924	1.4736462	0.3
3117.2537582057466	1850	31.810280425876265	0.0	968026	5344.295122180741	1.5146257	0.30000000000000004
3119.0153104259675	750	34.0487282056555	0.0	343800	1761.552220220769	1.593146	-0.3500000000000001
3119.705716862061	300	37.35832176956204	0.0	146754	690.4064360934577	1.5674124	-0.15000000000000002
3122.652168195268	1200	38.41187043635481	0.0	590335	2946.451333207234	1.573736	0.29999999999999993
3138.5203181796073	2850	26.54372045201547	0.0	1547572	15868.14998433934	1.6151044	1.2000000000000002
3140.5422087617976	750	28.521829869825254	0.0	277716	2021.8905821902163	1.5622666	-1.35
3143.58612624144	750	29.477912390183143	0.0	400396	3043.917479642113	1.5292906	0.75
3145.9221735694714	750	31.141865062151318	0.0	400508	2336.0473280318224	1.5372255	0.75
3149.021385587385	1850	32.04265304423804	0.0	873429	3099.2120179132794	1.5623623	0.75
3154.1661448307427	2850	30.897893800880027	0.0	1497683	5144.759243358011	1.6165143	1.85
3160.1035597356763	4300	28.96047889594671	0.0	2191074	5937.414904933319	1.6083727	2.8499999999999996
3162.831368911745	1850	30.23266971987774	0.0	1035329	2727.8091760689704	1.4987578	-0.6000000000000001
3171.115068061584	4300	25.94897057003862	0.0	2307787	8283.699149839118	1.6522685	1.8499999999999996
3185.081012320533	4300	15.98302631108987	0.0	2143948	13965.944258948753	1.5052336	4.3
3186.982780537343	750	18.081258094279868	0.0	321064	1901.7682168100007	1.5825448	-2.8
3189.426730208039	1200	19.6373084235842	0.0	575591	2443.949670695666	1.4928899	0.75
3196.170361314518	2850	16.89367731710492	0.0	1427478	6743.63110647928	1.55946	1.2000000000000002
3200.085443036684	1850	16.97859559493902	0.0	930577	3915.081722165903	1.5938401	0.8500000000000001
3203.7633028844966	1850	17.30073574712617	0.0	858450	3677.8598478128515	1.5726558	1.85
3205.4331041675237	750	19.63093446409918	0.0	384505	1669.8012830269877	1.5400583	-0.3500000000000001
3207.8418247045665	1200	21.22221392705632	0.0	599477	2408.7205370428605	1.5464684	0.75
3209.9051962558096	750	23.158842375813176	0.0	438281	2063.371551243143	1.624867	0.3
3212.355701700776	1200	24.708336930846965	0.0	630203	2450.5054449662093	1.5820401	0.75
3213.7808855519593	750	27.283153079663347	0.0	393804	1425.1838511836202	1.6231176	0.3
3215.057288476928	750	30.00675015469458	0.0	331053	1276.4029249687646	1.6663221	0.75
3215.6385595110587	300	33.425479120564226	0.0	118421	581.27103413035	1.6712868	-0.15000000000000002

