2565.3046069057095	750	4.0	3.7572090788844412	450283	3757.209078884441	0.33595833	-15.405999039203095
2566.535341519634	300	6.76926538607515	0.0	155580	1230.7346139248493	0.7000802	-0.15000000000000002
2567.6006565476296	300	9.703950358079696	0.0	139857	1065.3150279954539	0.99052614	0.3
2568.8823865089503	300	12.422220396759094	0.0	155432	1281.729961320603	1.0845584	0.3
2574.215430426171	750	11.089176479538525	0.0	411561	5333.04391722057	1.1441936	0.3
2578.7851255893697	750	10.519481316339935	0.0	318564	4569.69516319859	1.0932246	0.75
2581.3813831118055	750	11.923223793903917	0.0	352642	2596.257522436017	1.0605485	0.75
2589.142274080995	1200	8.16233282471435	0.0	709534	7760.890969189568	1.2034521	0.75
2591.0466887735774	300	10.257918132131646	0.0	150710	1904.4146925827026	1.0383232	-0.6000000000000001
2594.0962124012276	750	11.208394504481518	0.0	362795	3049.5236276501287	0.9727147	0.3
2595.3489968761137	300	13.955610029595498	0.0	141840	1252.7844748860186	1.1489539	-0.15000000000000002
2597.088217691486	300	16.21638921422298	0.0	156148	1739.2208153725185	1.153114	0.3
2604.861224129836	750	12.443382775873092	0.0	386351	7773.006438349889	1.173507	0.3
2608.664315766631	300	12.640291139078581	0.0	179801	3803.0916367945106	1.0362749	-0.15000000000000002
2622.445693065756	1200	4.0	1.141086160046514	526950	13781.377299125095	0.996253	-4.6066704882000105
2625.4345486365523	300	5.011144429203771	0.0	138313	2988.8555707962287	0.054864764	-0.6000000000000001
2630.209874451797	300	4.235818613959165	0.0	143509	4775.325815244606	0.17001422	0.3
2643.1950383601657	750	4.0	8.749345294409462	372963	12985.163908368628	0.036355738	-37.322184765960685
2647.854951657246	300	4.0	0.6599132970810524	165384	4659.913297081052	0.0055393437	-2.9876271774485255
2650.8610165188184	300	4.993935138427942	0.0	140881	3006.0648615720584	0.008122914	0.3
2654.1264512888592	300	5.7285003683869595	0.0	157671	3265.434770040982	0.024547141	0.3
2656.701114289925	300	7.153837367321223	0.0	157812	2574.6630010657364	0.046696518	0.3
2658.7791832927064	300	9.075768364539904	0.0	163927	2078.06900278132	0.19605274	0.3
2660.791145167931	300	11.063806489315535	0.0	137654	2011.9618752243694	0.5142294	0.3
2664.586042628362	300	11.268909028884792	0.0	146754	3794.8974604307423	0.8174182	0.3
2667.363950243642	300	12.491001413604534	0.0	153938	2777.9076152802586	0.7025049	0.3
2688.8547269795877	1200	4.0	8.999775322341252	696376	21490.776735945787	0.96500677	-38.39903388606738
2692.0572844769968	300	4.797442502591059	0.0	111155	3202.557497408942	0.008879083	-0.6000000000000001
2695.995903828739	300	4.8588231508490765	0.0	153605	3938.6193517419824	0.037841566	0.3
2701.1875999203153	300	4.0	0.3328729407273258	149029	5191.696091576402	0.033273652	-1.1313536451275008
2706.9625674882477	300	4.0	1.7749675679322137	157421	5774.967567932214	0.010379555	-7.3323605421085185
2711.903813976655	300	4.0	0.9412464884074352	157488	4941.246488407435	0.0067474227	-3.747359900151971
2715.197740209111	300	4.70607376754362	0.0	143881	3293.9262324563806	0.0066289078	0.3
2717.479635223965	300	6.4241787526895076	0.0	163444	2281.895014854112	0.01161543	0.3
2719.2543868232697	300	8.64942715338527	0.0	179328	1774.7515993042384	0.09398469	0.3
2720.697959888282	300	11.20585408837277	0.0	159914	1443.573065012499	0.5247111	0.3
2723.1019402642523	750	12.801873712402665	0.0	321064	2403.980375970106	0.9943504	0.3
2727.014900253183	1200	12.888913723472026	0.0	575591	3912.95998893064	1.1993681	0.75
2727.9997945017367	300	15.904019474918691	0.0	144254	984.8942485533349	1.3144242	-0.6000000000000001
2729.000065663978	300	18.90374831267762	0.0	149991	1000.2711622410691	1.2534413	0.3
2731.1966212862494	750	20.70719269040654	0.0	345516	2196.5556222710816	1.338624	0.3
2732.315762730019	300	23.58805124663724	0.0	161857	1119.1414437693015	1.4757907	-0.15000000000000002
2733.347906601943	300	26.555907374712884	0.0	145210	1032.1438719243529	1.4334731	0.3
2734.6342547844597	300	29.269559192196482	0.0	172312	1286.3481825164072	1.4761573	0.3
2737.6476131337668	750	30.256200842889633	0.0	398987	3013.358349306848	1.5152794	0.3
2745.8070243745137	2850	26.096789602142376	0.0	1483527	8159.411240747256	1.628474	0.75
2749.92815334088	1850	25.975660635776265	0.0	830730	4121.128966366112	1.026694	0.8500000000000001
2756.888364334261	2850	23.01544964239489	0.0	1364537	6960.210993381374	1.3849819	1.85

