3222.4739762086324	750	4.0	6.835416697573638	450283	6835.416697573638	1.6478255	-28.642291799566642
3225.780514430696	300	4.693461777936518	0.0	155580	3306.5382220634815	0.38750806	-0.15000000000000002
3227.9668317886385	300	6.507144419993679	0.0	139857	2186.3173579428385	0.45249918	0.3
3232.6570855474292	750	5.81689066120316	0.0	382355	4690.25375879052	0.72144735	0.3
3234.5658098946024	300	7.908166314030093	0.0	163442	1908.7243471730665	0.6167941	-0.15000000000000002
3237.2260636154733	750	9.247912593158787	0.0	318564	2660.2537208713047	0.83981264	0.3
3238.596116595247	300	11.877859613384755	0.0	153295	1370.0529797740326	0.93809503	-0.15000000000000002
3239.8584028380674	300	14.615573370564924	0.0	173849	1262.2862428198307	1.0073409	0.3
3243.6870616551378	1200	14.786914553494565	0.0	584846	3828.6588170703585	1.2034453	0.29999999999999993
3249.8498914865254	1850	12.624084722106879	0.0	913888	6162.829831387685	1.351847	1.2000000000000002
3250.823192446956	300	15.65078376167636	0.0	141840	973.3009604305204	1.3858064	-1.25
3253.465564173402	750	17.008412035229846	0.0	405134	2642.371726446515	1.2994068	0.3
3259.640766801358	1850	14.833209407273978	0.0	946851	6175.202627955868	1.3758242	0.75
3260.8176121889446	300	17.65636401968771	0.0	179801	1176.8453875862676	1.4476378	-1.25
3263.523599414361	750	18.950376794271502	0.0	337059	2705.9872254162083	1.3584836	0.3
3268.5587276674964	1200	17.91524854113585	0.0	587876	5035.128253135653	1.3920448	0.75
3273.2388693338803	1200	17.235106874752127	0.0	617242	4680.1416663837235	1.4184402	1.2
3276.906559815854	1200	17.567416392778743	0.0	581493	3667.690481973386	1.4470142	1.2
3279.5594117764763	750	18.914564432156496	0.0	405596	2652.8519606222467	1.4364607	0.3
3281.782522671015	750	20.691453537617402	0.0	350713	2223.110894539093	1.426714	0.75
3286.3433958317114	1850	20.130580376920975	0.0	891604	4560.8731606964275	1.4671191	0.75
3291.1650663458126	1850	19.30890986281998	0.0	955231	4821.670514100995	1.5513042	1.85
3292.131236220303	300	22.34273998832979	0.0	163927	966.1698744901894	1.548604	-1.25
3295.3420299727504	1200	23.131946235882634	0.0	536667	3210.7937524471545	1.4571457	0.29999999999999993
3299.8529557224165	1200	22.62102048621677	0.0	587236	4510.925749665866	1.5424229	1.2
3304.3991563825043	1200	22.07481982612861	0.0	590335	4546.200660088161	1.5172021	1.2
3311.8294753695795	1200	18.644500839053208	0.0	696376	7430.3189870754	1.498147	1.2
3315.9283461558434	1200	18.54563005278952	0.0	487160	4098.870786263692	1.4312396	1.2
3316.9247667520485	300	21.549209456584517	0.0	153605	996.4205962050012	1.4723952	-0.6000000000000001
3317.8785955937506	300	24.595380614882302	0.0	149029	953.828841702217	1.4376684	0.3
3324.0451871671453	1850	22.428789041487295	0.0	873429	6166.591573395007	1.4704163	0.30000000000000004
3332.5179374390805	1850	17.956038769552205	0.0	954453	8472.750271935092	1.5569131	1.85
3336.94851171398	750	17.525464494652415	0.0	369834	4430.574274899792	1.4805725	-0.3500000000000001
3340.507834043497	750	17.966142165135402	0.0	412837	3559.322329517012	1.3485868	0.75
3344.190004957428	750	18.283971251204722	0.0	401088	3682.170913930681	1.4072491	0.75
3349.7293840069256	1200	16.744592201707086	0.0	598727	5539.3790494976365	1.4212047	0.75
3354.1097443239896	1200	16.36423188464265	0.0	487812	4380.360317064434	1.441968	1.2
3355.150825995022	300	19.323150213610433	0.0	124011	1041.0816710322194	1.4062781	-0.6000000000000001
3359.559414439368	1200	18.914561769264463	0.0	605884	4408.588444345969	1.3947161	0.29999999999999993
3363.408734081314	1200	19.065242127318648	0.0	587506	3849.319641945814	1.5072278	1.2
3368.36259701639	1200	18.11137919224248	0.0	566904	4953.862935076165	1.5239581	1.2
3377.948954937333	1850	12.525021271299858	0.0	1025005	9586.357920942624	1.4804897	1.2000000000000002
3381.678329979546	750	12.795646229086499	0.0	372093	3729.375042213359	1.3747101	-0.3500000000000001
3387.1159762537573	1200	11.357999954875137	0.0	634861	5437.646274211362	1.254956	0.75
3392.5265788054894	1200	9.947397403142778	0.0	630203	5410.602551732357	1.2856154	1.2
3397.5918538779	750	8.882122330732138	0.0	393804	5065.275072410641	1.1936586	0.3
3402.3597289737895	750	8.11424723484263	0.0	331053	4767.875095889509	1.0318472	0.75
3407.6693961579626	750	6.804580050669582	0.0	314107	5309.667184173047	0.7030241	0.75

