24320.223887102173	750	4.0	7.571061952176263	450283	7571.061952176264	1.4624467	-31.805566394357932
24322.20368152533	300	6.020205576839139	0.0	155580	1979.794423160861	0.35441712	-0.15000000000000002
24323.296693506643	300	8.927193595526365	0.0	139857	1093.0119813127735	0.71969646	0.3
24324.22788449269	300	11.996002609478529	0.0	155432	931.1909860478366	0.8845028	0.3
24325.732377314718	300	14.491509787451928	0.0	163442	1504.4928220266	1.0461429	0.3
24329.78847497082	1200	14.4354121313457	0.0	520315	4056.0976561062294	1.1789213	0.29999999999999993
24331.023761933706	300	17.200125168461508	0.0	153295	1235.286962884191	1.2870796	-0.6000000000000001
24332.39399348403	300	19.82989361813774	0.0	173849	1370.2315503237705	1.2441949	0.3
24333.58723639694	300	22.63665070522927	0.0	150710	1193.2429129084712	1.3644565	0.3
24334.654602432354	300	25.569284669812532	0.0	139105	1067.3660354167382	1.3835571	0.3
24335.48330005166	300	28.740587050507592	0.0	141840	828.697619304941	1.4197673	0.3
24336.608512643714	300	31.615374458453072	0.0	156148	1125.2125920545168	1.4581505	0.3
24349.47750911779	1850	22.746377984375897	0.0	946851	12868.996474077174	1.4794278	0.30000000000000004
24354.163349787024	300	22.06053731514418	0.0	179801	4685.840669231716	1.460158	-1.25
24361.95538528428	750	18.268501817886726	0.0	337059	7792.035497257457	1.3064339	0.3
24365.515570079868	750	18.708317022299887	0.0	366214	3560.184795586837	1.2477082	0.75
24368.60996012445	750	19.613926977719885	0.0	360831	3094.390044580002	1.3206389	0.75
24369.79448622292	300	22.42940087925026	0.0	150616	1184.5260984696247	1.3904026	-0.15000000000000002
24377.26168194075	1850	18.96220516141975	0.0	987708	7467.195717830514	1.3560835	0.30000000000000004
24378.367913061786	300	21.855974040384407	0.0	140881	1106.2311210353414	1.4565203	-1.25
24382.616316206488	750	21.607570895683846	0.0	386472	4248.403144700563	1.3846415	0.3
24390.425953035745	1200	17.797934066428212	0.0	616206	7809.636829255634	1.3952907	0.75
24397.63074073608	750	14.593146366094265	0.0	401853	7204.787700333949	1.3526319	0.3
24399.13208157851	300	17.091805523660643	0.0	137654	1501.3408424336221	1.1897409	-0.15000000000000002
24402.967417237094	750	17.25646986507854	0.0	359903	3835.335658582103	1.2385038	0.3
24404.519547197608	300	19.704339904569476	0.0	153938	1552.1299605090649	1.3060949	-0.15000000000000002
24406.085889003414	300	22.137998098762647	0.0	181901	1566.341805806826	1.293256	0.3
24408.368917247946	750	23.854969854231843	0.0	277716	2283.028244530803	1.3828487	0.3
24411.17144410496	750	25.052442997221497	0.0	400396	2802.526857010346	1.4411919	0.75
24413.930285579696	750	26.293601522485353	0.0	400508	2758.8414747361426	1.4873164	0.75
24414.948872579815	300	29.27501452236907	0.0	157421	1018.587000116285	1.5246878	-0.15000000000000002
24423.493220616696	1850	24.730666485488445	0.0	954453	8544.348036880627	1.5090122	0.30000000000000004
24429.65033102181	750	22.57355608037023	0.0	369834	6157.11040511821	1.5593184	-0.3500000000000001
24434.252275757728	750	21.971611344456065	0.0	412837	4601.944735914167	1.4093707	0.75
24437.46922589269	750	22.75466120948779	0.0	401088	3216.950134968277	1.4364613	0.75
24440.218113989868	750	24.005773112314966	0.0	365161	2748.8880971728254	1.4871515	0.75
24445.50216298973	1850	22.721724112449383	0.0	728962	5284.0489998655785	1.540711	0.75
24447.93170379982	750	24.29218330236259	0.0	361565	2429.540810086792	1.5642128	-0.3500000000000001
24455.963308326136	1200	20.260578776044184	0.0	605884	8031.604526318407	1.5231919	0.75
24474.622798872293	1850	5.6010882298871545	0.0	930577	18659.49054615703	1.4788312	1.2000000000000002
24475.736771245833	300	8.487115856346323	0.0	147968	1113.972373540831	0.22309554	-1.25
24477.106449174735	300	11.117437927445492	0.0	161857	1369.6779289008307	0.94505703	0.3
24480.17317677069	750	12.050710331488629	0.0	372093	3066.7275959568624	1.1203262	0.3
24481.26357889818	300	14.960308203997823	0.0	172312	1090.402127490809	1.1810288	-0.15000000000000002
24484.56259520495	750	15.661291897230146	0.0	398987	3299.0163067676745	1.3249229	0.3
24485.895204601282	300	18.328682500898143	0.0	160064	1332.6093963320031	1.3221501	-0.15000000000000002
24490.258101271393	1200	17.965785830787652	0.0	538612	4362.896670110489	1.387664	0.29999999999999993
24500.6323168023	1850	11.591570299879146	0.0	846370	10374.215530908506	1.5474209	1.2000000000000002

