22925.56328240071	750	4.0	6.865112348267744	450283	6865.112348267744	1.3381262	-28.7699830975513
22927.62385831828	300	5.939424082436076	0.0	155580	2060.575917563924	0.30765247	-0.15000000000000002
22931.80031843208	750	5.7629639686299265	0.0	350812	4176.460113806149	0.5905869	0.3
22933.510356864517	300	8.05292553619724	0.0	155432	1710.0384324326878	0.6527829	-0.15000000000000002
22935.092364288288	300	10.47091811242204	0.0	163442	1582.0074237751971	0.9091489	0.3
22940.325791499738	1200	9.23749090097333	0.0	520315	5233.427211448709	1.026282	0.29999999999999993
22947.146566457955	1200	6.4167159427533615	0.0	561791	6820.774958219969	1.1358787	1.2
22949.66599728796	300	7.897285112750583	0.0	173849	2519.4308300027787	0.8583381	-0.6000000000000001
22951.739843790696	300	9.823438610012767	0.0	150710	2073.846502737817	0.69253916	0.3
22953.6879852611	300	11.875297139611764	0.0	139105	1948.141470401003	0.933495	0.3
22968.674440879775	1200	4.0	3.1111584790655527	607410	14986.455618677317	1.0128865	-13.077981459981878
22974.395856588606	300	4.0	1.7214157088336288	156148	5721.415708833629	0.049194347	-8.002087547984603
22980.179126793966	300	4.0	1.7832702053617477	160746	5783.270205361748	0.021153815	-7.368061883055515
22985.73730252128	300	4.0	1.5581757273145367	179801	5558.175727314537	0.011730392	-6.4001556274525075
22989.4398626755	300	4.297439845783377	0.0	140051	3702.560154216622	0.009130863	0.3
22994.45762820133	300	4.0	0.720325680045572	138313	5017.76552582895	0.014348565	-2.7974004241959594
22998.277531762353	300	4.180096438973274	0.0	143509	3819.9035610267256	0.008442945	0.3
23001.197351654308	300	5.260276547020829	0.0	150616	2919.8198919524457	0.010429877	0.3
23004.05906424158	300	6.398563959744754	0.0	165384	2861.7125872760744	0.029265828	0.3
23006.703472687528	300	7.754155513798891	0.0	140881	2644.4084459458627	0.13971946	0.3
23010.114354135705	300	8.343274065624517	0.0	157671	3410.8814481743752	0.2982178	0.3
23020.64477340071	750	4.0	2.1871451993800513	399894	10530.419265004568	0.3462355	-9.10472435733422
23025.011420055893	300	4.0	0.3666466551834992	163927	4366.646655183499	0.010499412	-1.7265806172890463
23027.66718417216	300	5.344235883732892	0.0	137654	2655.7641162671075	0.012488499	0.3
23029.001901855692	300	8.009518200201747	0.0	146754	1334.7176835311445	0.07211561	0.3
23030.435264876105	750	10.576155179788383	0.0	379700	1433.3630204133642	0.5544577	0.3
23030.943339211983	300	14.06808084391321	0.0	181901	508.074335875176	1.2306066	-0.15000000000000002
23032.669649635463	1850	16.341770420430965	0.0	758197	1726.310423482242	1.279467	0.30000000000000004
23034.181942818064	1200	18.829477237831096	0.0	622896	1512.293182599871	1.6281177	0.5499999999999999
23036.146772055206	1850	20.864648000689222	0.0	975811	1964.8292371418727	1.5301	1.2000000000000002
23038.07970806986	1850	22.931711986034784	0.0	873429	1932.9360146544375	1.6712697	1.85
23040.283727209488	1850	24.727692846411042	0.0	954453	2204.019139623743	1.675333	1.85
23045.14222328082	4300	23.869196775074563	0.0	2191074	4858.496071336479	1.6688585	1.8499999999999996
23046.798498742584	1200	26.212921313312204	0.0	670129	1656.275461762363	0.54343116	-1.9000000000000001
23047.717904448447	750	29.293515607450118	0.0	401088	919.4057058620849	1.6842589	0.3
23049.708534686328	1850	31.30288536956791	0.0	943942	1990.6302378822063	1.6767452	0.75
23052.161558015683	2850	32.8498620402127	0.0	1139291	2453.0233293552087	1.2150974	1.85
23056.59170617374	4300	32.41971388215738	0.0	2147467	4430.1481580553145	0.49284822	2.8499999999999996
23061.175502769693	4300	31.835917286202005	0.0	2133870	4583.796595955375	0.34525612	4.3
23066.319866901442	4300	30.691553154454006	0.0	2146120	5144.3641317480015	0.34314075	4.3
23069.575766703074	2850	31.4356533528245	0.0	1339500	3255.8998016295086	0.34563413	1.4000000000000001
23071.831060763932	1850	33.18035929196407	0.0	1025005	2255.2940608604276	0.41272756	0.8500000000000001
23076.707312307317	4300	32.30410774858155	0.0	2121928	4876.251543382521	0.69829166	1.8499999999999996
23081.426197768527	4300	31.585222287369557	0.0	2219102	4718.885461211995	0.33158097	4.3
23086.62315117828	4300	30.388268877620117	0.0	2124950	5196.953409749438	0.32933277	4.3
23092.447367907153	4300	28.56405214874482	0.0	2246506	5824.216728875298	0.33353552	4.3
23096.63752121527	4300	28.37389884062697	0.0	1961140	4190.1533081178495	0.33873826	4.3
23102.812366432896	4300	26.19905362300136	0.0	2155012	6174.84521762561	0.33094972	4.3

