16568.641887492413	750	4.0	1.4326655545084757	450283	1432.6655545084757	0.3191085	-5.410461884386445
16569.19722571263	300	7.444661779784371	0.0	155580	555.3382202156292	1.1954848	-0.15000000000000002
16569.73061588184	300	10.911271610576378	0.0	139857	533.3901692079935	1.2079725	0.3
16570.35827812617	300	14.28360936624478	0.0	155432	627.6622443315978	1.2495096	0.3
16572.929284967115	1200	15.712602525298687	0.0	652874	2571.006840946093	1.2915071	0.29999999999999993
16576.462610971215	1200	16.179276521199085	0.0	520315	3533.326004099602	1.4507836	1.2
16577.66256607321	750	18.979321419203053	0.0	352642	1199.95510199603	1.3674141	0.3
16581.066497485765	1850	19.57539000664831	0.0	1060487	3403.931412554746	1.4183812	0.75
16583.789916049216	1850	20.851971443197602	0.0	852833	2723.4185634507035	1.5585986	1.85
16585.550741307237	1200	23.09114618517961	0.0	560821	1760.825258017991	1.5754273	0.5499999999999999
16587.570969881832	1200	25.07091761058589	0.0	607410	2020.2285745937234	1.516332	1.2
16590.74322469355	1850	25.898662798867914	0.0	917428	3172.254811717975	1.5299231	1.2000000000000002
16594.798083223537	1850	25.843804268878365	0.0	946851	4054.85852998955	1.6264036	1.85
16599.673524291225	1850	24.96836320118928	0.0	1036454	4875.441067689085	1.5963482	1.85
16600.9234196822	750	27.7184678102154	0.0	337059	1249.8953909738805	1.5756569	-0.3500000000000001
16601.470086171612	300	31.17180132080336	0.0	138313	546.6664894120363	1.4911417	-0.15000000000000002
16602.04258691626	300	34.59930057615375	0.0	143509	572.5007446496104	1.4413534	0.3
16602.657943357794	300	37.98394413462286	0.0	150616	615.3564415308867	1.4674468	0.3
16606.36619725078	1850	38.27569024163344	0.0	987708	3708.2538929894226	1.4923526	0.30000000000000004
16608.29288602725	1200	40.349001465163965	0.0	586839	1926.6887764694777	1.669967	0.5499999999999999
16611.208851713833	1850	41.43303577858145	0.0	891604	2915.9656865825195	1.7049117	1.2000000000000002
16614.413554874507	1850	42.22833261790695	0.0	955231	3204.7031606744986	1.5705304	1.85
16621.542881230154	2850	39.099006262260964	0.0	1505760	7129.326355645987	1.533413	1.85
16627.973597049873	4300	36.668290442540396	0.0	2044075	6430.715819720568	1.1351385	2.8499999999999996
16635.18602814109	4300	33.455859351321635	0.0	2186790	7212.4310912187675	0.3826919	4.3
16644.358052299925	4300	28.283835192487924	0.0	2105231	9172.024158833707	0.41565832	4.3
16652.74233684308	4300	23.899550649333545	0.0	2395588	8384.28454315438	0.69769144	4.3
16659.182784319495	4300	21.459103172918844	0.0	1972048	6440.447476414701	0.6780591	4.3
16666.30678966863	2850	18.335097823785823	0.0	1498470	7124.005349133021	0.64048743	1.4000000000000001
16671.23003923913	2850	17.411848253284465	0.0	1561263	4923.249570501359	1.6304272	2.85
16672.409193474687	750	20.232694017729955	0.0	358218	1179.154235554508	1.5134575	-1.35
16673.76923348207	750	22.87265401034408	0.0	400322	1360.0400073858773	1.514414	0.75
16675.62896609276	1200	25.012921399656392	0.0	584349	1859.732610687688	1.5324	0.75
16677.90968451182	1200	26.732202980596988	0.0	670129	2280.718419059407	1.6475787	1.2
16681.350440099402	1850	27.291447393013105	0.0	1026056	3440.7555875838825	1.6633507	1.2000000000000002
16686.199353909007	1850	26.442533583409165	0.0	943942	4848.913809603942	1.6173375	1.85
16693.670198259355	4300	22.971689233059212	0.0	1919781	7470.844350349952	1.6728415	1.8499999999999996
16700.791819199672	4300	19.850068292740474	0.0	2147467	7121.620940318738	0.6019731	4.3
16709.8486077101	4300	14.793279782314071	0.0	2133870	9056.788510426402	0.6176953	4.3
16711.246766316668	750	17.395121175747015	0.0	390680	1398.158606567056	1.1125474	-2.8
16711.789436448136	300	20.852451044278133	0.0	147968	542.6701314688822	1.5574524	-0.15000000000000002
16715.08701198996	1850	21.554875502455076	0.0	1025005	3297.5755418230565	1.5217495	0.30000000000000004
16721.756841119288	4300	18.885046373126023	0.0	2121928	6669.829129329055	1.4907339	1.8499999999999996
16730.890873218774	4300	13.751014273638425	0.0	2219102	9134.032099487598	0.4806439	4.3
16736.53708842852	2850	12.104799063895296	0.0	1464921	5646.21520974313	0.980333	1.4000000000000001
16739.04795879168	1200	13.593928700732832	0.0	638661	2510.870363162465	1.4834757	-0.44999999999999996
16740.20351463274	750	16.438372859673283	0.0	331053	1155.555841059546	1.6005942	0.3
16742.915890908887	1850	17.72599658352702	0.0	846370	2712.3762761462635	1.6133701	0.75

