1470.1418546563189	750	4.0	6.240793125191714	450283	6240.793125191714	1.6031202	-26.08541043832437
1472.7500681887125	300	5.39178646760646	0.0	155580	2608.2135323935404	0.41738456	-0.15000000000000002
1475.2782474797168	300	6.863607176602174	0.0	139857	2528.179291004286	0.62196213	0.3
1477.563704436127	300	8.578150220191981	0.0	155432	2285.456956410193	0.7469879	0.3
1485.324196709118	750	4.817657947200751	0.0	411561	7760.49227299123	0.81461847	0.3
1490.937344367431	750	4.0	0.7954897111121118	318564	5613.147658312863	0.48471674	-2.6706057577820803
1494.2830485113925	300	4.6542958560386465	0.0	153295	3345.7041439613536	0.16425236	-0.15000000000000002
1497.6924943376628	300	5.244850029768353	0.0	173849	3409.445826270294	0.15577814	0.3
1500.4237698415454	300	6.513574525885706	0.0	150710	2731.2755038826476	0.16462882	0.3
1503.0814521918583	300	7.855892175572779	0.0	139105	2657.6823503129262	0.5268324	0.3
1515.1676864106046	1200	4.0	4.230342043173416	607410	12086.234218746196	0.67555547	-17.89047078564569
1517.474144121294	300	5.693542289310261	0.0	156148	2306.4577106897386	0.06871621	-0.6000000000000001
1519.8440173508898	300	7.3236690597147	0.0	160746	2369.8732295955615	0.25410467	0.3
1522.8625452009182	300	8.305141209686067	0.0	179801	3018.527850028634	0.6080644	0.3
1527.9176744712818	750	7.25001193932266	0.0	337059	5055.129270363405	0.6771709	0.3
1529.9816856059392	300	9.186000804665063	0.0	138313	2064.011134657597	0.76255083	-0.15000000000000002
1534.7218256421124	750	8.445860768491952	0.0	360831	4740.140036173113	0.77112144	0.3
1540.7179314001198	750	6.449755010484597	0.0	372963	5996.105758007355	0.8438569	0.75
1543.5876708333744	300	7.580015577230044	0.0	165384	2869.7394332545523	0.39933765	-0.15000000000000002
1547.4468974231868	750	7.720788987417527	0.0	350713	3859.2265898125174	0.7263488	0.3
1548.87027182655	300	10.297414584054401	0.0	157671	1423.3744033631276	0.77078223	-0.15000000000000002
1550.1331831924272	300	13.03450321817694	0.0	157812	1262.9113658774606	0.9201845	0.3
1551.5566881379207	300	15.610998272683625	0.0	163927	1423.5049454933142	1.0791614	0.3
1552.8793552495847	300	18.288331161019595	0.0	137654	1322.667111664032	1.1965185	0.3
1559.7763814854918	1200	15.391304925112548	0.0	587236	6897.026235907047	1.2852618	0.29999999999999993
1562.2448490068418	300	16.92283740376234	0.0	153938	2468.4675213502087	1.3023466	-0.6000000000000001
1569.2401430412422	750	13.927543369362061	0.0	425781	6995.294034400279	1.1917638	0.3
1578.2912523455298	1200	8.876434065074424	0.0	487160	9051.109304287638	1.1488926	0.75
1589.808308864616	750	4.0	2.6406224540117744	400396	11517.056519086198	0.93110895	-11.054676552250628
1594.6818935803285	300	4.0	0.8735847157124518	149029	4873.584715712452	0.065238975	-3.9064142775635426
1598.9236407184821	300	4.0	0.24174713815377163	157421	4241.747138153772	0.018656021	-0.739512694061218
1603.7095524818408	300	4.0	0.7859117633585656	157488	4785.911763358566	0.014817274	-3.0794205824418324
1608.7437127051805	300	4.0	1.0341602233396825	143881	5034.1602233396825	0.008128859	-4.146888960360635
1614.1467991255042	300	4.0	1.4030864203236078	163444	5403.086420323608	0.008486627	-5.733271607391513
1618.63144228253	300	4.0	0.48464315702570093	179328	4484.643157025701	0.006010864	-1.783965575210514
1622.5245351863396	300	4.106907096190457	0.0	159914	3893.092903809543	0.0072534448	0.3
1625.593378246516	300	5.038064036014201	0.0	131610	3068.843060176257	0.011103905	0.3
1627.8577397734543	300	6.773702509075819	0.0	124011	2264.3615269383818	0.02671288	0.3
1630.4567365072644	300	8.174705775265668	0.0	144254	2598.996733810152	0.15459754	0.3
1635.9064297172106	750	6.725012565319544	0.0	390680	5449.693209946124	0.4090321	0.3
1638.7529604829326	300	7.878481799597517	0.0	147968	2846.530765722026	0.26397172	-0.15000000000000002
1642.5886808758314	300	8.042761406698688	0.0	161857	3835.7203928988292	0.45334387	0.3
1646.4016675142798	300	8.229774768250492	0.0	145210	3812.9866384481948	0.4895717	0.3
1649.2337847847625	300	9.397657497767744	0.0	172312	2832.117270482748	0.4590895	0.3
1651.2792086609793	300	11.352233621550939	0.0	167025	2045.423876216805	0.80473596	0.3
1653.290007281114	300	13.34143500141635	0.0	160064	2010.7986201345875	0.9589789	0.3
1655.1074236503052	300	15.524018632225038	0.0	137507	1817.4163691913107	1.0885856	0.3
1656.6836862686155	300	17.947756013914667	0.0	118421	1576.2626183103712	1.1710823	0.3

