13648.647403884825	750	4.0	4.799754461958953	450283	4799.754461958953	0.48005444	-19.888944186423497
13650.069394112605	300	6.578009772220171	0.0	155580	1421.9902277798294	0.5326483	-0.15000000000000002
13651.271402801514	300	9.376001083309369	0.0	139857	1202.0086889108015	0.93181264	0.3
13655.088853573572	750	9.558550311250475	0.0	382355	3817.450772058895	1.0517333	0.3
13656.499276348639	300	12.148127536182848	0.0	163442	1410.4227750676262	1.0884717	-0.15000000000000002
13661.010441641181	750	11.636962243639573	0.0	318564	4511.1652925432745	1.11513	0.3
13664.669647113802	300	11.9777567710189	0.0	153295	3659.205472620673	1.1052938	-0.15000000000000002
13668.855531942869	300	11.791871941951799	0.0	173849	4185.884829067101	0.97912115	0.3
13675.57842369866	750	9.068980186161346	0.0	374758	6722.891755790453	0.9512096	0.3
13677.337466934396	300	11.309936950425566	0.0	139105	1759.043235735779	0.9195348	-0.15000000000000002
13678.721873312608	300	13.925530572214116	0.0	141840	1384.4063782114506	1.0104948	0.3
13683.804275540531	750	12.843128344291342	0.0	405134	5082.402227922774	1.134269	0.3
13689.30346736287	750	11.34393652195163	0.0	386351	5499.191822339712	1.134993	0.75
13698.039592745034	750	6.60781113978708	0.0	434409	8736.12538216455	1.0561829	0.75
13701.024017180875	300	7.623386703945261	0.0	140051	2984.424435841818	0.3750292	-0.15000000000000002
13703.80304645564	300	8.844357429179304	0.0	138313	2779.029274765956	0.50979304	0.3
13706.13389671642	300	10.513507168399993	0.0	143509	2330.850260779311	0.7065073	0.3
13712.191552185552	750	8.455851699267	0.0	372963	6057.655469132992	0.9366832	0.3
13714.983679444385	300	9.663724440434256	0.0	165384	2792.127258832744	0.79085624	-0.15000000000000002
13716.906943549722	300	11.740460335098447	0.0	140881	1923.2641053358102	0.83175534	0.3
13721.28319825953	750	11.364205625289431	0.0	386472	4376.254709809016	0.99412185	0.3
13722.95107604155	300	13.696327843269032	0.0	157812	1667.8777820203998	1.066174	-0.15000000000000002
13724.658608644957	300	15.988795239863373	0.0	163927	1707.5326034056577	1.0956354	0.3
13734.967609726988	1850	9.679794157832948	0.0	874175	10309.001082030425	1.1721815	0.30000000000000004
13738.783646368853	750	9.863757515968103	0.0	359903	3816.0366418648446	1.1394272	-0.3500000000000001
13742.836220596511	750	9.811183288308795	0.0	379700	4052.5742276593087	1.0353619	0.75
13749.038363663787	1200	7.609040221032707	0.0	696376	6202.143067276088	1.0345365	0.75
13750.840654855392	300	9.806749029427069	0.0	111155	1802.2911916056391	1.0438387	-0.6000000000000001
13758.182456364952	750	6.4649475198677075	0.0	400396	7341.801509559361	0.92316604	0.3
13760.1073368861	300	8.540066998719489	0.0	149029	1924.8805211482188	0.35647494	-0.15000000000000002
13766.101168056352	750	6.546235828468293	0.0	358218	5993.8311702511955	0.72395945	0.3
13768.508755476685	300	8.138648408134326	0.0	157488	2407.5874203339677	0.3768673	-0.15000000000000002
13770.447327680686	300	10.200076204133744	0.0	143881	1938.5722040005833	0.5452564	0.3
13772.201661552292	300	12.445742332529576	0.0	163444	1754.333871604167	0.9067716	0.3
13778.237380562921	1200	10.410023321898613	0.0	690253	6035.719010630962	1.0525008	0.29999999999999993
13780.671854694318	300	11.97554919050305	0.0	159914	2434.4741313955637	1.1614672	-0.6000000000000001
13785.775187346671	750	10.872216538150107	0.0	321064	5103.332652352942	1.0168606	0.3
13794.658687048593	1200	5.988716836228161	0.0	575591	8883.499701921946	1.0454106	0.75
13801.190277588406	750	4.0	0.5428737035842905	378327	6531.590539812451	0.42993772	-2.0343569254124496
13803.096383582975	300	6.09389400542999	0.0	149991	1906.1059945700101	0.08164124	-0.15000000000000002
13805.181309152364	300	8.008968436043148	0.0	147968	2084.925569386842	0.36671934	0.3
13807.945944903016	300	9.244332685389526	0.0	161857	2764.635750653621	0.6129297	0.3
13811.613945351735	750	9.57633223666993	0.0	372093	3668.000448719596	0.7166097	0.3
13815.812703863643	1200	9.37757372476091	0.0	634861	4198.75851190902	1.0725638	0.75
13821.129322188151	1200	8.060955400252016	0.0	630203	5316.618324508894	1.2333934	1.2
13822.685974826052	300	10.504302762350415	0.0	160064	1556.6526379016018	1.1329051	-0.6000000000000001
13825.458729974125	750	11.731547614277972	0.0	331053	2772.755148072443	1.0757829	0.3
13826.325483606259	300	14.864793982144313	0.0	118421	866.7536321336586	1.2614107	-0.15000000000000002

