7977.578148374095	750	4.0	3.252274383373264	450283	3252.2743833732643	0.80189836	-13.234779848505035
7979.84613800819	750	5.732010365904043	0.0	398865	2267.989634095957	0.6264678	0.75
7981.161196080881	750	8.41695229321333	0.0	350812	1315.058072690713	0.8621383	0.75
7981.822480035556	300	11.75566833853932	0.0	155432	661.2839546740113	1.0905782	-0.15000000000000002
7982.545108680595	300	15.033039693499719	0.0	163442	722.6286450396009	1.2034873	0.3
7983.130308661588	300	18.44783971250609	0.0	126289	585.1999809936269	1.3279387	0.3
7985.071025152385	1200	20.507123221709758	0.0	561791	1940.7164907963333	1.37744	0.29999999999999993
7987.618946080509	1200	21.959202293586706	0.0	709534	2547.9209281230524	1.5088446	1.2
7990.204331490622	1200	23.373816883473587	0.0	584846	2585.385410113117	1.5445004	1.2
7991.81613917852	750	25.76200919557546	0.0	362795	1611.8076878981292	1.5416274	0.3
7996.400687086455	1850	25.177461287640938	0.0	939819	4584.547907934522	1.5068145	0.75
7997.765822819455	750	27.812325554641028	0.0	405134	1365.1357329999096	1.5803807	-0.3500000000000001
8001.492533800945	1850	28.085614573149545	0.0	946851	3726.7109814914843	1.5349789	0.75
8004.16147640468	1200	29.416671969415617	0.0	687371	2668.9426037339276	1.5914031	0.5499999999999999
8005.420009692661	300	32.15813868143521	0.0	140051	1258.5332879804073	1.58616	-0.6000000000000001
8009.310538589191	1200	32.26760978490395	0.0	587876	3890.5288965312598	1.4970613	0.29999999999999993
8009.923998753432	300	35.654149620663155	0.0	143509	613.4601642407863	1.5585518	-0.6000000000000001
8010.580728148888	300	38.99742022520716	0.0	150616	656.7293954559977	1.5372792	0.3
8013.256060381918	1200	40.32208799217689	0.0	639204	2675.332233030272	1.5724726	0.29999999999999993
8015.747549112447	1200	41.83059926164806	0.0	586839	2491.488730528827	1.6133499	1.2
8016.442624663785	300	45.13552371030961	0.0	157671	695.0755513384432	1.6249472	-0.6000000000000001
8018.905231555366	1200	46.67291681872888	0.0	616206	2462.6068915807336	1.6032592	0.29999999999999993
8022.524482408279	1850	47.053665965815405	0.0	968026	3619.2508529134784	1.631083	1.2000000000000002
8026.33045081604	1850	47.24769755805546	0.0	874175	3805.9684077599436	1.646607	1.85
8035.037465211367	2850	42.540683162728094	0.0	1383735	8707.014395327362	1.631156	1.85
8045.246132011133	2850	36.332016362961696	0.0	1480464	10208.666799766395	1.6199487	2.85
8057.689807344467	4300	27.88834102962765	0.0	2395588	12443.675333334048	1.6096611	2.8499999999999996
8064.32346640348	1850	25.254681970615604	0.0	758197	6633.659059012048	1.6102966	-0.6000000000000001
8068.945040505481	1850	24.63310786861476	0.0	972798	4621.574102000838	1.5729496	1.85
8073.314907178321	1850	24.26324119577474	0.0	975811	4369.866672840026	1.5886257	1.85
8075.654272317657	1200	25.923876056438317	0.0	570392	2339.365139336425	1.5887791	0.5499999999999999
8080.41044052793	1850	25.167707846164618	0.0	954453	4756.1682102736995	1.5783644	1.2000000000000002
8081.9615772207535	750	27.61657115334162	0.0	369834	1551.1366928229943	1.5897582	-0.3500000000000001
8087.607024411068	1850	25.97112396302672	0.0	1035329	5645.447190314902	1.5683932	0.75
8095.627725177657	1850	21.950423196436805	0.0	1026056	8020.700766589915	1.6112633	1.85
8101.427749430957	1850	20.15039894313725	0.0	943942	5800.0242532995535	1.5647255	1.85
8104.217616767788	1850	21.360531606306346	0.0	728962	2789.8673368309082	1.588414	1.85
8110.539818048666	2850	19.038330325428085	0.0	1499009	6322.201280878258	1.6093458	1.85
8116.94221221678	4300	16.635936157314614	0.0	2133870	6402.39416811347	1.614252	2.8499999999999996
8118.640864644621	1200	18.937283729473915	0.0	587506	1698.6524278406953	1.5902033	-1.9000000000000001
8119.128372387311	300	22.449775986782758	0.0	147968	487.50774269115493	1.5923618	-0.6000000000000001
8120.557878968736	750	25.02026940535767	0.0	384505	1429.5065814250895	1.5652101	0.3
8121.260106028982	300	28.31804234511216	0.0	145210	702.2270602455103	1.6295514	-0.15000000000000002
8124.5226829431995	750	29.055465430893868	0.0	438281	3262.5769142182908	1.5980054	0.3
8134.502782767553	1850	23.07536560654045	0.0	958994	9980.09982435342	1.5916139	0.75
8137.330786897286	750	24.24736147680792	0.0	393804	2828.004129732531	1.5583557	-0.3500000000000001
8138.10572026247	300	27.472428111624144	0.0	137507	774.9333651837768	1.6019062	-0.15000000000000002
8140.135765922831	750	29.44238245126346	0.0	314107	2030.0456603606851	1.6030604	0.3

