12133.991231698048	750	4.0	1.6438931885945212	450283	1643.8931885945212	1.324003	-6.31874071095644
12135.70215643325	750	6.289075264795886	0.0	398865	1710.924735204114	1.1620642	0.75
12136.492294626983	300	9.498937071064052	0.0	139857	790.1381937318341	1.2077076	-0.15000000000000002
12137.303248995871	300	12.687982702175246	0.0	155432	810.9543688888065	1.1354619	0.3
12139.10279095686	750	14.888440741187974	0.0	411561	1799.5419609872713	1.2211932	0.3
12141.5793749774	1200	16.41185672064872	0.0	520315	2476.5840205392533	1.3553073	0.75
12142.42205524856	300	19.56917644948863	0.0	153295	842.6802711600901	1.4214516	-0.6000000000000001
12143.958650137327	300	22.032581560721727	0.0	173849	1536.5948887669022	1.2876014	0.3
12144.942784036873	300	25.048447661176773	0.0	150710	984.1338995449509	1.2620103	0.3
12147.732423878444	1200	26.258807819605543	0.0	560821	2789.639841571234	1.3148677	0.29999999999999993
12150.19578393137	1200	27.79544776667923	0.0	607410	2463.3600529263135	1.4868904	1.2
12152.852774316254	1200	29.13845738179756	0.0	594078	2656.9903848816703	1.5269558	1.2
12153.610541451944	300	32.38069024610643	0.0	160746	757.7671356911271	1.5278217	-0.6000000000000001
12156.195021067482	1200	33.79621063056975	0.0	687371	2584.4796155366794	1.4147155	0.29999999999999993
12158.501459870547	1200	35.48977182750328	0.0	526950	2306.438803066466	1.6067331	1.2
12165.675523386522	2850	32.31570831152678	0.0	1471065	7174.063515976509	1.6022545	1.2000000000000002
12180.515658675977	4300	21.475573022073892	0.0	2289689	14840.135289452883	1.5749592	2.8499999999999996
12187.567171108782	1850	18.42406058926838	0.0	885714	7051.5124328055135	1.5684886	-0.6000000000000001
12192.555374184356	1200	17.435857513695435	0.0	639204	4988.203075572942	1.4487249	0.5499999999999999
12196.157229539791	750	17.83400215826017	0.0	350713	3601.8553554352648	1.3833536	0.3
12200.789399509602	1200	17.201832188449078	0.0	601738	4632.1699698110915	1.3018955	0.75
12205.238100184582	1850	16.75313151346822	0.0	955231	4448.70067498086	1.3838434	1.2000000000000002
12208.262592186144	1850	17.72863951190764	0.0	968026	3024.4920015605803	1.5135641	1.85
12216.67818638999	2850	13.31304530806162	0.0	1323990	8415.594203846022	1.5893027	1.85
12223.177091805928	2850	10.81413989212388	0.0	1383735	6498.90541593774	1.4731059	2.85
12225.006623703413	1200	12.984607994639072	0.0	590335	1829.5318974848067	1.4958234	-0.44999999999999996
12225.70092438382	300	16.290307314230482	0.0	181901	694.3006804085924	1.4585767	-0.6000000000000001
12226.154545248679	300	19.836686449372348	0.0	111155	453.6208648581334	1.3358625	0.3
12227.55116614124	750	22.44006555681193	0.0	400396	1396.620892560419	1.3650894	0.3
12229.384591559898	750	24.60664013815458	0.0	400508	1833.4254186573505	1.4876755	0.75
12230.110791677043	300	27.880440021008976	0.0	157421	726.2001171456028	1.4716963	-0.15000000000000002
12235.870242586694	2850	26.120989111357652	0.0	1497683	5759.450909651326	1.4264932	0.30000000000000027
12239.38026655453	1850	26.61096514352147	0.0	885062	3510.023967836183	1.3766097	0.8500000000000001
12243.816541902028	2850	26.174689796024197	0.0	1587293	4436.275347497274	1.6759691	1.85
12250.849800776643	4300	23.141430921408247	0.0	2307787	7033.258874615947	1.0461714	2.8499999999999996
12255.608588779822	2850	22.382642918229607	0.0	1439896	4758.788003178641	0.58070683	1.4000000000000001
12259.969187063218	2850	22.02204463483383	0.0	1139291	4360.598283395773	1.1273276	2.85
12279.41001708491	4300	6.581214613140266	0.0	2147467	19440.830021693564	1.1320279	2.8499999999999996
12301.245254444484	1200	4.0	15.254022746432089	605884	21835.237359572355	1.1899046	-67.49229780965797
12307.667477614435	300	4.0	2.422223169952104	149991	6422.223169952104	0.011199485	-11.015559630794048
12313.80479937335	300	4.0	2.1373217589151836	147968	6137.321758915184	0.010008388	-8.89048356333529
12320.236067880367	300	4.0	2.4312685070175104	161857	6431.26850701751	0.007881533	-10.154454580175294
12325.835536856464	300	4.0	1.5994689760966256	145210	5599.468976096626	0.006145365	-6.57771659721549
12331.873891091424	300	4.0	2.0383542349584323	172312	6038.354234958432	0.0060076206	-8.464923210321258
12338.780873243319	300	4.0	2.906982151896658	167025	6906.982151896658	0.0054575754	-12.200023253155628
12345.29725442311	300	4.0	2.5163811797912996	160064	6516.3811797912995	0.004705182	-10.520439073102587
12347.94902778267	300	5.348226640439699	0.0	137507	2651.7733595603013	0.0047159693	0.3
12349.382766639443	300	7.914487783666399	0.0	118421	1433.7388567732999	0.025543055	0.3

