14208.255943740667	750	4.0	4.746018619318359	450283	4746.018619318359	1.0957949	-19.65788006306894
14211.527138205904	750	4.728805534764045	0.0	398865	3271.1944652359552	0.539751	0.75
14212.800476355515	300	7.455467385153912	0.0	139857	1273.3381496101333	0.77340823	-0.15000000000000002
14215.849281815557	750	8.406661925113195	0.0	382355	3048.805460040718	0.95988816	0.3
14217.178862785837	300	11.077080954832637	0.0	163442	1329.5809702805584	1.0827776	-0.15000000000000002
14219.72279467804	750	12.533149062630203	0.0	318564	2543.9318922024313	1.0800905	0.3
14224.244152216103	1200	12.011791524568023	0.0	561791	4521.357538062181	1.2113773	0.75
14231.126001504432	1200	9.129942236238108	0.0	709534	6881.849288329916	1.2543803	1.2
14236.90768859123	1200	7.348255149439376	0.0	584846	5781.687086798732	1.0958437	1.2
14239.402502999093	750	8.85344074157636	0.0	362795	2494.8144078630157	1.0389527	0.3
14245.705127472227	1850	6.550816268441861	0.0	939819	6302.624473134499	1.0953408	0.75
14249.990499786742	1200	6.265443953927026	0.0	594078	4285.372314514835	1.1894593	0.5499999999999999
14253.184215169002	750	7.071728571667895	0.0	386351	3193.715382259132	1.0603423	0.3
14254.685405618027	300	9.570538122642835	0.0	179801	1501.190449025059	0.9723414	-0.15000000000000002
14255.765502662516	300	12.490441078154534	0.0	140051	1080.0970444883033	0.9880624	0.3
14260.447942324145	1200	11.808001416524506	0.0	587876	4682.439661630027	1.1022627	0.29999999999999993
14263.628754928552	750	12.627188812118453	0.0	360831	3180.8126044060527	1.2416992	0.3
14264.895889242329	300	15.360054498341494	0.0	150616	1267.1343137769586	1.1792295	-0.15000000000000002
14268.466488366244	750	15.789455374425296	0.0	405596	3570.5991239161976	1.1765325	0.3
14270.064882119723	300	18.19106162094706	0.0	140881	1598.3937534782362	1.2480308	-0.15000000000000002
14272.191471188038	300	20.064472552631944	0.0	157671	2126.5890683151147	1.2044868	0.3
14274.265071488968	300	21.99087225170262	0.0	157812	2073.600300929327	1.2245287	0.3
14276.360942199626	300	23.895001541042724	0.0	163927	2095.8707106598913	1.2569987	0.3
14280.501687809445	750	23.754255931225586	0.0	343800	4140.745609817139	1.2787784	0.3
14282.241031918125	300	26.014911822545777	0.0	146754	1739.3441086798086	1.3469803	-0.15000000000000002
14283.866285822784	300	28.389657917888087	0.0	153938	1625.2539046576915	1.3114247	0.3
14285.587831742598	300	30.66811199807388	0.0	181901	1721.545919814205	1.3413275	0.3
14288.381242030347	750	31.87470171032546	0.0	277716	2793.4102877484183	1.375149	0.3
14292.790427338878	750	31.465516401794282	0.0	400396	4409.1853085311795	1.4449029	0.75
14294.612870440385	300	33.643073300285245	0.0	149029	1822.443101509037	1.4360628	-0.15000000000000002
14296.43489402291	300	35.821049717761696	0.0	157421	1822.0235825235522	1.3936405	0.3
14302.139709381447	750	34.11623435922554	0.0	400322	5704.815358536155	1.4142557	0.3
14307.379693696805	750	32.876250043867586	0.0	369834	5239.984315357951	1.4516038	0.75
14341.343594423595	1850	4.0	1.0876506829235733	1035329	33963.90072679116	1.4553889	-3.9268979365713648
14347.653254104884	300	4.0	2.3096596812886263	179328	6309.659681288626	0.016081976	-11.181536629541093
14350.67383389149	300	4.979420213395178	0.0	159914	3020.579786604822	0.012566596	0.3
14352.803709760863	300	6.849544344020297	0.0	131610	2129.8758693748814	0.06201008	0.3
14355.095542522995	300	8.557711581889693	0.0	124011	2291.8327621306034	0.31201288	0.3
14357.928393936969	300	9.724860167915766	0.0	144254	2832.851413973927	0.5116834	0.3
14368.096478456555	750	4.0	0.443224351670453	390680	10168.084519586218	0.638306	-1.6058647121829477
14372.440853051965	300	4.0	0.3443745954093274	147968	4344.374595409327	0.015787678	-1.6308107602601076
14376.542934194173	300	4.0	0.1020811422082952	161857	4102.081142208295	0.0092035355	-0.13894891149566935
14378.339780892764	300	6.203153301408942	0.0	145210	1796.8466985910584	0.0159095	0.3
14379.427754247685	300	9.115179946487563	0.0	172312	1087.973354921378	0.28237116	0.3
14380.122449719476	300	12.420484474695824	0.0	167025	694.6954717917396	1.0207196	0.3
14381.17907071178	750	15.36386348239194	0.0	393804	1056.6209923038841	1.2933619	0.3
14383.084718500464	1850	17.458215693708855	0.0	830730	1905.6477886830846	1.5916173	0.75
14385.948044021567	2850	18.59489017260542	0.0	1364537	2863.325521103434	1.4721197	1.85

