3119.744580812854	750	4.0	5.105653885378062	450283	5105.653885378062	1.2531085	-21.204311707125665
3123.900282552515	300	4.0	0.15570173966025685	155580	4155.701739660257	0.494187	-0.8195174805391044
3126.3569159824824	300	5.543366570032065	0.0	139857	2456.6334299679343	0.20241463	0.3
3127.6433451179723	300	8.256937434542367	0.0	155432	1286.4291354896984	0.3746248	0.3
3128.6310649658767	300	11.26921758663774	0.0	163442	987.7198479046284	0.9748735	0.3
3130.6949463492333	1200	13.205336203281203	0.0	520315	2063.8813833565387	1.127651	0.29999999999999993
3132.154678065198	750	15.745604487316479	0.0	352642	1459.7317159647218	1.3995326	0.3
3135.6954460348657	1200	16.204836517649234	0.0	709534	3540.767969667245	1.334809	0.75
3137.764302904093	1200	18.1359796484218	0.0	584846	2068.8568692274343	1.3732773	1.2
3139.795018662611	1200	20.105263889903586	0.0	560821	2030.715758518215	1.4570761	1.2
3141.299889872546	750	22.600392679968806	0.0	353220	1504.8712099347779	1.474544	0.3
3143.2241379518687	1200	24.676144600646083	0.0	594078	1924.248079322721	1.417237	0.75
3146.3459230048693	1850	25.55435954764515	0.0	946851	3121.7850530009355	1.5306156	1.2000000000000002
3148.544518107189	1200	27.355764445325146	0.0	687371	2198.595102320004	1.6273569	0.5499999999999999
3152.5709917482186	2850	27.329290804296097	0.0	1231445	4026.4736410290484	1.5631481	1.2000000000000002
3161.9110452700356	4300	21.98923728247912	0.0	2152483	9340.053521816975	1.5032871	2.8499999999999996
3169.7640255820415	4300	18.1362569704731	0.0	2289689	7852.980312006022	1.400705	4.3
3175.600729865322	2850	16.299552687192396	0.0	1358801	5836.704283280705	1.3025807	1.4000000000000001
3184.3762643656423	1850	11.52401818687258	0.0	987708	8775.534500319814	1.6101505	0.8500000000000001
3186.718419419079	750	13.181863133435806	0.0	350713	2342.155053436773	1.2718748	-0.3500000000000001
3187.9733781375458	300	15.926904414969238	0.0	157671	1254.9587184665695	1.264523	-0.15000000000000002
3189.4053483683315	300	18.49493418418378	0.0	157812	1431.9702307854545	1.2230529	0.3
3192.6846359553247	750	19.215646597190325	0.0	401853	3279.2875869934564	1.2468269	0.3
3195.6373176767283	750	20.262964875786857	0.0	343800	2952.6817214034695	1.3356758	0.75
3197.355000005211	300	22.545282547304026	0.0	146754	1717.6823284828329	1.3425041	-0.15000000000000002
3205.5419014840454	1200	18.35838106846965	0.0	590335	8186.901478834372	1.277617	0.29999999999999993
3212.2722278477177	1200	15.628054704797345	0.0	696376	6730.326363672307	1.2969363	1.2
3214.860106406111	750	17.04017614640446	0.0	277716	2587.8785583928875	1.2980393	0.3
3218.7167006155	750	17.183581937015035	0.0	400396	3856.5942093894205	1.2985457	0.75
3222.5296385368433	750	17.370644015671687	0.0	400508	3812.937921343347	1.2879575	0.75
3230.3966423131587	1850	13.503640239356654	0.0	873429	7867.00377631503	1.2944385	0.75
3233.500536561466	750	14.39974599104876	0.0	400322	3103.8942483078936	1.346227	-0.3500000000000001
3238.412871188857	1200	13.487411363657964	0.0	584349	4912.334627390797	1.2686576	0.75
3243.179618266316	1200	12.720664286199062	0.0	670129	4766.747077458903	1.3028479	1.2
3244.481474607531	300	15.418807944984392	0.0	179328	1301.8563412146698	1.306993	-0.6000000000000001
3245.9955625616726	300	17.904719990842846	0.0	159914	1514.0879541415457	1.2416636	0.3
3249.6129914346716	750	18.287291117843832	0.0	321064	3617.4288729990103	1.26548	0.3
3256.2881570783748	1200	15.612125474140713	0.0	575591	6675.165643703121	1.3368357	0.75
3262.732590815219	1200	13.167691737296522	0.0	605884	6444.433736844193	1.3211699	1.2
3266.5181713623037	1200	13.382111190211525	0.0	587506	3785.580547084997	1.2749861	1.2
3274.441939613127	1850	9.45834293938804	0.0	858450	7923.768250823484	1.4047358	1.2000000000000002
3277.393446045269	750	10.506836507246568	0.0	384505	2951.5064321414716	1.2533133	-0.3500000000000001
3281.5399349689937	1200	10.360347583521836	0.0	599477	4146.488923724732	1.1954012	0.75
3287.365014516354	750	8.535268036161153	0.0	438281	5825.079547360682	1.2998927	0.3
3293.415950454955	750	6.4843320975601575	0.0	398987	6050.9359386009955	0.99709165	0.75
3297.5343188834627	750	6.365963669052567	0.0	393804	4118.368428507591	0.52137184	0.75
3298.9008334393607	300	8.99944911315471	0.0	137507	1366.5145558978568	0.6653415	-0.15000000000000002
3300.0025396509554	300	11.89774290156044	0.0	118421	1101.7062115942717	1.014399	0.3

