18198.3000156163	750	4.0	5.057839080863765	450283	5057.839080863765	1.6936481	-20.99870804771419
18199.730753131356	300	6.569262484946178	0.0	155580	1430.7375150538228	0.500022	-0.15000000000000002
18201.129341367196	300	9.170674249107659	0.0	139857	1398.5882358385181	0.9220871	0.3
18204.768993235444	750	9.531022380861073	0.0	382355	3639.651868246587	1.0222464	0.3
18206.21537926345	300	12.08463635285354	0.0	163442	1446.3860280075305	1.0938915	-0.15000000000000002
18209.149857310247	750	13.150158306054504	0.0	318564	2934.4780467990363	1.1088659	0.3
18210.54302292821	300	15.756992688087601	0.0	153295	1393.1656179669021	1.2127647	-0.15000000000000002
18214.35250196636	750	15.94751364993702	0.0	437162	3809.4790381505804	1.1812025	0.3
18217.573277519165	750	16.726738097134092	0.0	374758	3220.775552802927	1.2451916	0.75
18220.66150980229	750	17.638505814006965	0.0	362795	3088.2322831271263	1.2718186	0.75
18222.076459370543	300	20.223556245752892	0.0	141840	1414.9495682540767	1.291778	-0.15000000000000002
18223.80777463538	300	22.49224098091417	0.0	156148	1731.3152648387238	1.2443163	0.3
18228.91796945052	750	21.382046165779137	0.0	386351	5110.19481513503	1.2630842	0.3
18234.988486238508	1200	19.311529377787664	0.0	687371	6070.516787991472	1.3021046	0.75
18238.224529740495	750	20.075485875802883	0.0	337059	3236.043501984782	1.3689675	0.3
18243.703423695926	1200	18.59659192037157	0.0	587876	5478.893955431313	1.3210865	0.75
18248.23624183801	750	18.06377377828645	0.0	360831	4532.81814208512	1.3629687	0.3
18260.155853520828	1850	10.144162095467262	0.0	885714	11919.611682819188	1.2692443	0.75
18265.182465868682	750	9.117549747613927	0.0	405596	5026.612347853335	1.1220412	-0.3500000000000001
18267.799184353506	750	10.50083126278948	0.0	350713	2616.7184848244447	0.9942694	0.75
18272.90939990311	1200	9.390615713183841	0.0	601738	5110.21554960564	1.1417006	0.75
18279.4176837076	1200	6.882331908692504	0.0	616206	6508.283804491337	1.1560322	1.2
18282.829135814867	750	7.470879801427897	0.0	401853	3411.4521072646066	0.97852004	0.3
18284.94641442568	300	9.353601190612325	0.0	137654	2117.278610815572	0.9659203	-0.15000000000000002
18290.05064051712	1200	8.249375099170118	0.0	587236	5104.226091442208	0.9007998	0.29999999999999993
18291.644031176987	300	10.655984439306936	0.0	153938	1593.3906598631827	1.0805748	-0.6000000000000001
18293.16259923371	300	13.137416382585073	0.0	181901	1518.5680567218621	0.9863347	0.3
18295.303330855473	750	14.99668476082221	0.0	277716	2140.731621762863	1.1145153	0.3
18297.94764890259	750	16.35236671370411	0.0	400396	2644.318047118098	1.2619283	0.75
18305.058223294694	1200	13.24179232160255	0.0	641447	7110.574392101562	1.302792	0.75
18311.48791589337	750	10.81209972292801	0.0	358218	6429.692598674538	1.2073445	0.3
18317.220927157818	750	9.07908845847797	0.0	400322	5733.0112644500405	0.9926222	0.75
18321.33953195947	750	8.96048365682661	0.0	369834	4118.6048016513605	0.85155565	0.75
18327.01322871215	750	7.2867869041487845	0.0	412837	5673.696752677826	0.98657435	0.75
18329.223139339567	300	9.076876276732829	0.0	179328	2209.9106274159544	0.6080521	-0.15000000000000002
18330.851073864185	300	11.448941752116419	0.0	159914	1627.9345246164128	0.8284354	0.3
18337.732419996402	1200	8.567595619898318	0.0	487812	6881.346132218098	1.0515114	0.29999999999999993
18339.00943982337	300	11.29057579293266	0.0	124011	1277.0198269656578	1.0429311	-0.6000000000000001
18340.51738153151	300	13.782634084791587	0.0	144254	1507.9417081410734	1.0501022	0.3
18344.930851378107	750	13.369164238198147	0.0	390680	4413.469846593439	1.154265	0.3
18350.707244724865	750	11.592770891437944	0.0	345516	5776.393346760205	1.2062393	0.75
18356.644690974998	750	9.65532464130357	0.0	384505	5937.446250134373	1.0870687	0.75
18358.819632974748	300	11.480382641555257	0.0	145210	2174.9419997483137	0.9914717	-0.15000000000000002
18361.877621394637	300	12.422394221665778	0.0	172312	3057.9884198894797	1.0484645	0.3
18364.437472017005	300	13.862543599298817	0.0	167025	2559.8506223669606	1.0714917	0.3
18370.560759283635	750	11.739256332666997	0.0	393804	6123.28726663182	1.1536524	0.3
18378.983424124857	1200	7.316591491446998	0.0	538612	8422.66484122	1.127976	0.75
18380.61091873085	300	9.689096885452516	0.0	118421	1627.4946059944818	0.7960508	-0.6000000000000001

