14273.211218340939	750	4.0	4.782926972877741	450283	4782.926972877741	1.4769125	-19.816585983374285
14278.314380273905	750	4.0	1.103161932964834	398865	5103.161932964834	0.5046459	-3.993596311748785
14279.961274062229	300	6.353106211675953	0.0	139857	1646.893788324047	0.4970184	-0.15000000000000002
14281.507863738316	300	8.806516535589457	0.0	155432	1546.5896760864955	0.7559767	0.3
14284.758608384192	750	9.55577188971193	0.0	411561	3250.7446458775257	0.85899925	0.3
14286.01010322425	300	12.304277049654113	0.0	126289	1251.4948400578182	1.002081	-0.15000000000000002
14289.189538764731	750	13.124841509173724	0.0	352642	3179.435540480388	1.0526408	0.3
14290.751002599935	300	15.563377673969839	0.0	173849	1561.4638352038853	1.128232	-0.15000000000000002
14294.286265574701	750	16.028114699202117	0.0	374758	3535.262974767722	1.2208846	0.3
14305.967722805017	1850	8.346657468886278	0.0	913888	11681.457230315838	1.3071196	0.75
14308.63014139239	750	9.684238881515174	0.0	353220	2662.418587371105	1.0593569	-0.3500000000000001
14311.599625978582	750	10.714754295322349	0.0	405134	2969.484586192825	1.0575775	0.75
14312.765462807623	300	13.548917466280606	0.0	160746	1165.8368290417413	1.1280934	-0.15000000000000002
14320.779086121964	1850	9.535294151941343	0.0	1036454	8013.623314339265	1.1481606	0.30000000000000004
14324.337339740265	750	9.977040533639867	0.0	337059	3558.2536183014763	1.260604	-0.3500000000000001
14327.170391405114	300	11.14398886879092	0.0	138313	2833.0516648489465	1.0200945	-0.15000000000000002
14330.327107004623	750	11.987273269281289	0.0	360831	3156.7155995096305	0.97175586	0.3
14331.411023497338	300	14.9033567765684	0.0	150616	1083.916492712889	1.1181773	-0.15000000000000002
14332.647898265563	300	17.666482008343692	0.0	165384	1236.8747682247058	1.2370509	0.3
14336.052028499507	750	18.26235177439946	0.0	350713	3404.130233944234	1.3230586	0.3
14341.751207635809	1200	16.563172638097484	0.0	601738	5699.179136301977	1.345292	0.75
14348.685665265413	750	13.628715008493986	0.0	399894	6934.457629603497	1.3834846	0.3
14358.100839170673	1200	8.2135411032353	0.0	656471	9415.173905258685	1.1147382	0.75
14359.116920053653	300	11.197460220253106	0.0	137654	1016.0808829821947	0.92721605	-0.6000000000000001
14362.098402193331	750	12.215978080576571	0.0	359903	2981.482139676535	1.0566386	0.3
14363.61394208288	300	14.700438191026763	0.0	153938	1515.5398895498092	1.18518	-0.15000000000000002
14367.45517554835	750	14.859204725556603	0.0	425781	3841.23346547016	1.1405672	0.3
14368.559792831446	300	17.75458744246208	0.0	111155	1104.6172830945247	1.264567	-0.15000000000000002
14373.98551174839	750	16.328868525516107	0.0	400396	5425.7189169459725	1.2431654	0.3
14385.871738428692	1200	8.4426418452149	0.0	641447	11886.226680301204	1.2585378	0.75
14390.769293210593	300	7.545087063314301	0.0	157421	4897.5547819006	0.8998253	-0.6000000000000001
14393.996980089927	300	8.317400183979341	0.0	157488	3227.68687933496	0.7017351	0.3
14402.918813502652	750	4.0	0.604433228745369	369834	8921.83341272471	0.6604718	-2.2990628836050866
14406.38089253721	300	4.537920965443363	0.0	163444	3462.0790345566365	0.021698665	-0.15000000000000002
14407.935473800731	300	6.983339701922322	0.0	179328	1554.5812635210416	0.049015984	0.3
14409.008098073133	300	9.910715429521362	0.0	159914	1072.624272400959	0.25564417	0.3
14410.921789193726	750	11.997024308929076	0.0	321064	1913.6911205922859	0.90743786	0.3
14413.198203094536	750	13.720610408117336	0.0	361565	2276.4139008117395	1.2115775	0.75
14415.033996952308	750	15.884816550344917	0.0	378327	1835.7938577724199	1.2952155	0.75
14419.670099757855	1850	15.248713744798245	0.0	930577	4636.102805546672	1.420906	0.75
14421.52031419173	750	17.398499310923633	0.0	345516	1850.2144338746139	1.5497295	-0.3500000000000001
14422.390445993518	300	20.528367509136302	0.0	161857	870.131801787329	1.4997933	-0.15000000000000002
14423.194820372355	300	23.723993130300467	0.0	145210	804.3743788358383	1.5199006	0.3
14437.483369806132	4300	13.43544369652292	0.0	2219102	14288.549433777547	1.5373203	0.2999999999999998
14440.819258873047	1200	14.099554629607017	0.0	630203	3335.8890669159036	1.4749057	-1.9000000000000001
14447.045787523128	1850	11.873025979526144	0.0	982064	6226.528650080872	1.4656155	1.2000000000000002
14447.89647154751	300	15.022341955143531	0.0	137507	850.6840243826133	1.4626528	-1.25
14452.829264574664	1850	14.08954892798973	0.0	846370	4932.793027153801	1.3960526	0.30000000000000004

