24968.315723311676	750	4.0	3.995068697861578	450283	3995.068697861578	1.3222849	-16.428795400804784
24969.80799539901	300	6.507727912669612	0.0	155580	1492.2720873303876	0.6557309	-0.15000000000000002
24974.743310490685	1200	5.572412820992511	0.0	571051	4935.315091677101	0.92589676	0.29999999999999993
24977.829644736332	750	6.486078575347997	0.0	382355	3086.3342456445143	1.0433098	0.3
24979.221072420674	300	9.094650891004205	0.0	163442	1391.4276843437922	0.9887864	-0.15000000000000002
24980.305486312984	300	12.010236998695536	0.0	126289	1084.4138923086684	1.0058416	0.3
24983.735226684894	750	12.58049662678538	0.0	352642	3429.7403719101562	1.099587	0.3
24995.50064762143	1200	4.81507569024783	0.0	709534	11765.42093653755	1.1727116	0.75
24997.63194352632	300	6.68377978535828	0.0	150710	2131.29590488955	0.25893363	-0.6000000000000001
24999.581718171525	300	8.734005140152583	0.0	139105	1949.774645205696	0.5048871	0.3
25004.357702677702	750	7.958020633975851	0.0	353220	4775.984506176733	0.8677761	0.3
25011.013207933407	1200	5.302515378268267	0.0	594078	6655.505255707583	0.87520707	0.75
25012.692753886295	300	7.622969425383647	0.0	160746	1679.5459528846202	0.58625484	-0.6000000000000001
25016.633840476406	750	7.681882835271468	0.0	434409	3941.0865901121792	0.745417	0.3
25018.192405408692	300	10.123317902986564	0.0	140051	1558.564932284904	0.9474851	-0.15000000000000002
25019.965074001404	300	12.350649310273848	0.0	138313	1772.668592712717	0.9377919	0.3
25021.540028787414	300	14.775694524262097	0.0	143509	1574.9547860117502	1.0287052	0.3
25023.209996934886	300	17.105726376791985	0.0	150616	1669.9681474701079	1.1260614	0.3
25025.419123939148	300	18.896599372529703	0.0	165384	2209.1270042622814	1.1748424	0.3
25036.386883070933	1200	11.928840240749116	0.0	586839	10967.759131780589	1.1913784	0.29999999999999993
25042.011217355102	750	10.304505956576005	0.0	386472	5624.334284173109	1.0451967	0.3
25044.1015715603	300	12.21415175138116	0.0	157812	2090.354205194847	0.9917317	-0.15000000000000002
25046.769981604833	300	13.545741706845787	0.0	163927	2668.4100445353724	1.0317755	0.3
25050.335129976447	300	13.980593335230866	0.0	137654	3565.148371614922	1.0629681	0.3
25066.607145323174	1200	4.0	2.2914220114960133	587236	16272.01534672688	1.0386952	-9.553114649432858
25069.967568489974	300	4.639576833202656	0.0	153938	3360.4231667973436	0.030876579	-0.6000000000000001
25073.38753026515	300	5.219615058025126	0.0	181901	3419.9617751775304	0.06863594	0.3
25076.191211671623	300	6.415933651548727	0.0	111155	2803.6814064764	0.08586365	0.3
25079.81984280442	300	6.787302518751152	0.0	153605	3628.631132797574	0.1974496	0.3
25083.31561751531	300	7.291527807862385	0.0	149029	3495.7747108887665	0.19192363	0.3
25087.654290730465	300	6.952854592706899	0.0	157421	4338.673215155486	0.23800248	0.3
25091.28202994637	300	7.3251153768007224	0.0	157488	3627.7392159061765	0.15001413	0.3
25093.83861434489	300	8.768530978281388	0.0	143881	2556.584398519334	0.18543833	0.3
25097.117686696904	300	9.489458626271759	0.0	163444	3279.0723520096303	0.4880228	0.3
25099.921865443066	300	10.68527988010958	0.0	179328	2804.1787461621793	0.56857306	0.3
25105.741416051846	750	8.865729271328298	0.0	365161	5819.55060878128	0.849905	0.3
25113.93840297474	750	4.66874234842948	0.0	321064	8196.98692289882	0.7348346	0.75
25115.983505870805	300	6.623639452367985	0.0	124011	2045.1028960614947	0.062058844	-0.15000000000000002
25121.249433258956	750	5.357712064217645	0.0	378327	5265.9273881503395	0.34160253	0.3
25122.424812012967	300	8.182333310206454	0.0	149991	1175.378754011191	0.25048453	-0.15000000000000002
25123.913277082724	300	10.693868240450403	0.0	147968	1488.4650697560517	0.833545	0.3
25129.7160089575	1200	8.891136365669729	0.0	641452	5802.731874780674	1.0321493	0.29999999999999993
25131.067797460477	300	11.539347862695173	0.0	145210	1351.7885029745557	1.133988	-0.6000000000000001
25136.134295424858	1200	10.472849898315168	0.0	634861	5066.497964380005	1.0928028	0.29999999999999993
25137.555728187348	300	13.051417135824314	0.0	167025	1421.4327624908528	1.2375969	-0.6000000000000001
25139.06030462917	300	15.546840694005086	0.0	160064	1504.5764418192286	1.2050328	0.3
25140.61607769891	300	17.991067624264744	0.0	137507	1555.7730697403435	1.279692	0.3
25142.140948583434	300	20.46619673973909	0.0	118421	1524.8708845256513	1.3343627	0.3

