22559.925532347836	750	4.0	5.8396300502769165	450283	5839.630050276916	1.4654276	-24.36040921619074
22562.165750723583	300	5.759781624254254	0.0	155580	2240.2183757457465	0.4396908	-0.15000000000000002
22565.30797801818	750	6.617554329655255	0.0	350812	3142.227294598999	0.7007446	0.3
22568.69193393526	750	7.233598412571884	0.0	382355	3383.9559170833704	0.8215629	0.75
22572.797547755497	750	7.127984592334405	0.0	411561	4105.613820237479	0.849913	0.75
22575.758216697108	750	8.16731565072649	0.0	318564	2960.668941607916	0.8768359	0.75
22579.220162252772	750	8.705370095063019	0.0	352642	3461.9455556634707	0.9087617	0.75
22583.065143549724	750	8.860388798108367	0.0	437162	3844.981296954651	0.9354875	0.75
22587.242865101278	750	8.68266724655622	0.0	374758	4177.721551552149	0.97976875	0.75
22591.24883616789	750	8.6766961799427	0.0	362795	4005.971066613519	0.9574336	0.75
22592.37518528931	300	11.5503470585229	0.0	141840	1126.3491214197995	0.9492496	-0.15000000000000002
22595.951676471657	750	11.97385587617742	0.0	405134	3576.49118234548	1.0589776	0.3
22600.99220159675	750	10.93333075108582	0.0	386351	5040.525125091599	1.140078	0.75
22607.034910051207	750	8.890622296624766	0.0	434409	6042.708454461055	1.0344573	0.75
22608.704855040247	300	11.220677307586065	0.0	140051	1669.9449890387011	0.932843	-0.15000000000000002
22610.596731355472	300	13.328800992360158	0.0	138313	1891.8763152259066	0.9817953	0.3
22612.807135585168	300	15.11839676266888	0.0	143509	2210.40422969128	1.0546027	0.3
22614.711991150154	300	17.21354119767813	0.0	150616	1904.8555649907496	1.1098946	0.3
22616.39372090199	300	19.531811445843783	0.0	165384	1681.7297518343482	1.1855336	0.3
22621.96231036078	750	17.96322198704905	0.0	350713	5568.589458794733	1.2686061	0.3
22623.560779963693	300	20.364752384134675	0.0	157671	1598.4696029143743	1.2648746	-0.15000000000000002
22625.57570511486	300	22.34982723296873	0.0	157812	2014.9251511659434	1.3108374	0.3
22630.959635828014	750	20.965896519814347	0.0	401853	5383.930713154385	1.3339278	0.3
22633.47755948654	300	22.4479728612892	0.0	137654	2517.923658525145	1.3486805	-0.15000000000000002
22635.93851160983	300	23.987020737997316	0.0	146754	2460.9521232918883	1.3244885	0.3
22639.383875605497	750	24.5416567423301	0.0	379700	3445.3639956672114	1.3413272	0.3
22640.584422570795	300	27.341109777032838	0.0	181901	1200.546965297265	1.4161304	-0.15000000000000002
22646.166272629376	1850	25.759259718449524	0.0	758197	5581.850058583313	1.4807613	0.30000000000000004
22656.862638635936	2850	19.06289371188931	0.0	1498470	10696.366006560214	1.5579939	1.85
22661.45043956041	1200	18.475092787417495	0.0	641447	4587.800924471812	1.514106	-0.44999999999999996
22662.634867882505	300	21.290664465321463	0.0	157421	1184.4283220960317	1.4780335	-0.6000000000000001
22663.96702228276	300	23.958510065065425	0.0	157488	1332.1544002560413	1.4284837	0.3
22670.816027157027	1850	21.1095051908004	0.0	885062	6849.0048742650215	1.4448313	0.30000000000000004
22674.903303431125	750	21.02222891670285	0.0	412837	4087.2762740975527	1.5325109	-0.3500000000000001
22676.571507785604	300	23.354024562223625	0.0	179328	1668.2043544792261	1.4230897	-0.15000000000000002
22679.004362378568	300	24.921169969261392	0.0	159914	2432.8545929622323	1.4478588	0.3
22681.443554162473	300	26.48197818535609	0.0	131610	2439.191783905298	1.4782238	0.3
22682.71307315031	300	29.21245919751761	0.0	124011	1269.5189878384808	1.4590179	0.3
22684.103298865422	300	31.82223348240423	0.0	144254	1390.2257151133801	1.5032498	0.3
22688.84700120482	1200	31.078531143007297	0.0	587506	4743.702339396933	1.5294653	0.29999999999999993
22691.109422910686	750	32.81610943714054	0.0	345516	2262.421705866757	1.6013906	0.3
22696.118795789873	1200	31.806736557955325	0.0	641452	5009.3728791852145	1.6009283	0.75
22701.922962334836	1200	30.002570012987643	0.0	599477	5804.166544967686	1.59702	1.2
22711.625173250795	1850	24.300359097032583	0.0	973972	9702.210915955058	1.582754	1.2000000000000002
22720.608232466377	1850	19.317299881448555	0.0	958994	8983.05921558403	1.5494688	1.85
22738.58880190352	2850	5.33673044430645	0.0	1483527	17980.569437142105	1.4982029	1.85
22744.043926498343	750	4.0	0.1183941505167968	331053	5455.124594823246	0.5086593	-1.8590948472222264
22745.296727009474	300	6.747199488867871	0.0	118421	1252.8005111321286	0.042509817	-0.15000000000000002

