19430.58055705531	750	4.0	4.799754461958953	450283	4799.754461958953	1.1349396	-19.888944186423497
19432.00254728309	300	6.578009772220171	0.0	155580	1421.9902277798294	0.503525	-0.15000000000000002
19433.204555972003	300	9.376001083309369	0.0	139857	1202.0086889108015	0.8029049	0.3
19439.028897889915	1200	7.5516591653970675	0.0	617681	5824.341917912302	0.91741514	0.29999999999999993
19446.729534742277	750	4.0	0.1489776869630041	411561	7700.636852360071	0.92674714	-0.3406040539409176
19449.871540176908	300	4.857994565367751	0.0	126289	3142.005434632248	0.44807702	-0.15000000000000002
19453.117439953494	300	5.612094788784019	0.0	153295	3245.8997765837325	0.33078486	0.3
19456.292360022962	300	6.437174719316655	0.0	173849	3174.9200694673646	0.33578897	0.3
19463.02299788464	1200	4.0	0.29346314236042964	584846	6730.637861677084	0.58305585	-0.9618915121498474
19465.020671542912	300	6.002326341724602	0.0	139105	1997.6736582753972	0.29184982	-0.6000000000000001
19466.82808506826	300	8.194912816379048	0.0	141840	1807.4135253455554	0.37375683	0.3
19473.664078396807	750	5.358919487831608	0.0	405134	6835.99332854744	0.7904355	0.3
19477.160044133205	300	5.862953751435069	0.0	160746	3495.9657363965403	0.1984264	-0.15000000000000002
19480.33187101205	300	6.6911268725887165	0.0	179801	3171.8268788463515	0.36417446	0.3
19483.426814223883	300	7.596183660759234	0.0	140051	3094.943211829482	0.4489656	0.3
19486.067206572076	300	8.955791312564855	0.0	138313	2640.3923481943784	0.57228124	0.3
19488.37266276073	300	10.650335123911853	0.0	143509	2305.4561886530023	0.8138021	0.3
19494.534013813376	750	8.4889840712636	0.0	372963	6161.351052648252	0.8806486	0.3
19497.201792479	300	9.821205405639054	0.0	165384	2667.7786656245457	0.80859506	-0.15000000000000002
19499.071705560804	300	11.951292323837365	0.0	140881	1869.9130818016893	0.84417117	0.3
19500.889502225393	300	14.133495659249508	0.0	157671	1817.7966645878553	0.94940895	0.3
19502.756259643353	300	16.26673824128776	0.0	157812	1866.757417961745	1.03307	0.3
19504.57926086666	300	18.443737017979593	0.0	163927	1823.0012233081693	1.1431391	0.3
19505.86833323007	300	21.154664654569096	0.0	137654	1289.0723634104997	1.2346543	0.3
19513.025421129914	1200	17.997576754724218	0.0	587236	7157.08789984488	1.329181	0.29999999999999993
19519.36117021604	1200	15.661827668597079	0.0	590335	6335.749086127138	1.3588398	1.2
19526.728027866593	1200	12.294970018046362	0.0	696376	7366.857650550717	1.2894711	1.2
19529.21088365298	750	13.812114231659805	0.0	277716	2482.855786386558	1.1926283	0.3
19543.41630494839	1850	4.0	0.3933070637492583	972798	14205.421295409064	1.2118524	-0.9412203741218106
19546.350848794023	300	5.065456154365856	0.0	149029	2934.5438456341435	0.15028974	-1.25
19548.47311602893	300	6.943188919459459	0.0	157421	2122.2672349063973	0.10081643	0.3
19553.677995161703	750	5.73830978669038	0.0	400322	5204.879132769079	0.38678405	0.3
19555.01765707332	300	8.39864787507375	0.0	143881	1339.6619116166291	0.062305134	-0.15000000000000002
19558.45277633735	750	8.963528611041635	0.0	412837	3435.119264032117	0.8060722	0.3
19560.36427865316	300	11.052026295232972	0.0	179328	1911.502315808663	0.87835944	-0.15000000000000002
19562.798752784554	300	12.61755216383741	0.0	159914	2434.4741313955637	0.9812044	0.3
19565.337944253886	300	14.078360694502408	0.0	131610	2539.191469335002	1.0802755	0.3
19567.21561374729	300	16.200691201104682	0.0	124011	1877.6694933977276	1.0598093	0.3
19572.108729354557	750	15.307575593835605	0.0	378327	4893.115607269076	1.1926702	0.3
19574.934341347267	300	16.48196360112681	0.0	149991	2825.611992708792	1.2342253	-0.15000000000000002
19577.67266563948	300	17.74363930891369	0.0	147968	2738.32429221312	1.2012173	0.3
19580.56456900927	300	18.85173593912364	0.0	161857	2891.90336979005	1.2226605	0.3
19585.98556164284	750	17.430743305552394	0.0	372093	5420.992633571246	1.2482406	0.3
19588.594508477312	300	18.82179647108201	0.0	172312	2608.946834470387	1.2667396	-0.15000000000000002
19593.321337855454	750	18.094967092939594	0.0	398987	4726.829378142416	1.2646363	0.3
19594.481870773277	300	20.93443417511754	0.0	160064	1160.532917822053	1.3284239	-0.15000000000000002
19595.466287478594	300	23.950017469805164	0.0	137507	984.4167053123771	1.447767	0.3
19599.192011967498	1200	24.22429298089859	0.0	550906	3725.7244889065746	1.5232046	0.29999999999999993

