4254.661949168017	750	4.0	9.971750996673139	450283	9971.75099667314	0.7162131	-42.1285292856945
4258.1455730772495	300	4.516376090767351	0.0	155580	3483.623909232648	0.07898274	-0.15000000000000002
4260.430571292797	300	6.23137787521933	0.0	139857	2284.998215548021	0.18666019	0.3
4262.231656978651	300	8.430292189365248	0.0	155432	1801.085685854082	0.4336958	0.3
4263.7185424255385	300	10.943406742477846	0.0	163442	1486.8854468874028	0.877527	0.3
4267.555615006773	1200	11.106334161243867	0.0	520315	3837.0725812339783	1.0330482	0.29999999999999993
4268.611505927952	300	14.050443240064922	0.0	153295	1055.8909211789453	1.2372681	-0.6000000000000001
4273.199079828621	1200	13.462869339396446	0.0	709534	4587.573900668476	1.1518775	0.29999999999999993
4276.7452637807355	1200	13.916685387281618	0.0	584846	3546.1839521148286	1.2898145	1.2
4278.859856672805	750	15.80209249521262	0.0	362795	2114.5928920689976	1.3315128	0.3
4279.679055525508	300	18.98289364250867	0.0	141840	819.198852703948	1.302947	-0.15000000000000002
4282.362432069029	750	20.299517098988552	0.0	405134	2683.376543520118	1.2730788	0.3
4286.769239956931	750	19.892709211086338	0.0	386351	4406.807887902214	1.3438056	0.75
4289.738952902976	750	20.922996265040716	0.0	434409	2969.7129460456226	1.2935499	0.75
4292.520301482721	750	22.1416476852961	0.0	337059	2781.348579744617	1.3555969	0.75
4298.969655097051	1200	19.692294070965588	0.0	587876	6449.353614330512	1.3498	0.75
4303.92327698745	1200	18.738672180566887	0.0	617242	4953.621890398704	1.3527008	1.2
4307.78159189109	750	18.88035727692685	0.0	372963	3858.3149036400337	1.380604	0.3
4310.485246714078	750	20.176702453939026	0.0	405596	2703.6548229878226	1.3027408	0.75
4317.224938712198	1200	17.437010455818832	0.0	586839	6739.691998120192	1.3638772	0.75
4327.080750731003	1200	11.581198437015045	0.0	601738	9855.812018803786	1.3189244	1.2
4330.453353285143	300	12.20859588287435	0.0	157812	3372.6025541406952	1.0791756	-0.6000000000000001
4332.3814560515975	300	14.2804931164197	0.0	163927	1928.10276645465	0.99104345	0.3
4338.79395845685	750	11.867990711166414	0.0	343800	6412.502405253285	1.1270308	0.3
4342.014039162408	300	12.647910005608287	0.0	146754	3220.080705558129	1.047775	-0.15000000000000002
4347.199742212932	1200	11.462206955085604	0.0	590335	5185.703050522682	1.0036001	0.29999999999999993
4350.172419604194	750	12.48952956382276	0.0	425781	2972.677391262843	1.2151978	0.3
4350.979287587724	300	15.682661580293573	0.0	111155	806.8679835291881	1.223129	-0.15000000000000002
4353.15158387486	750	17.51036529315776	0.0	400396	2172.2962871358104	1.2113727	0.3
4355.64135358768	750	19.02059558033799	0.0	400508	2489.7697128197688	1.3646073	0.75
4361.446819367122	1200	17.2151298008961	0.0	570392	5805.465779441888	1.367321	0.75
4362.913798883	300	19.748150285018543	0.0	157488	1466.9795158775598	1.3388053	-0.6000000000000001
4367.475338422002	1200	19.186610746015663	0.0	584349	4561.539539002879	1.2643148	0.29999999999999993
4368.784931922296	300	21.877017245722104	0.0	163444	1309.59350029356	1.4208151	-0.6000000000000001
4374.7011286517545	1200	19.96082051626302	0.0	690253	5916.196729459086	1.3259207	0.29999999999999993
4384.62728239286	1850	14.034666775157552	0.0	943942	9926.153741105467	1.4300046	1.2000000000000002
4386.420055126721	750	16.241894041296888	0.0	321064	1792.7727338606635	1.3130891	-0.3500000000000001
4388.8787876343995	1200	17.78316153361858	0.0	575591	2458.7325076783104	1.4073293	0.75
4392.872075454594	1850	17.789873713424722	0.0	908665	3993.287820193859	1.5521426	1.2000000000000002
4396.675277750927	1200	17.986671417091223	0.0	587506	3803.2022963334975	1.6318005	0.5499999999999999
4400.847345225505	1200	17.814603942513962	0.0	566904	4172.067474577265	1.4991603	1.2
4410.322368990079	1850	12.339580177939965	0.0	1025005	9475.023764573996	1.4880571	1.2000000000000002
4412.911958615097	750	13.749990552921084	0.0	372093	2589.589625018881	1.3216604	-0.3500000000000001
4417.883093751843	750	12.77885541617496	0.0	438281	4971.135136746122	1.3505112	0.75
4419.398339735219	300	15.26360943279837	0.0	167025	1515.2459833765895	1.2217772	-0.15000000000000002
4420.907784318666	300	17.754164849351458	0.0	160064	1509.444583446909	1.2835331	0.3
4442.912625217389	1850	4.0	4.250676049371966	830730	22004.840898723425	1.3543047	-17.977907012299454
4447.149759623188	300	4.0	0.23713440579908912	118421	4237.134405799089	0.054030046	-2.269677944936083

