14099.505568124725	750	4.0	1.464606764188326	450283	1464.606764188326	1.355936	-5.547809086009802
14100.039300062204	300	7.46626806252152	0.0	155580	533.7319374784803	0.8219584	-0.15000000000000002
14100.521933487555	300	10.983634637169663	0.0	139857	482.6334253518574	1.0265943	0.3
14102.590403300952	1200	12.915164823771855	0.0	617681	2068.46981339781	1.2368056	0.29999999999999993
14104.096431526232	750	15.409136598491404	0.0	411561	1506.0282252804507	1.4009318	0.3
14105.11216598713	750	18.393402137594187	0.0	318564	1015.7344608972152	1.430582	0.75
14106.24835350479	750	21.257214619934228	0.0	352642	1136.1875176599622	1.4656196	0.75
14106.893335488154	300	24.61223263657113	0.0	173849	644.9819833630978	1.47739	-0.15000000000000002
14109.59877280557	1850	25.906795319155112	0.0	852833	2705.437317416018	1.4665376	0.30000000000000004
14110.08432935837	300	29.42123876635649	0.0	139105	485.556552798625	1.5967891	-1.25
14111.213796493967	750	32.29177163075956	0.0	353220	1129.467135596925	1.5047772	0.3
14111.74855085977	300	35.75701726495595	0.0	156148	534.7543658036175	1.5657839	-0.15000000000000002
14113.79240727433	1200	37.71316085039571	0.0	624282	2043.8564145602352	1.5494255	0.29999999999999993
14114.645622143924	300	40.85994598080241	0.0	179801	853.2148695932977	1.605057	-0.6000000000000001
14119.41121073458	2850	40.094357390144296	0.0	1231445	4765.588590658116	1.5742278	0.30000000000000027
14122.238531847053	1850	41.26703627767098	0.0	923170	2827.3211124733143	1.6391305	0.8500000000000001
14125.505491885357	1850	42.0000762393682	0.0	966699	3266.9600383027814	1.6394893	1.85
14129.277744301637	1850	42.22782382308933	0.0	885714	3772.2524162788723	1.6369743	1.85
14136.066505945691	1850	39.43906217903384	0.0	987708	6788.761644055494	1.6319149	1.85
14141.695183388138	2850	37.81038473658741	0.0	1336050	5628.677442446429	1.6069449	1.85
14145.253784698338	1850	38.251783426387526	0.0	891604	3558.601310199882	1.6324441	0.8500000000000001
14151.927012194055	2850	35.578555930669474	0.0	1468126	6673.227495718058	1.6194677	1.85
14158.299298086455	2850	33.206270038271185	0.0	1505760	6372.285892398286	1.6340966	2.85
14162.119824594422	1850	33.385743530305795	0.0	874175	3820.526507965392	1.63644	0.8500000000000001
14163.692294684999	750	35.813273439728405	0.0	359903	1572.4700905773818	1.6116575	-0.3500000000000001
14166.003146499728	1200	37.502421624997915	0.0	590335	2310.851814730494	1.5928925	0.75
14168.781184884443	1200	38.72438324028189	0.0	696376	2778.038384716025	1.6207322	1.2
14169.97755568335	750	41.52801244137529	0.0	277716	1196.3707989065995	1.6365322	0.3
14171.515837307648	750	43.989730817077124	0.0	400396	1538.2816242981658	1.6160026	0.75
14173.78714485907	1200	45.71842326565509	0.0	641447	2271.3075514220354	1.6358006	0.75
14181.838852834453	4300	41.666715290271966	0.0	2113193	8051.707975383124	1.6647431	1.1999999999999997
14187.288271442287	2850	40.21729668243999	0.0	1497683	5449.418607831985	1.3305091	1.4000000000000001
14193.974678961102	2850	37.53088916362492	0.0	1358081	6686.407518815069	1.6093855	2.85
14200.405207408556	1850	35.10036071617109	0.0	1035329	6430.528447453829	1.6207671	0.8500000000000001
14205.664140605515	1850	33.84142751921074	0.0	1026056	5258.933196960354	1.6286502	1.85
14210.891807577864	1200	32.61376054686289	0.0	598727	5227.666972347846	1.6304018	0.5499999999999999
14214.58101004437	1200	32.92455808035586	0.0	487812	3689.20246650703	1.6099534	1.2
14226.873424207917	2850	24.63214391680927	0.0	1499009	12292.414163546586	1.6086954	1.2000000000000002
14232.386428624552	1850	23.11913950017421	0.0	908665	5513.004416635061	1.5757403	0.8500000000000001
14237.369302518444	1850	22.1362656062814	0.0	930577	4982.873893892813	1.5896065	1.85
14239.94305230276	750	23.56251582196524	0.0	345516	2573.749784316161	1.5970109	-0.3500000000000001
14240.957946406894	300	26.547621717832907	0.0	161857	1014.8941041323321	1.5496616	-0.15000000000000002
14246.544906434483	1850	24.960661690242986	0.0	886255	5586.960027589922	1.5670671	0.30000000000000004
14249.460866691832	750	26.044701432896115	0.0	438281	2915.96025734687	1.5787116	-0.3500000000000001
14253.258635082551	1200	26.246933042175865	0.0	630203	3797.768390720253	1.5637635	0.75
14260.615431316051	1200	22.890136808675845	0.0	638661	7356.796233500018	1.6217597	1.2
14266.8338330885	750	20.671735036227304	0.0	331053	6218.401772448543	1.5617949	0.3
14268.428291368062	300	23.077276756665537	0.0	118421	1594.4582795617648	1.4818699	-0.15000000000000002

