2395.71303389496	750	4.0	0.8872836624630916	450283	887.2836624630917	0.33142832	-3.065319748591294
2396.092817517962	300	7.620216376998051	0.0	155580	379.78362300194965	1.3092213	-0.15000000000000002
2397.2944637487153	1200	10.418570146244754	0.0	571051	1201.6462307532977	1.2671052	0.29999999999999993
2397.679787560982	300	14.033246333978216	0.0	155432	385.32381226653797	1.4660103	-0.6000000000000001
2398.5891086390225	750	17.1239252559375	0.0	411561	909.321078040715	1.3385867	0.3
2399.357796037058	750	20.355237857902054	0.0	318564	768.6873980354475	1.4518586	0.75
2399.790132244065	300	23.9229016508952	0.0	153295	432.33620700685856	1.4578502	-0.15000000000000002
2401.3967188763168	1200	26.316315018643426	0.0	709534	1606.5866322517732	1.3994294	0.29999999999999993
2402.628409784545	1200	29.08462411041503	0.0	584846	1231.6909082283933	1.5684832	1.2
2403.790433714627	1200	31.92260018033333	0.0	560821	1162.0239300817	1.5968673	1.2
2404.9889121920464	1200	34.724121702913486	0.0	607410	1198.4784774198483	1.6286571	1.2
2408.033491262256	2850	35.67954263270399	0.0	1519951	3044.5790702094932	1.6620057	1.2000000000000002
2411.239790715271	2850	36.47324317968926	0.0	1422919	3206.299453014723	1.0678518	2.85
2416.3588601192655	4300	35.354173775694534	0.0	2275376	5119.069403994728	1.0457861	2.8499999999999996
2421.1279614828777	4300	34.58507241208228	0.0	2005399	4769.101363612256	0.4590227	4.3
2426.663631874067	4300	33.049402020892806	0.0	2152483	5535.670391189478	0.4380135	4.3
2431.748830817673	4300	31.964203077287383	0.0	2289689	5085.19894360542	0.45163667	4.3
2454.2564010038454	4300	13.456632891114984	0.0	2059512	22507.5701861724	0.41033107	4.3
2457.0878901401356	1850	14.625143754824633	0.0	987708	2831.4891362903513	1.2775428	-0.6000000000000001
2459.601641853578	1850	16.111392041382256	0.0	923755	2513.7517134423756	1.5820094	1.85
2462.256531015083	1850	17.456502879876812	0.0	891604	2654.889161505444	1.6003629	1.85
2462.841766028906	300	20.87126786605385	0.0	157812	585.2350138229622	1.6031518	-1.25
2465.11994527796	1200	22.593088616999953	0.0	656471	2278.179249053895	1.3973141	0.29999999999999993
2467.4277946228044	1850	24.285239272155653	0.0	874175	2307.849344844301	1.5540341	1.2000000000000002
2468.4067374251554	750	27.306296469804607	0.0	359903	978.9428023510442	1.6691087	-0.3500000000000001
2469.5283998821824	750	30.184634012777543	0.0	379700	1121.6624570270635	1.5414648	0.75
2471.8190895787166	1200	31.89394431624341	0.0	696376	2290.6896965341343	1.5657014	0.75
2474.1485775284027	1850	33.56445636655721	0.0	758197	2329.487949686201	1.6634508	1.2000000000000002
2482.004767441721	2850	29.708266453238867	0.0	1498470	7856.1899133183415	1.6306559	1.85
2482.7472185329934	300	32.965815361966634	0.0	149029	742.4510912722309	1.5416119	-2.25
2485.9153437656196	1850	33.79769012934058	0.0	873429	3168.1252326260546	1.4785297	0.30000000000000004
2486.93957560135	750	36.773458293610155	0.0	400322	1024.2318357304225	1.5833361	-0.3500000000000001
2489.627796079863	1850	38.085237815097265	0.0	885062	2688.2204785128897	1.7009596	0.75
2492.023242047604	1200	39.6897918473558	0.0	670129	2395.4459677414643	1.3090585	0.5499999999999999
2496.178351232688	1850	39.53468266227211	0.0	1026056	4155.109185083686	1.6716691	1.2000000000000002
2503.009834859162	4300	36.70319903579856	0.0	2143948	6831.483626473549	1.2746611	1.8499999999999996
2508.8381438188608	4300	34.874890076099256	0.0	1919781	5828.308959699306	0.35336304	4.3
2512.4321430232203	2850	35.280890871739594	0.0	1499009	3593.9992043596612	0.34857705	1.4000000000000001
2517.16889112313	4300	34.54414277182979	0.0	2133870	4736.748099909804	0.41486683	2.8499999999999996
2522.0746835950526	4300	33.6383502999071	0.0	2146120	4905.792471922686	0.33262748	4.3
2527.0033428288084	4300	32.70969106615116	0.0	2108491	4928.65923375595	0.33303133	4.3
2531.9587074794977	4300	31.75432641546181	0.0	2184571	4955.3646506893465	0.3335257	4.3
2536.5969678734377	4300	31.116066021521906	0.0	2121928	4638.260393939906	0.3333198	4.3
2541.513157906406	4300	30.199875988553657	0.0	2219102	4916.190032968249	0.33265382	4.3
2546.1932002116228	4300	29.519833683336866	0.0	2124950	4680.042305216789	0.33324412	4.3
2552.9546900302716	4300	26.758343864688023	0.0	2246506	6761.489818648844	0.33238086	4.3
2557.0243229399803	4300	26.688710954979594	0.0	1961140	4069.632909708432	0.3515367	4.3
2561.547397826825	4300	26.165636068134713	0.0	2155012	4523.074886844879	0.3345299	4.3

