7081.231483988453	750	4.0	0.8872836624630916	450283	887.2836624630917	1.183755	-3.065319748591294
7081.611267611454	300	7.620216376998051	0.0	155580	379.78362300194965	0.9064598	-0.15000000000000002
7082.378247917886	750	10.853236070566433	0.0	350812	766.9803064316163	1.1406347	0.3
7082.765010089659	300	14.46647389879319	0.0	155432	386.76217177324446	1.355718	-0.15000000000000002
7083.166749855735	300	18.064734132716744	0.0	163442	401.73976607644454	1.3781223	0.3
7083.49671451523	300	21.734769473221704	0.0	126289	329.9646594950413	1.452543	0.3
7084.288818252607	750	24.94266573584601	0.0	352642	792.1037373756926	1.4685602	0.3
7086.69230458264	1850	26.539179405812884	0.0	1060487	2403.4863300331263	1.5287049	0.75
7087.07375166104	300	30.15773232741235	0.0	150710	381.447078400531	1.6235998	-1.25
7088.950386024482	1850	32.281097963969415	0.0	913888	1876.6343634429402	1.5251576	0.30000000000000004
7089.688349162838	750	35.543134825614246	0.0	353220	737.9631383551691	1.6455421	-0.3500000000000001
7091.459010431901	1850	37.77247355655056	0.0	917428	1770.6612690636834	1.6043234	0.75
7093.3682202599875	1850	39.86326372846409	0.0	946851	1909.2098280864768	1.6610522	1.85
7093.914912850386	300	43.31657113806662	0.0	179801	546.6925903974684	1.6616104	-1.25
7094.355681801708	300	46.87580218674494	0.0	140051	440.7689513216741	1.6138192	0.3
7095.791127392487	1200	49.44035659596508	0.0	587876	1435.4455907798606	1.6171899	0.29999999999999993
7096.573625501453	750	52.65785848699938	0.0	360831	782.4981089657019	1.6632534	0.3
7097.402543492455	750	55.82894049599756	0.0	372963	828.9179910018175	1.6777353	0.75
7099.675977548386	1850	57.5555064400664	0.0	987708	2273.434055931156	1.6727859	0.75
7102.760766903198	2850	58.47071708525543	0.0	1336050	3084.7893548109823	1.6531702	1.85
7107.5900051563385	4300	57.64147883211426	0.0	2039773	4829.238253141166	1.4534038	2.8499999999999996
7111.432206268885	2850	57.79927771956702	0.0	1468126	3842.201112547242	0.9692823	1.4000000000000001
7116.3956700412045	4300	56.83581394724743	0.0	2221506	4963.463772319591	1.4953308	2.8499999999999996
7123.424996851245	2850	53.806487137207185	0.0	1323990	7029.326810040242	0.8755676	1.4000000000000001
7137.084594094792	1850	44.146889893659754	0.0	897976	13659.59724354743	1.6009674	0.8500000000000001
7141.954425700996	1850	43.27705828745605	0.0	905935	4869.831606203701	1.5877848	1.85
7146.093902205441	2850	43.13758178301137	0.0	1547572	4139.476504444676	1.6218003	1.85
7147.581779174474	1200	45.64970481397848	0.0	487160	1487.876969032893	1.5682912	-0.44999999999999996
7152.303034286181	2850	44.92844970227102	0.0	1498470	4721.255111707464	1.6552149	1.2000000000000002
7154.793247449622	1850	46.43823653883104	0.0	975811	2490.2131634399775	1.5858458	0.8500000000000001
7158.825512797928	2850	46.40597119052436	0.0	1341201	4032.265348306684	1.633852	1.85
7162.7790870293375	1850	46.452396959114886	0.0	954453	3953.5742314094778	1.5401464	0.8500000000000001
7167.940874244235	1850	45.29060974421786	0.0	885062	5161.787214897026	1.641752	1.85
7173.074870740922	2850	44.15661324753012	0.0	1587293	5133.99649668774	1.6510291	1.85
7176.378883649766	1850	44.852600338686145	0.0	1026056	3304.012908843978	1.5640287	0.8500000000000001
7182.041622176161	2850	43.18986181229127	0.0	1439896	5662.7385263948745	1.6427482	1.85
7188.003137843428	4300	41.228346145024545	0.0	1919781	5961.515667266721	1.4842663	2.8499999999999996
7193.200722273263	2850	40.03076171518967	0.0	1499009	5197.584429834874	1.0479794	1.4000000000000001
7195.347290794907	1850	41.88419319354536	0.0	908665	2146.5685216443167	1.5034472	0.8500000000000001
7200.260134793716	4300	40.971349194735794	0.0	2146120	4912.843998809564	1.6048578	1.8499999999999996
7204.997756916958	4300	40.23372707149425	0.0	2108491	4737.622123241544	0.7699449	4.3
7210.081526969626	4300	39.14995701882649	0.0	2184571	5083.77005266776	0.787376	4.3
7214.923569490744	4300	38.3079144977086	0.0	2121928	4842.042521117885	0.8010701	4.3
7219.816102821996	4300	37.41538116645702	0.0	2219102	4892.533331251585	0.7997295	4.3
7224.611723338029	4300	36.61976065042293	0.0	2124950	4795.620516034082	0.75209165	4.3
7227.84938154835	2850	37.38210244010291	0.0	1483527	3237.6582103200185	0.770107	1.4000000000000001
7232.196687126892	4300	37.034796861560245	0.0	1961140	4347.3055785426695	1.2110977	2.8499999999999996
7238.882145547319	4300	34.34933844113388	0.0	2155012	6685.458420426365	0.72728217	4.3

