15902.780923065367	750	4.0	6.6911010369313795	450283	6691.10103693138	1.5394356	-28.021734458804932
15904.619985585672	300	6.160937479695716	0.0	155580	1839.0625203042848	0.39446634	-0.15000000000000002
15905.989007107011	300	8.791915958355675	0.0	139857	1369.0215213400395	0.7457807	0.3
15907.235766437003	300	11.545156628364916	0.0	155432	1246.7593299907599	0.86865586	0.3
15913.323600346162	1200	9.457322719206022	0.0	652874	6087.833909158892	0.9901713	0.29999999999999993
15921.88797414976	1200	4.892948915609046	0.0	520315	8564.373803596976	1.0608892	1.2
15926.35185011486	300	4.429072950510144	0.0	153295	4463.875965098901	0.5316485	-0.6000000000000001
15930.190101606784	300	4.5908214585852365	0.0	173849	3838.2514919249084	0.1781319	0.3
15935.359498351729	300	4.0	0.5785752863591288	150710	5169.396744944365	0.15470104	-2.187873731344254
15940.211004375182	300	4.0	0.8515060234540152	139105	4851.506023454015	0.08714947	-3.361475900852265
15944.299001608772	300	4.0	0.08799723359008976	141840	4087.9972335900898	0.0696878	-0.07838810443738597
15948.613720393372	300	4.0	0.31471878460000335	156148	4314.718784600003	0.029973036	-1.0532907737800143
15952.659312700182	300	4.0	0.04559230680963628	160746	4045.5923068096363	0.021676295	0.10395308071856399
15956.139057146402	300	4.520255553781037	0.0	179801	3479.7444462189637	0.023319088	0.3
15958.486097709814	300	6.173214990368964	0.0	140051	2347.040563412073	0.05252461	0.3
15960.851688242345	300	7.807624457839187	0.0	138313	2365.590532529777	0.2184759	0.3
15963.703370736694	300	8.955941963489629	0.0	143509	2851.6824943495576	0.5570275	0.3
15967.408002147227	300	9.251310552956035	0.0	150616	3704.6314105335946	0.75456774	0.3
15970.914172225699	300	9.745140474485275	0.0	165384	3506.170078470759	0.7613887	0.3
15972.061829796843	300	12.597482903340195	0.0	140881	1147.6575711450812	0.8140642	0.3
15973.169699425987	300	15.489613274195362	0.0	157671	1107.8696291448314	1.0089773	0.3
15975.692380635035	750	16.966932065149617	0.0	399894	2522.6812090457465	1.1895103	0.3
15978.298332218137	750	18.36098048204704	0.0	401853	2605.951583102575	1.3434618	0.75
15981.61012366381	1200	19.049189036375328	0.0	536667	3311.791445671715	1.393005	0.75
15982.660388759658	300	21.998923940526232	0.0	146754	1050.265095849092	1.471029	-0.6000000000000001
15985.324396482883	750	23.334916217301572	0.0	379700	2664.007723224664	1.4167812	0.3
15990.15540078592	1200	22.50391191426601	0.0	696376	4831.004303035564	1.4772317	0.75
15991.704574224965	750	24.9547384752194	0.0	277716	1549.1734390466077	1.5244926	0.3
15993.842468839819	750	26.816843860367246	0.0	400396	2137.894614852152	1.5193381	0.75
15996.355293027698	750	28.304019672486035	0.0	400508	2512.824187881212	1.537279	0.75
15998.628210158957	750	30.031102541227522	0.0	358218	2272.917131258512	1.5517848	0.75
16000.690561104278	750	31.968751595904784	0.0	400322	2062.350945322738	1.5612367	0.75
16003.779249759815	1200	32.88006294036802	0.0	584349	3088.688655536767	1.5750573	0.75
16007.20269207566	1200	33.45662062452396	0.0	670129	3423.4423158440595	1.6043054	1.2
16013.308457342298	1850	31.35085535788518	0.0	1026056	6105.765266638781	1.6199855	1.2000000000000002
16021.014740281154	1850	27.644572419028613	0.0	943942	7706.282938856564	1.6130582	1.85
16023.958741141107	750	28.70057155907643	0.0	321064	2944.0008599521843	1.5982717	-0.3500000000000001
16027.029401452046	1200	29.629911248137287	0.0	575591	3070.660310939145	1.5686193	0.75
16032.105171995576	1850	28.554140704606365	0.0	908665	5075.770543530921	1.6137176	1.2000000000000002
16034.367462155107	750	30.29185054507621	0.0	390680	2262.2901595301564	1.623828	-0.3500000000000001
16035.415062531916	300	33.24425016826752	0.0	147968	1047.600376808693	1.6096585	-0.15000000000000002
16042.674119269	1850	29.98519343118269	0.0	1025005	7259.05673708483	1.587714	0.30000000000000004
16055.470040787108	4300	21.189271913074865	0.0	2121928	12795.921518107823	1.6244113	1.8499999999999996
16064.856515743888	2850	15.802796956295442	0.0	1587250	9386.474956779424	1.6074735	1.4000000000000001
16076.371015439949	2850	8.28829726023491	0.0	1464921	11514.499696060533	1.5161419	2.85
16080.23165174906	1200	8.427660951123961	0.0	638661	3860.636309110947	1.3660667	-0.44999999999999996
16083.04526298339	750	9.614049716791756	0.0	331053	2813.611234332205	1.2604073	0.3
16085.39333823247	750	11.265974467712573	0.0	314107	2348.075249079184	1.1907363	0.75

