2893.497290070629	750	4.0	7.862962959107444	450283	7862.962959107444	1.4125096	-33.06074072416201
2895.0626191894844	300	6.434670881144126	0.0	155580	1565.3291188558746	0.34244922	-0.15000000000000002
2896.4653932047163	300	9.03189686591194	0.0	139857	1402.7740152321862	0.7669684	0.3
2902.79504423909	1200	6.702245831538366	0.0	617681	6329.6510343735745	0.8769063	0.29999999999999993
2906.4377237098543	300	7.059566360774201	0.0	163442	3642.6794707641648	0.8485512	-0.6000000000000001
2908.6995961257508	300	8.797693944877494	0.0	126289	2261.8724158967075	0.7914091	0.3
2910.0041469922235	300	11.49314307840498	0.0	153295	1304.5508664725135	0.8205642	0.3
2911.393994543903	300	14.103295526725491	0.0	173849	1389.8475516794888	0.97199357	0.3
2912.5968107107906	300	16.900479359837867	0.0	150710	1202.8161668876232	1.166062	0.3
2918.3367935387005	1200	15.160496531928263	0.0	560821	5739.982827909603	1.2589504	0.29999999999999993
2920.059352720482	300	17.437937350146647	0.0	141840	1722.559181781616	1.2993448	-0.6000000000000001
2925.9204247968746	1200	15.576865273753727	0.0	594078	5861.072076392921	1.2365634	0.29999999999999993
2929.461043257914	1200	16.036246812714378	0.0	624282	3540.618461039351	1.3183904	1.2
2932.684818717566	750	16.812471353062627	0.0	434409	3223.7754596517516	1.3939776	0.3
2935.267264514622	750	18.230025556006296	0.0	337059	2582.4457970563276	1.3795444	0.75
2936.5074248209135	300	20.989865249714946	0.0	138313	1240.1603062913514	1.3777527	-0.15000000000000002
2937.6697029315155	300	23.827587139112964	0.0	143509	1162.2781106019797	1.3474878	0.3
2938.7810986208647	300	26.716191449763645	0.0	150616	1111.3956893493212	1.4095469	0.3
2941.835480218344	1200	27.661809852284534	0.0	639204	3054.381597479111	1.4266866	0.29999999999999993
2944.1923450218674	1200	29.30494504876133	0.0	586839	2356.8648035232086	1.5671037	1.2
2948.085228097799	1850	29.41206197282985	0.0	891604	3892.883075931476	1.5850992	1.2000000000000002
2952.023818262441	1850	29.47347180818755	0.0	955231	3938.5901646423004	1.6026917	1.85
2953.5891217604926	750	31.90816831013577	0.0	401853	1565.3034980517807	1.6057898	-0.3500000000000001
2956.5665933920586	1200	32.93069667856961	0.0	536667	2977.471631566156	1.583713	0.75
2958.585520167446	750	34.91176990318265	0.0	359903	2018.9267753869633	1.594353	0.3
2966.9939692574694	2850	30.503320813159046	0.0	1480464	8408.449090023601	1.5734884	0.75
2974.170958699112	1200	27.32633137151641	0.0	696376	7176.989441642637	1.6046103	-0.44999999999999996
2986.148966463391	1850	19.34832360723748	0.0	758197	11978.007764278935	1.5378522	1.2000000000000002
2987.8021608169242	300	21.69512925370417	0.0	153605	1653.1943535333085	1.4557458	-1.25
2989.678489602823	300	23.81880046780565	0.0	149029	1876.3287858985177	1.3981134	0.3
2992.5370005505492	750	24.960289520079552	0.0	358218	2858.510947726098	1.4370165	0.3
2995.75033279756	1200	25.746957273068826	0.0	620283	3213.3322470107264	1.4739554	0.75
2997.949301763396	1200	27.547988307233016	0.0	584349	2198.9689658358116	1.551508	1.2
2999.8458385523495	750	29.651451518279316	0.0	412837	1896.536788953702	1.5862662	0.3
3001.3099897343573	300	32.18730033627167	0.0	179328	1464.151182007646	1.5816013	-0.15000000000000002
3002.4904517835594	300	35.00683828706957	0.0	159914	1180.4620492020988	1.5792608	0.3
3003.9805625263325	750	37.516727544296394	0.0	321064	1490.110742773175	1.5876112	0.3
3012.0848760891013	1850	33.41241398152773	0.0	938587	8104.313562768667	1.62555	0.75
3018.078503890989	1850	31.418786179640083	0.0	908665	5993.6278018876465	1.6110059	1.85
3022.5959471565034	1200	30.901342914125667	0.0	587506	4517.443265514416	1.625036	0.5499999999999999
3025.7858680139584	750	31.711422056670592	0.0	345516	3189.9208574550753	1.6105739	0.3
3028.357352003369	750	33.139938067259926	0.0	384505	2571.483989410661	1.5969403	0.75
3032.9730255590903	1200	32.52426451153889	0.0	599477	4615.673555721042	1.6190835	0.75
3037.3954516489657	1200	32.10183842166314	0.0	634861	4422.426089875751	1.602778	1.2
3040.917372769092	750	32.57991730153745	0.0	398987	3521.9211201256894	1.6110431	0.3
3046.0233236561157	750	31.47396641451334	0.0	393804	5105.950887024104	1.6154847	0.75
3049.1115932344587	1200	32.38569683617016	0.0	538612	3088.2695783431795	1.6079907	0.75
3055.4508144835672	2850	30.046475587062172	0.0	1364537	6339.221249107986	1.6461776	1.2000000000000002

