7604.549053227079	750	4.0	4.851455205977005	450283	4851.455205977005	1.0216777	-20.11125738570112
7606.752718106783	300	5.796335120296149	0.0	155580	2203.664879703851	0.50011617	-0.15000000000000002
7612.294369370536	750	4.254683856543219	0.0	350812	5541.65126375293	0.72209144	0.3
7614.811993674882	300	5.737059552197051	0.0	155432	2517.624304346168	0.43449205	-0.15000000000000002
7622.614449503093	750	4.0	2.0653962760139364	411561	7802.455828210987	0.5537034	-8.581203986859926
7623.750361871628	300	6.864087631464736	0.0	126289	1135.9123685352642	0.29756454	-0.15000000000000002
7625.093441434273	300	9.521008068819905	0.0	153295	1343.0795626448314	0.7550552	0.3
7629.101062093827	750	9.513387409265068	0.0	437162	4007.620659554837	0.9151251	0.3
7631.090570731978	300	11.523878771114461	0.0	150710	1989.5086381506064	0.96784747	-0.15000000000000002
7642.050780034102	1200	4.563669468991083	0.0	560821	10960.209302123378	1.0067983	0.29999999999999993
7645.25347832544	300	5.360971177653	0.0	141840	3202.698291338083	0.20650625	-0.6000000000000001
7647.776092522306	300	6.838356980786939	0.0	156148	2522.614196866062	0.2915011	0.3
7650.066506100227	300	8.547943402865704	0.0	160746	2290.413577921236	0.67730826	0.3
7653.102047019915	300	9.512402483178427	0.0	179801	3035.540919687276	0.7946864	0.3
7658.8318189622805	1200	7.782630540812091	0.0	526950	5729.771942366335	0.88236576	0.29999999999999993
7660.115872931739	300	10.49857657135346	0.0	138313	1284.0539694586303	0.8625809	-0.6000000000000001
7661.460319877353	300	13.154129625740465	0.0	143509	1344.4469456129946	0.9251394	0.3
7668.045852056653	1200	10.568597446440705	0.0	581493	6585.532179299759	1.0738547	0.29999999999999993
7669.878649130206	300	12.735800372886644	0.0	165384	1832.7970735540603	1.0608276	-0.6000000000000001
7673.074082788599	750	13.540366714493919	0.0	350713	3195.4336583927256	1.0539715	0.3
7674.308152595533	300	16.306296907560277	0.0	157671	1234.0698069336422	1.1744153	-0.15000000000000002
7677.567910553259	1200	17.046538949834233	0.0	616206	3259.7579577260444	1.2330585	0.29999999999999993
7678.566084149314	300	20.04836535377962	0.0	163927	998.1735960546131	1.4589137	-0.6000000000000001
7681.211781297654	750	21.402668205438456	0.0	343800	2645.6971483411653	1.398852	0.3
7682.723539306706	300	23.890910196386653	0.0	146754	1511.7580090518006	1.4434017	-0.15000000000000002
7686.672635786685	750	23.941813716408586	0.0	379700	3949.096479978068	1.4169464	0.3
7689.646218157519	300	24.968231345574583	0.0	181901	2973.5823708340013	1.4365915	-0.15000000000000002
7693.524979781919	750	25.08946972117397	0.0	277716	3878.761624400612	1.4154457	0.3
7695.157742277672	300	27.456707225421383	0.0	153605	1632.7624957525863	1.4468536	-0.15000000000000002
7706.130134692675	1200	20.484314810418788	0.0	641447	10972.392415002594	1.4442503	0.29999999999999993
7709.294129723667	750	21.320319779426924	0.0	358218	3163.9950309918613	1.3615766	0.3
7712.080207822708	750	22.534241680384774	0.0	400322	2786.0780990421513	1.4148321	0.75
7713.124696332166	300	25.489753170927507	0.0	143881	1044.488509457269	1.4766973	-0.15000000000000002
7715.409479431334	750	27.20497007175996	0.0	412837	2284.7830991675464	1.4530178	0.3
7716.401281693558	300	30.213167809535623	0.0	179328	991.8022622243375	1.5392116	-0.15000000000000002
7718.968150279751	1200	31.646299223342957	0.0	598727	2566.8685861926638	1.5434474	0.29999999999999993
7724.393348586399	1200	30.22110091669522	0.0	487812	5425.198306647735	1.6150565	1.2
7740.664879909413	1850	17.949569593681677	0.0	938587	16271.531323013542	1.605813	1.2000000000000002
7742.0931797350295	300	20.521269768065945	0.0	144254	1428.2998256157348	1.4049153	-1.25
7743.413258123144	300	23.201191379950945	0.0	149991	1320.0783881149996	1.4383923	0.3
7744.605727504484	300	26.008721998610877	0.0	147968	1192.4693813400715	1.5085154	0.3
7745.98393762189	300	28.630511881205983	0.0	161857	1378.2101174048926	1.5046318	0.3
7747.567061819142	300	31.047387683954295	0.0	145210	1583.1241972516925	1.5389162	0.3
7749.726640469817	300	32.88780903327985	0.0	172312	2159.5786506744416	1.5189819	0.3
7756.349602148898	750	30.264847354198537	0.0	398987	6622.961679081316	1.5371855	0.3
7773.863153776474	1850	16.75129572662262	0.0	982064	17513.55162757592	1.571937	0.75
7779.050575680083	1200	15.563873823013852	0.0	538612	5187.421903608768	1.3468446	0.5499999999999999
7782.184524390123	750	16.429925112972647	0.0	314107	3133.9487100412057	1.4027498	0.3

