16978.850062338304	750	4.0	2.2982937896467757	450283	2298.2937896467756	1.2103665	-9.132663295481136
16980.904257722927	750	5.94580461537696	0.0	398865	2054.19538462304	0.72957736	0.75
16981.5076180973	300	9.342444241000914	0.0	139857	603.360374376046	0.9062022	-0.15000000000000002
16983.78029882016	1200	11.069763518144235	0.0	617681	2272.6807228566795	1.0695581	0.29999999999999993
16985.386814926198	750	13.46324741210049	0.0	411561	1606.5161060437454	1.3265735	0.3
16986.53551495062	750	16.314547387677834	0.0	318564	1148.7000244226572	1.3647436	0.75
16987.08875883915	300	19.76130349915146	0.0	153295	553.243888526375	1.4306812	-0.15000000000000002
16987.68330878398	300	23.16675355431946	0.0	173849	594.5499448319978	1.4018393	0.3
16988.852782000817	750	25.997280337484998	0.0	374758	1169.4732168344617	1.4599024	0.3
16989.353937083397	300	29.49612525490563	0.0	139105	501.1550825793671	1.5306417	-0.15000000000000002
16990.484460987394	750	32.36560135091026	0.0	353220	1130.5239039953688	1.5065758	0.3
16991.036289783875	300	35.81377255442823	0.0	156148	551.8287964820215	1.5654838	-0.15000000000000002
16994.06285816096	1850	36.78720417734388	0.0	946851	3026.5683770843502	1.549838	0.30000000000000004
16996.549189765658	1200	38.30087257264551	0.0	687371	2486.3316046983728	1.6212786	0.5499999999999999
16999.872255593415	1850	38.97780674488785	0.0	821631	3323.0658277576576	1.6161728	1.2000000000000002
17006.4935772604	2850	36.3564850779033	0.0	1471065	6621.321666984553	1.6246538	1.85
17011.01568656955	2850	35.8343757687559	0.0	1491626	4522.109309147401	1.6315018	2.85
17017.65625979555	4300	33.1938025427545	0.0	2059512	6640.573226001397	1.6441141	2.8499999999999996
17022.609010171192	2850	32.24105216711294	0.0	1537156	4952.750375641556	1.558043	1.4000000000000001
17027.381184731854	2850	31.468877606455695	0.0	1336050	4772.174560657249	1.6434124	2.85
17028.220064856992	300	34.62999748131675	0.0	157671	838.8801251389459	1.6420245	-2.25
17029.838252106205	750	37.01181023210417	0.0	399894	1618.1872492125858	1.5417523	0.3
17032.599212024365	1200	38.250850313943516	0.0	656471	2760.959918160643	1.5882548	0.75
17034.394906770296	1200	40.45515556801258	0.0	536667	1795.694745930937	1.6254349	1.2
17037.33694386602	1850	41.51311847229188	0.0	897976	2942.0370957207074	1.630857	1.2000000000000002
17037.925853924513	300	44.92420841379656	0.0	153938	588.9100584953134	1.6474484	-1.25
17043.21900364996	2850	43.63105868834742	0.0	1547572	5293.149725449142	1.6199175	0.30000000000000027
17044.82051841154	1200	46.02954392676951	0.0	487160	1601.514761577913	1.5975187	-0.44999999999999996
17047.104577063255	1200	47.745485275053305	0.0	622896	2284.0586517162046	1.6542821	1.2
17049.282802792488	1200	49.56725954581961	0.0	641447	2178.2257292336963	1.6502509	1.2
17050.44623518638	750	52.40382715193115	0.0	358218	1163.4323938884656	1.6698543	0.3
17056.347938366493	2850	50.50212397181778	0.0	1497683	5901.70318011336	1.6724998	0.75
17063.62583989881	4300	47.22422243949899	0.0	2191074	7277.90153231879	1.5405068	2.8499999999999996
17067.916949824685	1850	46.93311251362462	0.0	1035329	4291.109925874368	1.1992034	-0.6000000000000001
17071.05433989756	1200	47.79572244074669	0.0	690253	3137.390072877932	1.63257	0.5499999999999999
17072.746063698552	750	50.10399863975734	0.0	365161	1691.723800989339	1.6598737	0.3
17074.14511071988	750	52.70495161842642	0.0	321064	1399.04702133092	1.6857297	0.75
17078.665949182705	1850	52.184113155604095	0.0	938587	4520.838462822332	1.671972	0.75
17082.051073837214	1200	52.798988501094016	0.0	605884	3385.1246545100803	1.6154088	0.5499999999999999
17087.255263943953	1850	51.59479839435604	0.0	930577	5204.190106737976	1.6517829	1.2000000000000002
17091.378268783494	1200	51.471793554814504	0.0	566904	4123.004839541536	1.5824809	0.5499999999999999
17096.22056634593	750	50.62949599238072	0.0	384505	4842.297562433783	1.6494001	0.3
17102.494070624154	1200	48.35599171415627	0.0	599477	6273.504278224449	1.6584961	0.75
17115.4691182917	1850	39.38094404660927	0.0	973972	12975.047667546996	1.6332259	1.2000000000000002
17117.249303615492	300	41.60075872282086	0.0	167025	1780.1853237884038	1.5867999	-1.25
17137.50183287452	2850	25.3482294637893	0.0	1483527	20252.529259031566	1.6289841	0.30000000000000027
17140.227010612038	750	26.62305172627281	0.0	331053	2725.1777375164893	1.490906	-1.35
17141.02115323306	300	29.828909105245575	0.0	118421	794.1426210272318	1.5733894	-0.15000000000000002

