2037.2881632583342	750	4.0	3.5388403668140223	450283	3538.840366814022	0.8014093	-14.467013577300294
2040.872432626342	750	4.415730631991942	0.0	398865	3584.269368008057	0.7449981	0.75
2042.072462075527	300	7.215701182807061	0.0	139857	1200.029449184882	0.6957327	-0.15000000000000002
2043.8726178081886	300	9.415545450145604	0.0	155432	1800.1557326614554	0.958191	0.3
2045.7486615942184	300	11.539501664115882	0.0	163442	1876.043786029723	0.9882941	0.3
2049.0703497732275	750	12.217813485106706	0.0	318564	3321.688179009175	1.0568362	0.3
2050.813727003169	300	14.474436255165058	0.0	153295	1743.3772299416491	1.1656924	-0.15000000000000002
2052.460472895003	300	16.827690363331044	0.0	173849	1646.7458918340128	1.1318805	0.3
2053.936648652694	300	19.351514605639583	0.0	150710	1476.1757576914604	1.184587	0.3
2057.959094288842	750	19.329068969491722	0.0	362795	4022.4456361478565	1.2215889	0.3
2061.452404091686	750	19.83575916664827	0.0	353220	3493.3098028434565	1.2861582	0.75
2062.596994514536	300	22.691168743797657	0.0	156148	1144.590422850613	1.3034077	-0.15000000000000002
2067.2824636401792	1200	22.005699618154726	0.0	624282	4685.469125642933	1.292156	0.29999999999999993
2071.0591444224247	750	22.229018835909248	0.0	434409	3776.6807822454807	1.4152812	0.3
2074.5168228497896	750	22.771340408544656	0.0	337059	3457.67842736459	1.3449204	0.75
2078.1484271488175	750	23.139736109516495	0.0	366214	3631.6042990281585	1.342625	0.75
2083.3805223816157	1200	21.907640876718425	0.0	617242	5232.09523279807	1.3496466	0.75
2085.8494000435617	750	23.438763214772365	0.0	372963	2468.8776619460605	1.4114258	0.3
2088.326917532129	750	24.961245726205252	0.0	405596	2477.517488567111	1.3946197	0.75
2091.8735115248965	1200	25.414651733437292	0.0	586839	3546.593992767963	1.4183826	0.75
2097.422586699513	1850	23.86557655882124	0.0	891604	5549.075174616051	1.4839472	1.2000000000000002
2101.582824773581	1200	23.705338484753106	0.0	616206	4160.238074068131	1.5411936	0.5499999999999999
2103.7040578971764	750	25.584105361157125	0.0	401853	2121.233123595978	1.4603598	0.3
2110.393902376128	1850	22.89426088220513	0.0	874175	6689.844478951997	1.4483492	0.75
2113.8837314447364	750	23.404431813597125	0.0	359903	3489.829068608005	1.5049955	-0.3500000000000001
2117.4508471252566	750	23.837316133077394	0.0	379700	3567.115680519732	1.3744086	0.75
2132.744497390326	1850	12.543665868007839	0.0	1076599	15293.650265069557	1.382883	0.75
2136.5956383605544	750	12.692524897779483	0.0	277716	3851.140970228354	1.119872	-0.3500000000000001
2144.9680973921295	1200	8.320065866204171	0.0	622896	8372.459031575312	1.1352123	0.75
2149.1417585030476	750	8.14640475528612	0.0	400508	4173.66111091805	0.9962351	0.3
2154.481485118893	750	6.8066781394409155	0.0	358218	5339.726615845206	0.9522832	0.75
2156.9333758058565	300	8.35478745247745	0.0	157488	2451.890686963466	0.5616925	-0.15000000000000002
2159.1390304104507	300	10.149132847883168	0.0	143881	2205.654604594281	0.664739	0.3
2164.6823518798656	750	8.605811378468422	0.0	412837	5543.321469414745	0.9226569	0.3
2166.1117005333967	300	11.1764627249371	0.0	179328	1429.3486535313243	0.77395564	-0.15000000000000002
2167.400563745696	300	13.887599512637493	0.0	159914	1288.863212299606	1.0515845	0.3
2168.454474395444	300	16.833688862890128	0.0	131610	1053.910649747365	1.1688559	0.3
2169.398983200066	300	19.889180058267748	0.0	124011	944.5088046223843	1.2495042	0.3
2170.427228909139	300	22.860934349195144	0.0	144254	1028.2457090726002	1.3207383	0.3
2174.3085541119576	1200	22.97960914637677	0.0	587506	3881.3252028183756	1.382263	0.29999999999999993
2176.783446945465	750	24.504716312869242	0.0	345516	2474.892833507529	1.5576702	0.3
2179.376584041422	750	25.911579216912376	0.0	384505	2593.1370959568676	1.5058415	0.75
2183.3694000091746	1200	25.9187632491602	0.0	599477	3992.8159677521726	1.5479592	0.75
2191.6685481316185	1850	21.61961512671596	0.0	973972	8299.148122444245	1.6374207	1.2000000000000002
2198.9592301841867	1850	18.328933074148036	0.0	958994	7290.682052567923	1.5846752	1.85
2204.4989340919146	1850	16.789229166420245	0.0	982064	5539.7039077277905	1.5778531	1.85
2211.723149030348	2850	13.565014227987053	0.0	1231456	7224.214938433193	1.6362897	1.85
2229.1398908132037	4300	4.0	3.851727554868696	2155012	17416.741782855748	1.6006577	-13.71242848593539

