13185.429889143868	750	4.0	3.998697299309292	450283	3998.697299309292	1.5753149	-16.444398387029956
13189.010222058598	750	4.419667085270441	0.0	398865	3580.332914729559	0.56262344	0.75
13191.6025932082	750	5.8272959356697775	0.0	350812	2592.371149600663	0.6990032	0.75
13193.67000659792	300	7.759882545949117	0.0	155432	2067.4133897206602	0.8267759	-0.15000000000000002
13203.703394509235	750	4.0	2.2735053653668755	411561	10033.387911315993	0.8348766	-9.476073071077563
13208.994434219792	750	4.0	1.2910397105577567	318564	5291.039710557757	0.28244865	-4.801470755398354
13211.016065142117	300	5.978369077674594	0.0	153295	2021.6309223254066	0.26944292	-0.15000000000000002
13213.554550306424	300	7.4398839133668035	0.0	173849	2538.48516430779	0.571193	0.3
13215.664492550983	300	9.329941668808464	0.0	150710	2109.942244558339	0.7304957	0.3
13219.868421448886	750	9.126012770905076	0.0	362795	4203.928897903388	0.87998044	0.3
13221.955882602422	300	11.03855161736935	0.0	141840	2087.4611535357253	0.9042902	-0.15000000000000002
13223.86958714992	300	13.124847069870448	0.0	156148	1913.7045474989034	0.9164649	0.3
13230.045459043766	1200	10.948975176025167	0.0	624282	6175.871893845281	1.0237404	0.29999999999999993
13239.778337652113	1850	5.216096567676865	0.0	1036454	9732.878608348303	1.0781102	1.2000000000000002
13243.492524567424	750	5.5019096523662245	0.0	337059	3714.18691531064	0.8509931	-0.3500000000000001
13247.462872289283	750	5.53156193050719	0.0	366214	3970.347721859034	0.5799373	0.75
13248.796043703267	300	8.19839051652316	0.0	143509	1333.1714139840294	0.4268981	-0.15000000000000002
13252.983680977839	750	8.010753241951976	0.0	372963	4187.637274571184	0.84838593	0.3
13255.09530250887	300	9.899131710920184	0.0	165384	2111.621531031792	0.87956864	-0.15000000000000002
13261.247667453019	750	7.746766766770811	0.0	350713	6152.3649441493735	0.8946409	0.3
13264.40363043827	300	8.590803781519762	0.0	157671	3155.9629852510484	0.7761502	-0.15000000000000002
13267.242988696154	300	9.751445523635459	0.0	157812	2839.358257884304	0.7470883	0.3
13269.697489354468	300	11.296944865320599	0.0	163927	2454.5006583148597	0.8708959	0.3
13273.540796058547	750	11.453638161243562	0.0	343800	3843.3067040770366	0.9244079	0.3
13282.641224317684	1200	6.353209902107281	0.0	587236	9100.42825913628	1.0340014	0.75
13284.290410639345	300	8.704023580445423	0.0	153938	1649.186321661859	0.45510086	-0.6000000000000001
13286.409292759692	300	10.585141460098974	0.0	181901	2118.8821203464495	0.8084846	0.3
13291.684793007287	1200	9.309641212503681	0.0	487160	5275.5002475952915	0.93219846	0.29999999999999993
13293.122673207745	300	11.871761012046031	0.0	153605	1437.8802004576512	0.9912763	-0.6000000000000001
13296.886883047271	750	12.107551172519758	0.0	400508	3764.2098395262733	1.0153753	0.3
13299.848631014534	750	13.14580320525694	0.0	358218	2961.747967262817	1.093417	0.75
13302.207092438226	300	14.787341781564837	0.0	157488	2358.461423692103	1.183784	-0.15000000000000002
13304.139268953595	300	16.85516526619537	0.0	143881	1932.176515369468	1.1687374	0.3
13310.183134616489	750	14.811299603301503	0.0	412837	6043.865662893868	1.1982155	0.3
13311.685889606259	300	17.30854461353304	0.0	179328	1502.75498976846	1.1760266	-0.15000000000000002
13314.436151944321	750	18.558282275469796	0.0	365161	2750.262338063246	1.298691	0.3
13316.835065447563	750	20.159368772227005	0.0	321064	2398.913503242793	1.4396197	0.75
13317.742565874814	300	23.251868344974458	0.0	124011	907.5004272525487	1.46312	-0.15000000000000002
13323.748331117402	1850	21.246103102386837	0.0	908665	6005.765242587619	1.4866394	0.30000000000000004
13331.072148367151	1850	17.9222858526376	0.0	930577	7323.81724974924	1.5529786	1.85
13335.659187202307	1200	17.335247017483432	0.0	566904	4587.03883515417	1.5086032	0.5499999999999999
13338.636804521746	750	18.357629698043915	0.0	384505	2977.617319439514	1.4924862	0.3
13346.351533440971	1850	14.642900778816685	0.0	886255	7714.728919227228	1.4755661	0.75
13347.670843593705	300	17.3235906260829	0.0	172312	1319.3101527337858	1.4641473	-1.25
13350.526788846093	750	18.467645373696147	0.0	398987	2855.9452523867517	1.4071146	0.3
13357.569039071108	1850	15.425395148681947	0.0	982064	7042.250225014203	1.4691695	0.75
13365.91116996901	1850	11.08326425077986	0.0	830730	8342.130897902085	1.5081921	1.85
13379.44344395176	1850	4.0	2.4490097319715205	846370	13532.273982751381	1.3859594	-8.680741847477538

