7790.399791100028	750	4.0	8.215266709904062	450283	8215.266709904063	1.3712662	-34.57564685258747
7793.428852946449	300	4.97093815357864	0.0	155580	3029.0618464213608	0.32872686	-0.15000000000000002
7795.882519728316	300	6.517271371711869	0.0	139857	2453.6667818667706	0.49605146	0.3
7800.839501781917	750	5.560289318111487	0.0	382355	4956.982053600382	0.7075878	0.3
7802.524483279516	300	7.875307820512107	0.0	163442	1684.9814975993809	0.5008793	-0.15000000000000002
7803.655837310972	300	10.743953789056471	0.0	126289	1131.3540314556362	0.8414714	0.3
7805.061080557759	300	13.338710542268984	0.0	153295	1405.2432467874871	0.9405233	0.3
7811.154049768313	1200	11.245741331715369	0.0	709534	6092.969210553615	1.049796	0.29999999999999993
7812.64551737644	300	13.754273723588263	0.0	150710	1491.4676081271066	1.1693658	-0.6000000000000001
7819.043268985385	1200	11.356522114642388	0.0	560821	6397.751608945875	1.1156104	0.29999999999999993
7820.399161193665	300	14.000629906362382	0.0	141840	1355.892208280006	1.1411307	-0.6000000000000001
7823.643601006701	750	14.756190093326596	0.0	405134	3244.4398130357863	1.1308568	0.3
7830.581150260587	1200	11.818640839440697	0.0	624282	6937.5492538859	1.2803754	0.75
7832.66404592572	300	13.735745174306933	0.0	179801	2082.895665133764	1.147535	-0.6000000000000001
7836.830470313219	1200	13.569320786807577	0.0	526950	4166.424387499355	1.1370131	0.29999999999999993
7837.971548145464	300	16.428242954562986	0.0	138313	1141.0778322445894	1.300872	-0.6000000000000001
7844.115389792302	1200	14.284401307724398	0.0	617242	6143.841646838588	1.2389361	0.29999999999999993
7852.129065470997	1850	10.270725629029439	0.0	885714	8013.675678694958	1.3259987	1.2000000000000002
7856.092256531976	750	10.307534568050064	0.0	405596	3963.191060979374	1.2048042	-0.3500000000000001
7859.426744740239	750	10.973046359787189	0.0	350713	3334.4882082628756	1.0687342	0.75
7870.790978098268	1850	4.0	0.39118699824178477	891604	11364.233358028974	1.0854138	-0.9321040924396744
7873.0385181792535	300	5.752459919014793	0.0	157812	2247.5400809852067	0.23770706	-1.25
7875.21707489649	300	7.573903201778241	0.0	163927	2178.5567172365513	0.37557843	0.3
7876.419391808936	300	10.371586289333257	0.0	137654	1202.316912444986	0.64409393	0.3
7881.409650178409	1200	9.381327919859597	0.0	587236	4990.258369473659	0.91596115	0.29999999999999993
7884.673054691434	750	10.117923406835171	0.0	379700	3263.4045130244267	1.0908787	0.3
7886.469109915794	300	12.321868182474068	0.0	181901	1796.0552243611012	1.003247	-0.15000000000000002
7887.630751376962	300	15.160226721307856	0.0	111155	1161.6414611662133	1.0816214	0.3
7889.258728698055	300	17.53224940021375	0.0	153605	1627.9773210941057	1.1769112	0.3
7890.832298146733	300	19.95867995153598	0.0	149029	1573.5694486777682	1.2668706	0.3
7898.625931490342	1850	16.165046607926485	0.0	873429	7793.633343609497	1.3446555	0.30000000000000004
7907.535784252593	1850	11.255193845676178	0.0	954453	8909.852762250306	1.4220343	1.85
7913.725225498624	1200	9.065752599644654	0.0	584349	6189.441246031526	1.2872165	0.5499999999999999
7915.681415190023	300	11.109562908246449	0.0	163444	1956.1896913982039	1.0637821	-0.6000000000000001
7922.491118016402	1200	8.299860081867752	0.0	690253	6809.702826378696	0.9961856	0.29999999999999993
7926.878148216422	750	7.9128298818467355	0.0	365161	4387.030200021018	0.9968584	0.3
7933.134087044831	750	5.65689105343768	0.0	321064	6255.9388284090555	0.850279	0.75
7934.19913277642	300	8.591845321849167	0.0	124011	1065.0457315885133	0.12616885	-0.15000000000000002
7935.56026378809	300	11.230714310178938	0.0	144254	1361.13101167023	0.664309	0.3
7937.356088202168	300	13.43488989610039	0.0	149991	1795.824414078547	1.0479286	0.3
7939.304714474564	300	15.486263623703788	0.0	147968	1948.6262723966038	1.1106324	0.3
7943.194369323644	750	15.596608774623864	0.0	384505	3889.654849079926	1.1807826	0.3
7947.682374207541	750	15.108603890726899	0.0	372093	4488.004883896963	1.2954737	0.75
7954.922955443611	1200	11.868022654658146	0.0	634861	7240.581236068753	1.2616671	0.75
7959.526501926199	1200	11.264476172070282	0.0	630203	4603.546482587865	1.2089684	1.2
7964.3769717587	1200	10.41400633956891	0.0	638661	4850.4698325013715	1.253486	1.2
7972.559447354682	1850	6.23153074358707	0.0	830730	8182.47559598184	1.2561975	1.2000000000000002
7974.325873990721	300	8.465104107547777	0.0	118421	1766.4266360392926	0.8713692	-1.25

