18776.204628575586	750	4.0	3.445995646227827	450283	3445.9956462278274	1.2281826	-14.067781278779655
18777.274516418016	300	6.930112157568032	0.0	155580	1069.8878424319682	0.7665971	-0.15000000000000002
18778.20957285808	300	9.995055717503444	0.0	139857	935.0564400645883	1.0231427	0.3
18779.308166024588	300	12.896462550995453	0.0	155432	1098.5931665079925	1.11699	0.3
18789.91563723467	1200	6.288991340913668	0.0	652874	10607.471210081785	1.1827428	0.29999999999999993
18793.163623281016	300	7.041005294564702	0.0	126289	3247.9860463489654	0.6051072	-0.6000000000000001
18797.150812388383	300	7.053816187199412	0.0	153295	3987.1891073652905	0.4989332	0.3
18800.672779216085	300	7.531849359497368	0.0	173849	3521.9668277020437	0.42776042	0.3
18803.4368051029	300	8.767823472681624	0.0	150710	2764.0258868157457	0.48592198	0.3
18810.258179813143	750	5.946448762439696	0.0	362795	6821.3747102419275	0.7471031	0.3
18812.740045720337	300	7.46458285524788	0.0	141840	2481.865907191815	0.34071115	-0.15000000000000002
18815.857819622073	300	8.346808953508093	0.0	156148	3117.773901739787	0.51290053	0.3
18818.458122598484	300	9.746505977096941	0.0	160746	2600.3029764111507	0.53586197	0.3
18822.221648822277	300	9.982979753303637	0.0	179801	3763.5262237933066	0.83284414	0.3
18825.731664318344	300	10.472964257236466	0.0	140051	3510.0154960671694	0.78438234	0.3
18827.610932772983	300	12.593695802599562	0.0	138313	1879.2684546369037	0.8331896	0.3
18835.481542151087	1200	8.723086424495225	0.0	617242	7870.609378104337	1.0278921	0.29999999999999993
18838.102461630955	300	10.10216694462567	0.0	150616	2620.9194798695535	1.0148729	-0.6000000000000001
18843.361866936313	750	8.842761639265436	0.0	405596	5259.405305360235	0.9072494	0.3
18846.942331351383	750	9.262297224197413	0.0	350713	3580.4644150680224	0.94528645	0.75
18848.363807124377	300	11.840821451205697	0.0	157671	1421.4757729917162	1.0193732	-0.15000000000000002
18849.9043827818	300	14.300245793783604	0.0	157812	1540.5756574220927	1.0573382	0.3
18854.123754767224	750	14.080873808358211	0.0	401853	4219.371985425395	1.1308132	0.3
18855.64496674628	300	16.559661829299156	0.0	137654	1521.2119790590575	1.1925803	-0.15000000000000002
18862.896096334855	1200	13.308532240723405	0.0	587236	7251.12958857575	1.177106	0.29999999999999993
18864.69850897865	300	15.506119596929837	0.0	153938	1802.4126437935681	1.2007122	-0.6000000000000001
18868.467776106514	750	15.736852469066267	0.0	425781	3769.26712786357	1.1483686	0.3
18869.63800984024	300	18.566618735342104	0.0	111155	1170.233733724165	1.2599734	-0.15000000000000002
18875.582117764454	1200	16.622510811128343	0.0	622896	5944.10792421376	1.232534	0.29999999999999993
18877.14152863101	300	19.063099944571135	0.0	149029	1559.4108665572087	1.3369962	-0.6000000000000001
18880.63548720006	750	19.56914137552628	0.0	358218	3493.958569044854	1.2458436	0.3
18887.222373045686	1200	16.98225552989901	0.0	620283	6586.885845627269	1.3349656	0.75
18888.607098158674	300	19.597530416910004	0.0	143881	1384.7251129890044	1.3237412	-0.6000000000000001
18903.197995727594	1850	9.006632847991684	0.0	1035329	14590.897568918323	1.2730631	0.30000000000000004
18909.49731063772	750	6.707317937867889	0.0	401088	6299.314910123794	0.9718555	-0.3500000000000001
18912.42736917265	300	7.777259402938451	0.0	159914	2930.058534929437	0.45504168	-0.15000000000000002
18916.59832629045	750	7.606302285138526	0.0	321064	4170.957117799926	0.53480124	0.3
18917.62528030726	300	10.579348268325862	0.0	124011	1026.9540168126643	0.7459911	-0.15000000000000002
18918.806810854883	300	13.397817720702715	0.0	144254	1181.530547623147	1.0569116	0.3
18923.72819909264	1200	12.47642948294811	0.0	587506	4921.388237754605	1.1801271	0.29999999999999993
18924.98558990097	300	15.219038674614502	0.0	147968	1257.390808333607	1.3079655	-0.6000000000000001
18928.481880863394	750	15.72274771219074	0.0	384505	3496.2909624237627	1.2305163	0.3
18935.202529012186	1200	13.0020995634013	0.0	599477	6720.64814878944	1.3249091	0.75
18940.587823387636	1200	11.616805187953313	0.0	634861	5385.294375447987	1.2728716	1.2
18942.035987618372	300	14.168640957217074	0.0	167025	1448.1642307362383	1.2904332	-0.6000000000000001
18943.713459601448	300	16.4911689741408	0.0	160064	1677.4719830762788	1.258361	0.3
18950.095684835702	1200	14.108943739885142	0.0	538612	6382.225234255655	1.3044049	0.29999999999999993
18954.43384228727	1200	13.770786288315868	0.0	550906	4338.157451569274	1.3525301	1.2

