25521.500466942343	750	4.0	1.5754002818435975	450283	1575.4002818435974	1.495326	-6.024221211927469
25523.32074104852	750	6.179725893824993	0.0	398865	1820.2741061750069	1.1728506	0.75
25523.806807502206	300	9.693659440138589	0.0	139857	486.0664536864043	1.1835053	-0.15000000000000002
25525.914184540874	1200	11.586282401469504	0.0	617681	2107.3770386690844	1.2361709	0.29999999999999993
25526.566729656803	300	14.93373728553992	0.0	163442	652.5451159295843	1.414048	-0.6000000000000001
25527.252523046784	300	18.24794389556191	0.0	126289	685.7933899780088	1.2956119	0.3
25529.143138997857	750	20.357327944490688	0.0	352642	1890.6159510712257	1.2811879	0.3
25529.976810661716	300	23.52365628063287	0.0	173849	833.671663857818	1.3685464	-0.15000000000000002
25533.66116669326	1200	23.83930024908732	0.0	584846	3684.356031545551	1.3332632	0.29999999999999993
25534.883056079616	300	26.617410862730328	0.0	139105	1221.8893863569913	1.4391761	-0.6000000000000001
25539.114965109507	750	26.38550183283692	0.0	353220	4231.90902989341	1.3095658	0.3
25541.80051880192	750	27.699948140425054	0.0	405134	2685.553692411866	1.3528966	0.75
25546.210055761694	1850	27.290411180649134	0.0	946851	4409.53695977592	1.4113573	0.75
25551.522905334816	1850	25.97756160752908	0.0	1036454	5312.849573120056	1.6000738	1.85
25554.012724210494	1200	27.487742731851117	0.0	526950	2489.818875677959	1.5688201	0.5499999999999999
25555.835378534106	750	29.66508840823944	0.0	366214	1822.6543236116793	1.5243249	0.3
25561.010186723473	1850	28.490280218870478	0.0	966699	5174.808189368964	1.4673777	0.75
25567.46343972363	2850	26.03702721871457	0.0	1358801	6453.253000155907	1.6037675	1.85
25573.61390400668	1850	23.886562935663527	0.0	987708	6150.464283051044	1.624676	0.8500000000000001
25576.71441932311	1200	24.786047619238218	0.0	586839	3100.5153164253074	1.5348724	0.5499999999999999
25580.588643007075	1850	24.91182393527517	0.0	891604	3874.223683963049	1.5055736	1.2000000000000002
25582.755403061463	750	26.745063880884132	0.0	399894	2166.760054391037	1.628057	-0.3500000000000001
25584.938823545657	750	28.5616433966909	0.0	401853	2183.4204841932346	1.4566638	0.75
25585.770042856377	300	31.730424085971777	0.0	137654	831.2193107191232	1.4734653	-0.15000000000000002
25586.561204932594	300	34.939262009754756	0.0	146754	791.1620762170204	1.4179069	0.3
25590.71986994724	1850	34.78059699510955	0.0	905935	4158.665014645213	1.454425	0.30000000000000004
25597.777788936535	2850	31.722678005813915	0.0	1547572	7057.918989295632	1.6866983	1.85
25603.59446803053	2850	29.905998911820372	0.0	1141971	5816.679093993542	1.3729826	2.85
25609.546943315727	1850	27.953523626625692	0.0	972798	5952.475285194682	1.4197698	0.8500000000000001
25613.682341507596	1850	27.818125434756578	0.0	975811	4135.3981918691115	1.6256484	1.85
25622.49846568309	4300	23.002001259264635	0.0	2113193	8816.124175491943	1.6776719	1.8499999999999996
25634.86800658269	4300	14.632460359663611	0.0	2147852	12369.540899601023	0.8738493	4.3
25638.453020289657	1850	15.047446652695365	0.0	885062	3585.013706968247	1.5931576	-0.6000000000000001
25642.71572011664	1200	14.784746825710693	0.0	670129	4262.699826984674	1.5763534	0.5499999999999999
25646.63892496697	1200	14.861541975384123	0.0	690253	3923.204850326568	1.4058834	1.2
25649.515401556724	1200	15.985065385629232	0.0	598727	2876.476589754891	1.4321816	1.2
25652.817722805165	1850	16.682744137188536	0.0	728962	3302.3212484406977	1.4953504	1.2000000000000002
25655.417615263497	1200	18.082851678859267	0.0	575591	2599.8924583292664	1.6106775	0.5499999999999999
25658.046099514733	1200	19.454367427621563	0.0	605884	2628.484251237703	1.5469626	1.2
25665.35671118896	1850	16.143755753393027	0.0	930577	7310.611674228537	1.5819983	1.2000000000000002
25667.882876861753	750	17.61759008059749	0.0	345516	2526.165672795535	1.4800775	-0.3500000000000001
25668.922521450873	300	20.577945491479344	0.0	161857	1039.6445891181518	1.4209366	-0.15000000000000002
25669.542804163073	300	23.957662779281776	0.0	145210	620.2827121975673	1.4164513	0.3
25671.326000255896	750	26.174466686457894	0.0	438281	1783.1960928238807	1.5356965	0.3
25675.514952204343	1200	25.985514738013602	0.0	630203	4188.951948444288	1.6750448	0.75
25677.329174778228	750	28.17129216412942	0.0	393804	1814.2225738841835	1.6636518	0.3
25683.683253631247	2850	25.817213311112095	0.0	1231456	6354.078853017324	1.6996824	0.75
25694.847658542647	4300	18.652808399708157	0.0	2155012	11164.404911403943	0.81331146	2.8499999999999996

