7263.72085739096	750	4.0	2.943433872988283	450283	2943.4338729882834	1.3211503	-11.906765653849618
7264.534670771327	300	7.18618661963313	0.0	155580	813.8133803668703	0.90256333	-0.15000000000000002
7266.0807173788135	750	9.640140012146148	0.0	350812	1546.0466074869817	1.0952945	0.3
7266.898900440727	300	12.82195695023325	0.0	155432	818.183061912897	1.2782938	-0.15000000000000002
7267.8316188420995	300	15.889238548860085	0.0	163442	932.7184013731654	1.2191917	0.3
7268.5868722546875	300	19.133985136272713	0.0	126289	755.2534125873698	1.2545468	0.3
7270.528284315875	750	21.19257307508502	0.0	352642	1941.4120611876951	1.2766218	0.3
7274.213843314855	1200	21.50701407610578	0.0	709534	3685.5589989792393	1.3709718	0.75
7275.04474742904	300	24.67610996191949	0.0	150710	830.9041141862893	1.4398211	-0.6000000000000001
7279.377067125443	1850	24.343790265516642	0.0	913888	4332.3196964028475	1.3305365	0.30000000000000004
7281.962567597606	1200	25.758289793354017	0.0	607410	2585.5004721626283	1.5585147	0.5499999999999999
7285.87766200865	1850	25.843195382310792	0.0	917428	3915.0944110432197	1.5054721	1.2000000000000002
7289.770910863797	1850	25.949946527163455	0.0	946851	3893.2488551473416	1.5965202	1.85
7290.730197143202	300	28.99066024775889	0.0	179801	959.2862794045667	1.6060947	-1.25
7291.512283655116	300	32.20857373584467	0.0	140051	782.0865119142169	1.3900653	0.3
7294.2511353738255	1200	33.46972201713605	0.0	587876	2738.8517187086145	1.4040427	0.29999999999999993
7295.889923439673	750	35.830933951288536	0.0	360831	1638.7880658475183	1.5793716	0.3
7297.3979059090125	750	38.32295148194917	0.0	372963	1507.982469339365	1.5318289	0.75
7302.728654131611	1850	36.99220325935002	0.0	987708	5330.748222599148	1.5769303	0.75
7304.948588107987	750	38.77226928297335	0.0	350713	2219.9339763766684	1.68469	-0.3500000000000001
7307.314019302489	750	40.40683808847118	0.0	386472	2365.4311945021686	1.5267467	0.75
7313.797843652839	1850	37.9230137381216	0.0	955231	6483.824350349581	1.5498825	0.75
7317.728817438353	1850	37.99203995260789	0.0	968026	3930.973785513706	1.6787128	1.85
7323.231415606478	2850	36.4894417844837	0.0	1323990	5502.598168124188	1.6437708	1.85
7332.7230407392235	4300	30.99781665173753	0.0	2186790	9491.625132746174	1.0175415	2.8499999999999996
7341.768692788915	4300	25.952164602045343	0.0	2105231	9045.652049692184	0.69165176	4.3
7349.307311604299	2850	22.41354578666233	0.0	1547572	7538.618815383015	0.82428044	1.4000000000000001
7351.738228955416	1200	23.982628435544594	0.0	487160	2430.9173511177364	1.6161723	-0.44999999999999996
7353.88165491368	750	25.839202477280672	0.0	400396	2143.425958263921	1.5537896	0.3
7354.735768352629	300	28.985089038331804	0.0	149029	854.1134389488675	1.486527	-0.15000000000000002
7355.6564829532535	300	32.064374437706896	0.0	157421	920.7146006249113	1.4334824	0.3
7356.574433031078	300	35.14642435988174	0.0	157488	917.9500778251564	1.4532217	0.3
7361.724891551031	1850	33.99596583992958	0.0	885062	5150.4585199521625	1.4782854	0.30000000000000004
7373.752938824771	2850	25.967918566189436	0.0	1587293	12028.047273740143	1.6851544	1.85
7384.189201859228	1850	19.531655531732497	0.0	1026056	10436.263034456939	1.5977613	0.8500000000000001
7385.683902307184	300	22.036955083776427	0.0	159914	1494.7004479560703	1.4155277	-1.25
7387.155819958319	300	24.565037432641653	0.0	131610	1471.9176511347735	1.3571453	0.3
7388.463772971471	300	27.257084419488425	0.0	124011	1307.9530131532256	1.37629	0.3
7391.815673811612	750	27.905183579347725	0.0	378327	3351.900840140702	1.4177387	0.3
7394.913813117074	750	28.80704427388687	0.0	390680	3098.1393054608566	1.5169098	0.75
7397.140816812398	300	30.580040578562542	0.0	147968	2227.003695324327	1.549825	-0.15000000000000002
7416.115722856168	1850	15.60513453479256	0.0	1025005	18974.90604376998	1.4485594	0.30000000000000004
7419.000290391901	300	16.720566999058764	0.0	145210	2884.5675357337977	1.1447564	-1.25
7421.630820247338	300	18.090037143622492	0.0	172312	2630.5298554362707	1.2251325	0.3
7429.593044623724	750	14.127812767236147	0.0	398987	7962.2243763863435	1.2961154	0.3
7432.338165373976	300	15.382692016983603	0.0	160064	2745.1207502525444	1.1689148	-0.15000000000000002
7436.254086722229	750	15.466770668731499	0.0	331053	3915.921348252105	1.2222995	0.3
7439.502883472883	1200	16.217973918077195	0.0	550906	3248.7967506543055	1.3511451	0.75

