21455.958491259204	750	4.0	2.5585548523374078	450283	2558.5548523374077	1.5417483	-10.251785865050852
21456.88993884558	300	7.068552413622195	0.0	155580	931.447586377805	1.0164173	-0.15000000000000002
21458.007412265437	300	9.951078993763625	0.0	139857	1117.4734198585697	1.0612317	0.3
21460.647763546247	750	11.310727712954668	0.0	382355	2640.351280808957	1.0890357	0.3
21463.56175910512	750	12.396732154081048	0.0	411561	2913.99555887362	1.2213643	0.75
21465.35022813314	750	14.608263126064042	0.0	318564	1788.469028017007	1.2369157	0.75
21467.088191197683	750	16.87030006152194	0.0	352642	1737.9630645420984	1.3080467	0.75
21471.40920612219	1200	16.549285137012653	0.0	709534	4321.014924509289	1.3443372	0.75
21475.089826797066	1200	16.86866446213828	0.0	584846	3680.6206748743725	1.3665065	1.2
21478.216750118503	1200	17.74174114070178	0.0	560821	3126.9233214365017	1.3749299	1.2
21483.84256566512	1850	16.11592559408386	0.0	939819	5625.8155466179205	1.4055064	1.2000000000000002
21488.29720904843	1200	15.661282210774145	0.0	594078	4454.643383309714	1.4430721	0.5499999999999999
21490.34181789415	300	17.616673365050758	0.0	160746	2044.6088457233843	1.3436782	-0.6000000000000001
21496.12395614514	1200	15.834535114058198	0.0	687371	5782.13825099256	1.2005374	0.29999999999999993
21500.73202384963	1200	15.22646740956944	0.0	526950	4608.06770448876	1.3323478	1.2
21510.70702600676	1200	9.251465252441404	0.0	587876	9975.002157128034	1.3265609	1.2
21514.999534306662	750	8.958956952540648	0.0	360831	4292.508299900756	0.9944546	0.3
21518.428635772125	750	9.52985548707872	0.0	372963	3429.1014654619275	0.9929606	0.75
21522.01836960753	750	9.940121651673234	0.0	405596	3589.733835405484	1.0622941	0.75
21526.50484806893	750	9.453643190273397	0.0	350713	4486.478461399838	1.0799356	0.75
21527.985019788193	300	11.973471471010894	0.0	157671	1480.171719262502	1.0077852	-0.15000000000000002
21529.275101819174	300	14.683389440034233	0.0	157812	1290.0820309766614	1.0623486	0.3
21535.433493276396	1200	12.524997982813664	0.0	656471	6158.391457220569	1.1736884	0.29999999999999993
21540.789079913906	1200	11.169411345303248	0.0	536667	5355.586637510417	1.2182883	1.2
21547.219598279695	1200	8.738892979514242	0.0	587236	6430.518365789007	1.1775304	1.2
21551.77699356917	750	8.181497690039619	0.0	379700	4557.3952894746235	1.0663489	0.3
21555.082904009745	750	8.875587249463551	0.0	425781	3305.9104405760654	0.90313256	0.75
21556.135417960966	300	11.823073298240972	0.0	111155	1052.51395122258	1.0437535	-0.15000000000000002
21560.38051692499	750	11.577974334220267	0.0	400396	4245.0989640207035	1.0633185	0.3
21567.065946193492	1200	8.892545065717435	0.0	641447	6685.429268502832	1.1045673	0.75
21570.928203493073	750	9.030287766134915	0.0	358218	3862.2572995825194	1.0656939	0.3
21576.790511187013	750	7.167980072195758	0.0	400322	5862.307693939158	0.9976426	0.75
21578.368444814896	300	9.590046444316043	0.0	143881	1577.9336278797148	0.5375711	-0.15000000000000002
21581.957737721932	750	10.000753537278325	0.0	412837	3589.29290703772	0.9249675	0.3
21586.69308774139	1200	9.265403517819076	0.0	690253	4735.350019459248	1.0764959	0.75
21589.409738522518	750	10.548752736691512	0.0	365161	2716.6507811275637	1.1804657	0.3
21593.135878735462	1200	10.82261252374844	0.0	487812	3726.140212943071	1.1534626	0.75
21596.90714985053	1200	11.051341408678724	0.0	575591	3771.271115069715	1.2546395	1.2
21598.011590426264	300	13.946900832945888	0.0	144254	1104.4405757328345	1.2909442	-0.6000000000000001
21603.257113667736	1200	12.701377591469868	0.0	587506	5245.523241476022	1.213104	0.29999999999999993
21604.70935716015	300	15.249134099057713	0.0	147968	1452.2434924121533	1.3064098	-0.6000000000000001
21608.099305640997	750	15.859185618212676	0.0	384505	3389.9484808450384	1.2351376	0.3
21612.844492600907	1200	15.113998658302316	0.0	599477	4745.186959910358	1.346377	0.75
21614.47963320371	300	17.478858055497206	0.0	172312	1635.1406028051103	1.4254186	-0.6000000000000001
21617.673808026222	750	18.28468323298931	0.0	398987	3194.174822507901	1.3193599	0.3
21621.682175093218	750	18.276316165991744	0.0	393804	4008.3670669975622	1.4476434	0.75
21623.706235709156	300	20.25225555005205	0.0	137507	2024.0606159396973	1.4215072	-0.15000000000000002
21630.46622472673	1200	17.492266532479952	0.0	550906	6759.989017572095	1.3672442	0.29999999999999993

