17842.826999112756	750	4.0	4.722418988271614	450283	4722.418988271614	1.4330591	-19.55640164956794
17844.302604931032	300	6.524394181725228	0.0	155580	1475.6058182747722	0.54302996	-0.15000000000000002
17845.503065675486	300	9.323933437271	0.0	139857	1200.460744454228	0.9107436	0.3
17846.651231548167	300	12.175767564590338	0.0	155432	1148.1658726806618	1.0500433	0.3
17847.768225862987	300	15.058773249770114	0.0	163442	1116.9943148202246	1.1482968	0.3
17853.90089629048	1850	12.926102822274803	0.0	801058	6132.670427495313	1.2149273	0.30000000000000004
17858.197347572932	1200	12.62965153982503	0.0	561791	4296.451282449773	1.3719908	0.5499999999999999
17861.831851290794	750	12.995147821961833	0.0	437162	3634.5037178631983	1.2803162	0.3
17868.250190555053	1200	10.576808557704071	0.0	584846	6418.339264257762	1.1998585	0.75
17874.85268962017	1200	7.9743094925842986	0.0	560821	6602.499065119772	1.1520438	1.2
17881.092897585804	750	5.734101526948281	0.0	353220	6240.207965636017	1.0451361	0.3
17887.94566190076	750	4.0	1.1186627880087345	405134	6852.764314957016	0.45484227	-4.060249988437558
17889.765354422227	300	6.180307478536894	0.0	160746	1819.6925214631065	0.13620462	-0.15000000000000002
17891.545043472088	300	8.400618428676337	0.0	179801	1779.6890498605571	0.4337358	0.3
17894.361628633902	750	9.58403326686379	0.0	337059	2816.585161812547	0.85223734	0.3
17897.188172966387	750	10.757488934378161	0.0	366214	2826.5443324856274	1.0549252	0.75
17900.983387674307	750	10.962274226458044	0.0	360831	3795.214707920116	1.1039008	0.75
17903.303575636073	300	12.642086264688455	0.0	150616	2320.18796176959	1.0606873	-0.15000000000000002
17905.915798996	300	14.029862904760543	0.0	165384	2612.2233599279116	1.0001649	0.3
17911.050941057187	750	12.894720843575854	0.0	350713	5135.142061184688	1.052788	0.3
17915.72375893053	750	12.22190297023301	0.0	386472	4672.817873342845	1.108879	0.75
17917.774452325022	300	14.1712095757385	0.0	157812	2050.6933944945094	1.1078793	-0.15000000000000002
17925.194001376327	1200	10.751660524433523	0.0	656471	7419.549051304975	1.1002603	0.29999999999999993
17929.021450911758	750	10.924210989004347	0.0	343800	3827.449535429178	1.1216321	0.3
17930.797798542208	300	13.147863358553318	0.0	146754	1776.3476304510295	1.0764405	-0.15000000000000002
17936.289950015558	750	11.655711885202356	0.0	379700	5492.15147335096	1.0814195	0.3
17946.844570491823	1200	5.101091408939317	0.0	696376	10554.620476263039	1.0633136	0.75
17948.359730523327	300	7.585931377439953	0.0	111155	1515.160031499365	0.2605055	-0.6000000000000001
17950.535518926823	300	9.410142973945339	0.0	153605	2175.7884034946132	0.6009859	0.3
17956.047124683435	750	7.898537217331945	0.0	400508	5511.605756613395	0.8466626	0.3
17958.297226678278	300	9.648435222489272	0.0	157421	2250.101994842672	0.6549812	-0.15000000000000002
17960.26936350529	300	11.676298395476781	0.0	157488	1972.1368270124908	0.817666	0.3
17969.613293049948	1200	6.3323688508195355	0.0	584349	9343.929544657245	1.0017794	0.29999999999999993
17972.71868265571	300	7.226979245055315	0.0	163444	3105.3896057642205	0.40159512	-0.6000000000000001
17976.4574117324	300	7.488250168362544	0.0	179328	3738.729076692771	0.33923614	0.3
17980.45692947156	300	7.4887324292056805	0.0	159914	3999.5177391568636	0.36180606	0.3
17984.46251570064	300	7.483146200124147	0.0	131610	4005.5862290815326	0.33411154	0.3
17991.18275258088	750	4.762909319886548	0.0	361565	6720.2368802375995	0.30095652	0.3
17994.56523321206	300	5.380428688711547	0.0	144254	3382.4806311750003	0.07506167	-0.15000000000000002
17998.29313612508	300	5.6525257756878	0.0	149991	3727.902913023747	0.08958277	0.3
18002.21080326703	300	5.73485863373842	0.0	147968	3917.667141949379	0.076489784	0.3
18006.680297465857	300	5.26536443490957	0.0	161857	4469.494198828851	0.07533225	0.3
18010.623552395034	300	5.322109505733826	0.0	145210	3943.254929175744	0.040873148	0.3
18013.851776495936	300	6.09388540483219	0.0	172312	3228.2241009016357	0.043504883	0.3
18016.557313767236	300	7.388348133534144	0.0	167025	2705.5372712980466	0.13160434	0.3
18019.014005709527	300	8.931656191244649	0.0	160064	2456.691942289495	0.35947928	0.3
18023.859383577685	750	8.08627832308515	0.0	331053	4845.3778681594995	0.6689804	0.3
18027.85448406774	750	8.091177833032502	0.0	314107	3995.100490052647	0.72485006	0.75

