11738.332755681986	750	4.0	3.383176362969059	450283	3383.176362969059	1.2230111	-13.797658360766953
11740.458087619187	300	5.874668062799087	0.0	155580	2125.331937200913	0.616241	-0.15000000000000002
11742.79833066743	300	7.534425014556251	0.0	139857	2340.2430482428354	0.7555063	0.3
11744.626376416125	300	9.706379265862852	0.0	155432	1828.0457486933983	0.80922574	0.3
11745.826574081917	300	12.506181600070137	0.0	163442	1200.1976657927155	0.88967925	0.3
11748.16097880085	750	14.171776881136289	0.0	318564	2334.4047189338476	1.0828276	0.3
11750.697410471119	750	15.635345210867849	0.0	352642	2536.4316702684405	1.2383764	0.75
11754.24803605499	750	16.08471962699558	0.0	437162	3550.6255838722686	1.2851863	0.75
11757.502654745733	750	16.830100936253153	0.0	374758	3254.618690742428	1.3265963	0.75
11760.651803456234	750	17.68095222575186	0.0	362795	3149.1487105012925	1.3260067	0.75
11769.015901942175	1200	13.31685373981059	0.0	607410	8364.09848594127	1.3530995	0.75
11771.930482435286	750	14.402273246699522	0.0	405134	2914.580493111066	1.2197288	0.3
11773.180126506722	300	17.152629175263648	0.0	160746	1249.6440714358723	1.282764	-0.15000000000000002
11777.565330657146	1200	16.767425024839973	0.0	687371	4385.204150423678	1.3065425	0.29999999999999993
11778.599789814525	300	19.732965867461214	0.0	140051	1034.459157378758	1.430708	-0.6000000000000001
11779.770212984284	300	22.562542697701883	0.0	138313	1170.4231697593304	1.3603743	0.3
11780.930104352303	300	25.40265132968348	0.0	143509	1159.8913680184046	1.3764529	0.3
11787.686959289615	1850	22.645796392372414	0.0	885714	6756.8549373110645	1.4139293	0.30000000000000004
11790.095547570138	750	24.23720811184921	0.0	405596	2408.588280523202	1.5505799	-0.3500000000000001
11792.504469639456	750	25.82828604252973	0.0	350713	2408.92206931948	1.4893932	0.75
11793.718359098382	300	28.614396583603096	0.0	157671	1213.889458926634	1.5059257	-0.15000000000000002
11797.917354255898	1200	28.415401426087488	0.0	616206	4198.995157515607	1.4743235	0.29999999999999993
11804.386706547655	1850	25.946049134330888	0.0	968026	6469.352291756595	1.5450724	1.2000000000000002
11813.879501883877	2850	20.45325379810836	0.0	1323990	9492.79533622253	1.5652438	1.85
11821.311827092957	1200	17.020928589028664	0.0	587236	7432.325209079695	1.5557085	-0.44999999999999996
11822.446713302032	300	19.886042379953533	0.0	153938	1134.8862090751288	1.407723	-0.6000000000000001
11823.867872003679	300	22.46488367830709	0.0	181901	1421.1587016464455	1.3894686	0.3
11830.08472700952	1200	20.24802867246481	0.0	487160	6216.855005842279	1.4348205	0.29999999999999993
11834.805860503204	1200	19.526895178781245	0.0	622896	4721.133493683566	1.4315156	1.2
11837.822908058228	750	20.509847623757157	0.0	400508	3017.0475550240894	1.4444957	0.3
11839.129282168262	300	23.20347351372251	0.0	157421	1306.3741100346456	1.442722	-0.15000000000000002
11840.463497242516	300	25.86925843946771	0.0	157488	1334.2150742548001	1.4416785	0.3
11845.339635727849	1200	24.993119954135544	0.0	584349	4876.138485332167	1.4824703	0.29999999999999993
11846.935216708964	300	27.39753897302102	0.0	163444	1595.5809811145211	1.5183953	-0.6000000000000001
11861.378227919213	2850	16.954527762772095	0.0	1492672	14443.011210248927	1.4682827	0.30000000000000027
11867.999662320935	1850	14.333093361050105	0.0	943942	6621.434401721989	1.4686557	0.8500000000000001
11870.923073375634	750	15.409682306351339	0.0	321064	2923.411054698767	1.4766245	-0.3500000000000001
11873.397423960461	750	16.935331721524857	0.0	361565	2474.3505848264804	1.3888855	0.75
11875.6086725238	750	18.724083158187295	0.0	378327	2211.2485633375627	1.4065586	0.75
11878.205515388434	750	20.127240293553104	0.0	390680	2596.842864634192	1.4737227	0.75
11879.410265787199	300	22.92248989478871	0.0	147968	1204.7503987643897	1.4989399	-0.15000000000000002
11886.157578617313	1850	20.175177064676102	0.0	1025005	6747.312830112609	1.4562564	0.30000000000000004
11892.377014462776	1850	17.95574121921196	0.0	886255	6219.435845464146	1.588331	1.85
11899.415202386133	1850	14.917553295855374	0.0	973972	7038.187923356586	1.5474815	1.85
11900.609182725491	300	17.723572956498117	0.0	167025	1193.9803393572563	1.4898294	-1.25
11902.338705606016	300	19.994050075972503	0.0	160064	1729.52288052561	1.4391022	0.3
11904.939460843048	300	21.39329483894166	0.0	137507	2600.7552370308445	1.487688	0.3
11913.748480044498	1850	16.584275637492464	0.0	846370	8809.019201449197	1.4346366	0.30000000000000004

