12667.105981860032	750	4.0	1.7282306058808998	450283	1728.2306058809	0.022652522	-6.681391605287869
12667.783755682425	300	7.32222617760719	0.0	155580	677.7738223928094	0.79242915	-0.15000000000000002
12670.537503930043	1200	8.568477929989736	0.0	571051	2753.748247617454	0.96730936	0.29999999999999993
12672.213792125482	750	10.892189734550696	0.0	382355	1676.288195439039	1.1639856	0.3
12672.963112369744	300	14.142869490288653	0.0	163442	749.3202442620433	1.2301384	-0.15000000000000002
12674.379634673074	750	16.72634718695796	0.0	318564	1416.5223033306913	1.3074517	0.3
12675.072110723788	300	20.03387113624419	0.0	153295	692.4760507137669	1.412715	-0.15000000000000002
12676.04471214968	750	23.06126971035304	0.0	437162	972.6014258911507	1.3863046	0.3
12677.237152125108	1200	25.868829734925715	0.0	584846	1192.4399754273245	1.5251067	0.75
12677.94178169029	750	29.164200169743395	0.0	362795	704.6295651823206	1.586205	0.3
12678.265935075497	300	32.84004678453668	0.0	141840	324.15338520671963	1.5870334	-0.15000000000000002
12679.505990151532	1200	35.59999170850229	0.0	594078	1240.0550760343874	1.5623457	0.29999999999999993
12681.013502108142	1200	38.09247975189238	0.0	624282	1507.511956609918	1.6313466	1.2
12682.556219716918	1200	40.54976214311714	0.0	687371	1542.7176087752327	1.6346511	1.2
12685.199592770945	2850	41.906389089089835	0.0	1231445	2643.3730540273095	1.6563085	1.2000000000000002
12688.063820173807	2850	43.042161686227686	0.0	1471065	2864.22740286215	1.6586891	2.85
12692.38356277516	4300	42.722419084875106	0.0	2289689	4319.742601352575	1.6457183	2.8499999999999996
12694.123254000519	1850	44.98272785951607	0.0	885714	1739.6912253590385	1.2508882	-0.6000000000000001
12695.4842279007	1200	47.62175395933468	0.0	639204	1360.9739001813862	1.6761142	0.5499999999999999
12697.481213315847	1850	49.62476854418857	0.0	923755	1996.9854151461122	1.6846995	1.2000000000000002
12699.498508356846	1850	51.60747350318778	0.0	891604	2017.2950410007927	1.6813109	1.85
12703.053326450234	2850	52.05265540980047	0.0	1468126	3554.818093387312	1.6764008	1.85
12707.295351418012	2850	51.81063044202429	0.0	1505760	4242.024967776183	1.5703737	2.85
12709.503548511835	1850	53.60243334820065	0.0	874175	2208.1970938236445	1.5693257	0.8500000000000001
12711.603554266227	1850	55.50242759380855	0.0	897976	2100.005754392103	1.6609356	1.85
12713.26591160042	1200	57.840070259615665	0.0	590335	1662.357334192884	1.6478373	0.5499999999999999
12716.130418642975	1850	58.97556321706075	0.0	1076599	2864.50704255491	1.6801134	1.2000000000000002
12718.451927529886	1200	59.966142448965606	0.0	487160	2009.4207680951413	1.6184436	0.5499999999999999
12723.474555769875	4300	58.9435142089761	0.0	2134614	5022.628239989505	1.6728973	1.1999999999999997
12730.24563550001	4300	56.17243447884092	0.0	2164140	6771.07973013518	0.8396109	4.3
12733.297122747274	1850	57.12094723157722	0.0	873429	3051.4872472637016	0.89329904	-0.6000000000000001
12736.496009507668	1850	57.92206047118317	0.0	954453	3198.8867603940507	1.6093667	1.85
12741.46886540474	4300	56.94920457411011	0.0	2191074	4972.85589707306	1.6033007	1.8499999999999996
12744.947709071192	2850	57.47036090765889	0.0	1587293	3478.8436664512187	0.74441046	1.4000000000000001
12746.82319611727	1200	59.50655223848041	0.0	690253	1463.808669178487	1.2258507	-0.44999999999999996
12749.916942590537	2850	59.54051815214757	0.0	1439896	2966.034086332839	1.6152562	1.2000000000000002
12753.960840469685	4300	59.49662027300029	0.0	1919781	4043.897879147277	0.98370796	2.8499999999999996
12760.56724892465	4300	56.89021181803421	0.0	2147467	6606.408454966082	0.5288726	4.3
12765.911540928557	4300	55.5459198141274	0.0	2133870	5344.292003906804	0.66537905	4.3
12771.601060556257	4300	53.856400186427564	0.0	2146120	5689.5196276998395	0.6357206	4.3
12776.768719136195	4300	52.688741606488755	0.0	2108491	5167.6585799388085	0.60449517	4.3
12786.214835581557	4300	47.242625161126156	0.0	2184571	9446.1164453626	0.6101407	4.3
12795.44854566677	4300	42.008915075914494	0.0	2121928	9233.710085211658	0.8754017	4.3
12801.051451898154	4300	40.40600884452892	0.0	2219102	5602.906231385574	1.0304834	4.3
12811.309494845109	4300	34.14796589757357	0.0	2124950	10258.042946955347	0.7889514	4.3
12821.961694022206	2850	27.495766720476233	0.0	1483527	10652.199177097338	1.0608864	1.4000000000000001
12825.669073169005	1850	27.78838757367842	0.0	830730	3707.3791467978126	1.6299835	0.8500000000000001
12826.236038411582	300	31.22142233110076	0.0	118421	566.9652425776571	1.6398995	-1.25

