17474.201609749267	750	4.0	6.308048004947866	450283	6308.0480049478665	1.6585343	-26.374606421275825
17477.231267459225	300	4.9703422900424306	0.0	155580	3029.6577099575693	0.41383564	-0.15000000000000002
17478.83884597825	300	7.362763771014124	0.0	139857	1607.5785190283066	0.5335285	0.3
17483.81050782416	750	6.39110192510717	0.0	382355	4971.661845906953	0.79687154	0.3
17485.449580995224	300	8.75202875404158	0.0	163442	1639.0731710655884	0.7416116	-0.15000000000000002
17489.5122377744	750	8.689371974865196	0.0	318564	4062.656779176385	0.88697416	0.3
17492.231571527747	300	9.97003822152254	0.0	153295	2719.333753342656	0.88946533	-0.15000000000000002
17500.722362753833	750	5.4792469954341945	0.0	437162	8490.791226088346	0.86851466	0.3
17503.322834098	300	6.878775651269708	0.0	150710	2600.4713441644863	0.44838554	-0.15000000000000002
17507.45875260337	750	6.742857145902272	0.0	362795	4135.9185053674355	0.6327124	0.3
17509.09577686815	300	9.1058328811213	0.0	141840	1637.024264780973	0.79722005	-0.15000000000000002
17511.135601513015	300	11.066008236257566	0.0	156148	2039.8246448637328	0.84771025	0.3
17516.65119686348	750	9.550412885789239	0.0	386351	5515.595350468328	0.9556009	0.3
17518.075653008178	300	12.125956741090176	0.0	179801	1424.4561446990635	0.8783042	-0.15000000000000002
17519.24504105518	300	14.95656869408792	0.0	140051	1169.3880470022564	1.0433712	0.3
17523.002108199467	1200	15.199501549800441	0.0	587876	3757.0671442874786	1.1769811	0.29999999999999993
17526.15829664912	750	16.043313100150105	0.0	360831	3156.1884496503358	1.3609755	0.3
17534.127051180156	1850	12.074558569113135	0.0	885714	7968.754531036971	1.332693	0.75
17537.579604492836	750	12.622005256430944	0.0	405596	3452.55331268219	1.2883723	-0.3500000000000001
17540.151260864783	750	14.050348884481942	0.0	350713	2571.6563719490027	1.1906738	0.75
17544.454265384797	1200	13.747344364469264	0.0	601738	4303.004520012679	1.3177222	0.75
17549.140357670665	1200	13.061252078601699	0.0	616206	4686.092285867564	1.3468257	1.2
17557.45873283768	1850	8.742876911584508	0.0	968026	8318.375167017191	1.3173453	1.2000000000000002
17560.25402913142	750	9.947580617844231	0.0	343800	2795.2962937402776	1.196477	-0.3500000000000001
17565.36503924417	1200	8.836570505093245	0.0	587236	5111.010112750986	1.083472	0.75
17566.620146105022	300	11.581463644241376	0.0	153938	1255.1068608518688	1.1087483	-0.6000000000000001
17568.230584171488	300	13.971025577775393	0.0	181901	1610.438066465982	1.0624428	0.3
17570.55110506971	750	15.650504679554873	0.0	277716	2320.52089822052	1.2284817	0.3
17573.793432328464	750	16.408177420800026	0.0	400396	3242.3272587548463	1.3094043	0.75
17578.029199712335	1200	16.172410036926838	0.0	641447	4235.767383873191	1.3393223	0.75
17580.516980525743	750	17.684629223518087	0.0	358218	2487.780813408752	1.4442141	0.3
17587.80426826392	1850	14.397341485341894	0.0	954453	7287.287738176193	1.41569	0.75
17590.84378636779	750	15.357823381474656	0.0	369834	3039.518103867238	1.4552472	-0.3500000000000001
17593.864021567213	750	16.337588182050197	0.0	412837	3020.2351994244577	1.3400005	0.75
17595.534565578884	300	18.667044170380674	0.0	179328	1670.5440116695231	1.3897755	-0.15000000000000002
17600.5250558153	1200	17.67655393396694	0.0	598727	4990.490236413736	1.371522	0.29999999999999993
17605.28799235596	1200	16.913617393306954	0.0	487812	4762.936540659985	1.4771423	1.2
17610.420789271506	1200	15.780820477757151	0.0	575591	5132.796915549802	1.4372946	1.2
17618.265653099264	1200	11.935956649997854	0.0	605884	7844.863827759299	1.4128554	1.2
17626.152725762902	750	8.04888398635907	0.0	390680	7887.072663638783	1.2310717	0.3
17631.211246010127	750	6.990363739135185	0.0	345516	5058.520247223885	0.83279425	0.75
17637.005215845595	750	5.196393903668579	0.0	384505	5793.969835466607	0.52661836	0.75
17639.612664110005	300	6.588945639259919	0.0	145210	2607.44826440866	0.090242185	-0.15000000000000002
17642.046467278382	300	8.155142470880914	0.0	172312	2433.803168379004	0.16433644	0.3
17643.474480796664	300	10.72712895260079	0.0	167025	1428.0135182801262	0.46331665	0.3
17644.892620304563	300	13.308989444703643	0.0	160064	1418.1395078971457	0.9286882	0.3
17645.960713132463	300	16.240896616800953	0.0	137507	1068.0928279026919	1.1554803	0.3
17649.9514285311	1200	16.25018121816148	0.0	550906	3990.7153986394724	1.3063335	0.29999999999999993

