16746.417240685536	750	4.0	3.5013497766476167	450283	3501.3497766476166	1.4485329	-14.305804039584752
16747.385498975837	300	7.031741709697546	0.0	155580	968.258290302454	0.75323725	-0.15000000000000002
16748.072240267928	300	10.345000417606482	0.0	139857	686.7412920910647	1.0465732	0.3
16748.79553073506	300	13.621709950475047	0.0	155432	723.2904671314337	1.1937885	0.3
16750.614965953853	750	15.802274731681717	0.0	411561	1819.4352187933314	1.2515898	0.3
16752.875883485533	1200	17.54135720000191	0.0	520315	2260.917531679805	1.3595335	0.75
16755.044218007082	1200	19.373022678452738	0.0	561791	2168.334521549175	1.4450445	1.2
16755.866398481947	300	22.55084220358869	0.0	173849	822.1804748640448	1.4677658	-0.6000000000000001
16758.292397056717	1200	24.12484362881714	0.0	584846	2425.99857477155	1.3222537	0.29999999999999993
16761.022389055564	1200	25.39485162997015	0.0	560821	2729.99199884699	1.4932652	1.2
16765.055427508192	1200	25.3618131773427	0.0	607410	4033.038452627452	1.4810591	1.2
16769.260766713513	1200	25.15647397202433	0.0	594078	4205.3392053183725	1.4477421	1.2
16775.696549182157	1850	22.72069150337899	0.0	946851	6435.7824686453405	1.445046	1.2000000000000002
16779.904543429788	1200	22.51269725574736	0.0	687371	4207.994247631632	1.492086	0.5499999999999999
16782.83578813886	1200	23.581452546677397	0.0	526950	2931.2447090699643	1.4467037	1.2
16796.166463159403	2850	14.250777526133335	0.0	1471065	13330.67502054406	1.4728963	1.2000000000000002
16803.125900731946	1200	11.291339953590706	0.0	617242	6959.437572542629	1.3540729	-0.44999999999999996
16805.07883025036	300	13.338410435178867	0.0	150616	1952.9295184118396	1.1677021	-0.6000000000000001
16807.44563497323	300	14.971605712308701	0.0	165384	2366.8047228701657	1.1018581	0.3
16809.21479029167	300	17.202450393868595	0.0	140881	1769.1553184401037	1.1366128	0.3
16813.49530732447	1200	16.921933361070316	0.0	601738	4280.517032798281	1.2002956	0.29999999999999993
16815.65182320059	750	18.76541748494962	0.0	399894	2156.515876120693	1.3829297	0.3
16819.100094558347	1200	19.317146127195155	0.0	656471	3448.271357754466	1.3755983	0.75
16820.896581131707	750	21.520659553833376	0.0	343800	1796.4865733617812	1.4499044	0.3
16822.437896758736	750	23.979343926806237	0.0	359903	1541.3156270271409	1.405707	0.75
16827.501573594953	1850	22.91566709058838	0.0	905935	5063.676836217857	1.4605151	0.75
16835.933560712143	1200	18.48367997339804	0.0	696376	8431.98711719034	1.5563725	0.5499999999999999
16837.31281982687	750	21.104420858669723	0.0	277716	1379.2591147283176	1.3070794	0.3
16838.196693426373	300	24.220547259165564	0.0	153605	883.8735995041613	1.4326103	-0.15000000000000002
16840.745909204412	750	25.67133148112876	0.0	400508	2549.215778036804	1.3691576	0.3
16843.774729918732	1200	26.642510766807572	0.0	570392	3028.8207143211866	1.4443071	0.75
16849.226185278836	1850	25.191055406705942	0.0	954453	5451.455360101632	1.5519962	1.2000000000000002
16850.10844787708	300	28.308792808461863	0.0	143881	882.2625982440792	1.6083776	-1.25
16853.00089872503	1200	29.41634196051339	0.0	670129	2892.4508479484734	1.4196614	0.29999999999999993
16856.663307794024	1850	29.75393289151817	0.0	1026056	3662.4090689952213	1.6471694	1.2000000000000002
16860.52988872579	1850	29.88735195975547	0.0	943942	3866.580931762699	1.5933161	1.85
16865.62624042868	2850	28.79100025686401	0.0	1139291	5096.351702891461	1.5996248	1.85
16873.896747022107	4300	24.52049366343722	0.0	2147467	8270.506593426788	0.96064925	2.8499999999999996
16881.433041856784	4300	20.984198828760206	0.0	2133870	7536.294834677014	0.53239167	4.3
16888.69885608598	4300	17.71838459956779	0.0	2146120	7265.814229192418	0.54274994	4.3
16896.186430436097	4300	14.230810249448428	0.0	2108491	7487.574350119363	0.594282	4.3
16903.9049830962	4300	10.512257589346271	0.0	2184571	7718.552660102157	0.7533536	4.3
16910.473944140533	4300	7.943296545014674	0.0	2121928	6568.961044331596	1.0837978	4.3
16917.500138756186	4300	4.917101929359966	0.0	2219102	7026.194615654709	1.1591843	4.3
16924.53129151533	4300	4.0	2.1140508297861578	2124950	7031.152759146124	1.5275924	-4.7904185680804785
16929.582143135634	1850	4.0	1.0508516203012368	982064	5050.851620301237	1.5844954	-5.118661967295319
16930.317500072662	300	7.264643062972021	0.0	137507	735.3569370279793	1.2453072	-1.25
16930.853832498342	300	10.728310637291019	0.0	118421	536.3324256810013	1.1048619	0.3

