8526.107070640317	750	4.0	1.3915974527875299	450283	1391.5974527875298	0.025737911	-5.233869046986379
8526.619996527752	300	7.487074112564271	0.0	155580	512.9258874357297	0.8300784	-0.15000000000000002
8527.144165331767	300	10.96290530854843	0.0	139857	524.1688040158401	1.0405568	0.3
8528.634005041424	750	13.47306559889219	0.0	382355	1489.8397096562405	1.2292764	0.3
8531.044710240712	1200	15.062360399604223	0.0	652874	2410.705199287966	1.3342304	0.75
8531.547648681406	300	18.559421958911518	0.0	126289	502.9384406927097	1.472335	-0.6000000000000001
8532.160845120581	300	21.946225519736434	0.0	153295	613.1964391750845	1.3976029	0.3
8533.753078626629	750	24.35399201368872	0.0	437162	1592.233506047712	1.4140557	0.3
8535.649734745015	1200	26.457335895303846	0.0	584846	1896.6561183848762	1.5060292	0.75
8537.067666418561	750	29.039404221756875	0.0	362795	1417.931673546969	1.5650647	0.3
8537.669774739323	300	32.43729590099589	0.0	141840	602.1083207609815	1.5385792	-0.15000000000000002
8539.602709376342	1200	34.50436126397727	0.0	594078	1932.9346370186222	1.5163355	0.29999999999999993
8541.286761258814	1200	36.82030938150527	0.0	624282	1684.051882472008	1.6006352	1.2
8541.851472289189	300	40.25559835113127	0.0	179801	564.7110303740078	1.6073345	-0.6000000000000001
8545.602771053487	2850	40.504299586831515	0.0	1231445	3751.298764299755	1.5910681	0.30000000000000027
8550.870726127454	2850	39.23634451286637	0.0	1471065	5267.955073965145	1.6426741	2.85
8552.354440329122	750	41.75263031119834	0.0	360831	1483.7142016680266	1.6420723	-1.35
8552.965619446235	300	45.14145119408546	0.0	150616	611.1791171128681	1.6136796	-0.15000000000000002
8556.627529722682	1850	45.47954091763831	0.0	987708	3661.910276447156	1.5950142	0.30000000000000004
8560.818681674155	1850	45.28838896616527	0.0	923755	4191.151951473042	1.6522498	1.85
8563.809477074956	1200	46.29759356536322	0.0	601738	2990.795400802054	1.6372856	0.5499999999999999
8567.143646390206	1850	46.96342425011269	0.0	955231	3334.169315250535	1.6176311	1.2000000000000002
8573.62270802357	2850	44.48436261675188	0.0	1505760	6479.061633360804	1.6409857	1.85
8576.718008111018	1850	45.38906252930106	0.0	874175	3095.3000874508207	1.6134164	0.8500000000000001
8581.803164971894	2850	44.30390566842545	0.0	1383735	5085.156860875606	1.6355227	1.85
8590.918525111498	4300	39.188545528820235	0.0	2105231	9115.360139605218	1.6090763	2.8499999999999996
8600.335704504509	4300	33.7713661358107	0.0	2395588	9417.179393009535	1.4828255	4.3
8603.312014259469	1850	34.795056380850674	0.0	758197	2976.3097549600225	1.4793998	-0.6000000000000001
8604.849034056933	750	37.25803658338645	0.0	400396	1537.019797464232	1.62233	-0.3500000000000001
8606.324266349675	750	39.782804290644066	0.0	400508	1475.2322927423827	1.6133655	0.75
8609.17945989098	1850	40.92761074933973	0.0	873429	2855.1935413043407	1.6351845	0.75
8612.67138753838	1850	41.43568310194163	0.0	954453	3491.927647398097	1.6395531	1.85
8613.945275131284	750	44.16179550903679	0.0	369834	1273.8875929048388	1.6390411	-0.3500000000000001
8617.393826172392	1850	44.7132444679271	0.0	1035329	3448.55104110969	1.6545655	0.75
8622.894152900599	2850	43.212917739720915	0.0	1492672	5500.326728206189	1.6457841	1.85
8628.536975921668	2850	41.57009471865187	0.0	1439896	5642.823021069035	1.5492383	2.85
8632.717201134014	2850	41.38986950630608	0.0	1139291	4180.2252123457965	1.5472914	2.85
8637.50949193657	2850	40.597578703749	0.0	1499009	4792.2908025570805	1.5388374	2.85
8639.402192151152	1200	42.704878489166816	0.0	605884	1892.7002145821796	1.4955752	-0.44999999999999996
8641.440233344947	1200	44.6668372953707	0.0	587506	2038.0411937961167	1.672213	1.2
8645.260721224084	1850	44.84634941623344	0.0	858450	3820.48787913726	1.6668012	1.2000000000000002
8654.421875064596	4300	39.68519557572101	0.0	2184571	9161.153840512427	1.6286314	1.8499999999999996
8661.219866967807	4300	36.88720367251041	0.0	2121928	6797.991903210596	1.0448836	4.3
8674.214175035939	4300	27.892895604378417	0.0	2219102	12994.308068131995	0.99239546	4.3
8678.416002354783	1850	27.691068285535696	0.0	958994	4201.82731884272	1.500537	-0.6000000000000001
8680.163945627279	750	29.94312501303843	0.0	393804	1747.9432724972667	1.6509906	-0.3500000000000001
8688.25739758487	4300	25.849673055448143	0.0	1961140	8093.451957590284	1.6569968	0.75
8692.79497845066	2850	25.312092189659175	0.0	1364537	4537.580865788967	1.3089479	1.4000000000000001

