5802.2140419730595	750	4.0	4.236019030700693	450283	4236.019030700693	1.5258027	-17.46488183201298
5803.3567509906425	300	6.857290982416554	0.0	155580	1142.7090175834455	0.5439847	-0.15000000000000002
5806.952593594284	750	7.261448378775008	0.0	350812	3595.842603641546	0.83484805	0.3
5808.271102868699	300	9.94293910435924	0.0	155432	1318.509274415769	0.8717773	-0.15000000000000002
5813.915149883483	1200	8.298892089576524	0.0	652874	5644.047014782716	0.94575626	0.29999999999999993
5815.899794916809	300	10.314247056250274	0.0	126289	1984.6450333262512	1.0209874	-0.6000000000000001
5817.875473661779	300	12.338568311279056	0.0	153295	1975.6787449712178	0.9497539	0.3
5820.551812036082	300	13.662229936976676	0.0	173849	2676.338374302381	1.0324538	0.3
5828.03974060463	750	10.174301368428022	0.0	374758	7487.928568548654	1.0755813	0.3
5833.59080058252	750	8.623241390537832	0.0	362795	5551.059977890191	0.965819	0.75
5836.265032948331	300	9.949009024727347	0.0	141840	2674.232365810484	0.8795355	-0.15000000000000002
5844.856021289228	1200	5.358020683829509	0.0	594078	8590.988340897838	0.8851221	0.29999999999999993
5847.484285255277	750	6.729756717780552	0.0	386351	2628.2639660489567	0.34318402	0.3
5848.800080690275	300	9.413961282782754	0.0	179801	1315.7954349977983	0.82630223	-0.15000000000000002
5849.831047763189	300	12.382994209868217	0.0	140051	1030.9670729145387	0.94645834	0.3
5850.807418253995	300	15.406623719062775	0.0	138313	976.3704908054419	1.0590543	0.3
5851.709304096613	300	18.504737876443855	0.0	143509	901.8858426189224	1.2279545	0.3
5855.398578288348	1850	18.815463684708643	0.0	885714	3689.274191735209	1.3455688	0.30000000000000004
5862.412406294938	1200	15.80163567811999	0.0	639204	7013.828006588654	1.5399297	0.5499999999999999
5863.715321896211	300	18.498720076845764	0.0	140881	1302.9156012742299	1.3992914	-0.6000000000000001
5868.307558891028	1200	17.90648308202921	0.0	601738	4592.236994816552	1.351132	0.29999999999999993
5873.606983825655	1200	16.607058147401496	0.0	616206	5299.4249346277165	1.4249041	1.2
5881.19166246593	1200	13.022379507127491	0.0	656471	7584.6786402740045	1.4014517	1.2
5885.100471095355	1200	13.113570877701973	0.0	536667	3908.8086294255195	1.2721092	1.2
5885.93271719238	300	16.28132478067739	0.0	146754	832.2460970245793	1.3124803	-0.6000000000000001
5886.70735713522	300	19.5066848378366	0.0	153938	774.6399428407952	1.345102	0.3
5887.491215584985	300	22.722826388071763	0.0	181901	783.8584497648333	1.4054866	0.3
5888.019273045154	300	26.194768927903816	0.0	111155	528.0574601679483	1.472697	0.3
5890.582743348894	1200	27.631298624163872	0.0	622896	2563.470303739946	1.4981163	0.29999999999999993
5896.236492823695	1850	25.977549149362467	0.0	975811	5653.749474801402	1.5810524	1.2000000000000002
5913.744428165972	4300	12.46961380708477	0.0	2113193	17507.9353422777	1.6077352	1.8499999999999996
5915.6239425044005	300	14.590099468656392	0.0	157488	1879.5143384283786	1.4560388	-3.7
5921.455134511036	1200	12.758907462021071	0.0	584349	5831.192006635322	1.2757666	0.29999999999999993
5925.308889004288	300	12.905152968768832	0.0	163444	3853.7544932522405	1.3215382	-0.6000000000000001
5937.36786461369	750	4.846177359367499	0.0	401088	12058.975609401332	1.0663855	0.3
5942.137907703681	300	4.076134269376347	0.0	159914	4770.043089991153	0.124713585	-0.15000000000000002
5946.71608100858	300	4.0	0.5020390355224453	131610	4578.173304898792	0.010503313	-1.8587678527465148
5950.677384229292	300	4.038696779287332	0.0	124011	3961.303220712668	0.011067077	0.3
5955.252365398538	300	4.0	0.5362843899587296	144254	4574.981169246062	0.0068665487	-2.0060228768225374
5959.874123392453	300	4.0	0.6217579939144534	149991	4621.757993914453	0.0159798	-2.37355937383215
5964.195842919575	300	4.0	0.3217195271224118	147968	4321.719527122412	0.0075230617	-1.0833939666263708
5968.904335292124	300	4.0	0.7084923725490672	161857	4708.492372549067	0.008190158	-2.7465172019609887
5973.063175185228	300	4.0	0.15883989310316154	145210	4158.839893103162	0.008263949	-0.3830115403435946
5978.068246541484	300	4.0	1.0050713562567462	172312	5005.071356256746	0.010751503	-4.021806831904009
5982.928705013157	300	4.0	0.8604584716728495	167025	4860.45847167285	0.010527598	-3.3999714281932527
5986.976558242474	300	4.0	0.04785322931793553	160064	4047.8532293179355	0.0100369295	0.09423111393287723
5988.679062132208	300	6.2974961102668665	0.0	137507	1702.5038897331335	0.0121657	0.3
5989.769606088936	300	9.206952153539113	0.0	118421	1090.543956727753	0.11306443	0.3

