25888.34460730955	750	4.0	1.6132241480558394	450283	1613.2241480558394	1.211512	-6.186863836640109
25889.90605911179	750	6.438548197762211	0.0	398865	1561.4518022377888	1.1671249	0.75
25892.572825072315	1200	7.771782237238129	0.0	571051	2666.765960524083	1.2418277	0.75
25895.27982988991	1200	9.064777419639116	0.0	617681	2707.004817599012	1.2916054	1.2
25897.099861411356	750	11.244745898194946	0.0	411561	1820.03152144417	1.3228267	0.3
25898.699029909174	750	13.645577400375794	0.0	318564	1599.168497819152	1.2877818	0.75
25900.650766106413	1200	15.693841203139336	0.0	561791	1951.736197236458	1.3099844	0.75
25903.84724163411	1850	16.497365675440648	0.0	1060487	3196.4755276986866	1.453482	1.2000000000000002
25904.356371023267	300	19.98823628628673	0.0	150710	509.1293891539156	1.5330027	-1.25
25905.50568852615	750	22.838918783402736	0.0	362795	1149.3175028839933	1.3473668	0.3
25907.551395318922	1200	24.793211990631114	0.0	607410	2045.706792771624	1.4472208	0.75
25910.154580805884	1200	26.19002650367149	0.0	594078	2603.185486959626	1.5221878	1.2
25911.94795806436	750	28.39664924519697	0.0	386351	1793.3772584745186	1.5045893	0.3
25912.7925977994	300	31.5520095101595	0.0	179801	844.6397350374693	1.4516006	-0.15000000000000002
25916.58042321436	1850	31.76418409519599	0.0	821631	3787.825414963512	1.4129565	0.30000000000000004
25919.79413158785	1200	32.55047572171064	0.0	587876	3213.7083734853504	1.6549157	0.5499999999999999
25923.22544012076	750	33.11916718879923	0.0	360831	3431.3085329114024	1.542136	0.3
25925.811301787828	750	34.533305521732586	0.0	372963	2585.861667066643	1.4334636	0.75
25930.705596330816	1200	33.63901097874535	0.0	639204	4894.29454298724	1.4733481	0.75
25935.98781437587	1200	32.356792933688034	0.0	586839	5282.218045057314	1.5236763	1.2
25941.548832122757	1200	30.795775186801052	0.0	601738	5561.0177468869815	1.5012256	1.2
25942.78209497317	300	33.56251233639146	0.0	157812	1233.2628504096	1.4907341	-0.6000000000000001
25944.849319580182	750	35.49528772937754	0.0	401853	2067.2246070139136	1.4098471	0.3
25946.99339452427	750	37.35121278528988	0.0	343800	2144.074944087654	1.540838	0.75
25949.002189778254	750	39.34241753130609	0.0	359903	2008.7952539837913	1.5317152	0.75
25951.7379919563	1200	40.60661535326324	0.0	590335	2735.802178042851	1.5709862	0.75
25960.817231964265	1850	35.52737534529574	0.0	1076599	9079.240007967497	1.6972593	1.2000000000000002
25971.572012440094	2850	28.7725948694681	0.0	1141971	10754.78047582764	1.6142077	1.85
25979.48363756071	2850	24.86096974885322	0.0	1498470	7911.625120614883	1.6225963	2.85
25986.801809494507	4300	21.54279781505257	0.0	2164140	7318.171933800647	1.6070932	2.8499999999999996
25992.089939888945	4300	20.254667420610858	0.0	2113193	5288.130394441714	0.72829306	4.3
25998.76388246008	4300	17.580724849476347	0.0	2147852	6673.942571134511	0.5810292	4.3
26011.284015305344	4300	9.060592004213596	0.0	2191074	12520.132845262751	0.80730283	4.3
26015.463461483767	1200	8.881145825791627	0.0	670129	4179.44617842197	1.479476	-1.9000000000000001
26019.34773498901	1200	8.996872320546967	0.0	690253	3884.27350524466	1.2374268	1.2
26020.014169925504	300	12.330437384054889	0.0	159914	666.4349364920778	1.2581962	-0.6000000000000001
26022.146637360136	1200	14.1979699494227	0.0	487812	2132.46743463219	1.2844262	0.29999999999999993
26024.200361351162	750	16.144245958397498	0.0	361565	2053.723991025199	1.4948682	0.3
26028.02987075794	1850	16.314736551621817	0.0	908665	3829.509406775683	1.403634	0.75
26030.592047355745	1200	17.75255995381312	0.0	587506	2562.1765978086987	1.6170816	0.5499999999999999
26033.357303353212	1200	18.98730395634518	0.0	566904	2765.25599746794	1.5597311	1.2
26035.937578556168	1200	20.407028753387813	0.0	641452	2580.275202957364	1.5664722	1.2
26037.479183360207	750	22.865423949347075	0.0	372093	1541.6048040407418	1.6390584	0.3
26038.22360204447	300	26.121005265082708	0.0	172312	744.4186842643644	1.6112905	-0.15000000000000002
26038.947321174943	300	29.397286134610994	0.0	167025	723.7191304717172	1.5750415	0.3
26040.800693163375	750	31.543914146175393	0.0	393804	1853.371988435601	1.6299938	0.3
26041.45953871214	300	34.88506859741216	0.0	137507	658.8455487632301	1.7170869	-0.15000000000000002
26043.655253679866	1200	36.68935362968495	0.0	550906	2195.7149677272055	1.7054812	0.29999999999999993

