16271.3986909986	750	4.0	2.322935537655054	450283	2322.935537655054	1.2622452	-9.238622811916732
16272.476581167977	300	6.922109830622425	0.0	155580	1077.8901693775754	0.7259631	-0.15000000000000002
16275.840578641359	750	7.558112357241059	0.0	350812	3363.9974733813656	0.8748163	0.3
16278.60750862586	750	8.791182372738135	0.0	382355	2766.9299845029245	0.91635203	0.75
16281.42289761087	750	9.97579338772932	0.0	411561	2815.3889850088144	0.9871391	0.75
16282.278812045108	300	13.119878953490703	0.0	126289	855.9144342386165	1.1020213	-0.15000000000000002
16283.288904485167	300	16.109786513430482	0.0	153295	1010.0924400602192	1.1927452	0.3
16284.512309735514	300	18.88638126308386	0.0	173849	1223.405250346624	1.2786036	0.3
16285.572083153396	300	21.82660784520096	0.0	150710	1059.773417882899	1.3557347	0.3
16287.99409522709	750	23.404595771507022	0.0	362795	2422.0120736939375	1.3824848	0.3
16289.08123869849	300	26.3174523001077	0.0	141840	1087.1434713993228	1.4594775	-0.15000000000000002
16293.82720820967	1200	25.571482788928932	0.0	594078	4745.969511178765	1.4339037	0.29999999999999993
16297.125529739758	750	26.273161258839725	0.0	386351	3298.3215300892084	1.5122858	0.3
16300.3382009129	750	27.060490085696863	0.0	434409	3212.6711731428636	1.4610949	0.75
16303.673898311677	1200	27.724792686918473	0.0	526950	3335.697398778388	1.4947379	0.75
16307.693815765722	1200	27.704875232875718	0.0	587876	4019.917454042754	1.5439852	1.2
16321.806606771781	2850	17.59208422681761	0.0	1491626	14112.791006058105	1.5389826	1.2000000000000002
16325.057694906685	750	18.340996091912306	0.0	372963	3251.0881349053093	1.4807842	-1.35
16326.272522252759	300	21.126168745838747	0.0	165384	1214.8273460735563	1.368839	-0.15000000000000002
16327.720217299791	750	23.67847369880689	0.0	350713	1447.6950470318561	1.4196932	0.3
16329.332192449829	750	26.06649854876913	0.0	386472	1611.9751500377604	1.499111	0.75
16330.967004762511	750	28.43168623608582	0.0	399894	1634.81231268331	1.5276443	0.75
16339.84873912832	1850	23.549951870277948	0.0	968026	8881.734365807875	1.5311486	0.75
16344.820572528559	1850	22.57811847003823	0.0	874175	4971.833400239717	1.5358417	1.85
16348.568621797232	1850	22.830069201366463	0.0	897976	3748.0492686717653	1.5995145	1.85
16352.414718748587	1850	22.98397225001285	0.0	905935	3846.0969513536124	1.5951053	1.85
16354.301094263297	750	25.09759673530233	0.0	425781	1886.3755147105223	1.5892478	-0.3500000000000001
16357.461520524805	1850	25.93717047379366	0.0	758197	3160.4262615086695	1.5497509	0.75
16358.184558998048	300	29.21413200055058	0.0	153605	723.038473243081	1.5964361	-1.25
16362.23683909724	1850	29.161851901358823	0.0	975811	4052.2800991917557	1.5121806	0.30000000000000004
16365.93351881351	1850	29.46517218508968	0.0	873429	3696.6797162691387	1.6327341	1.85
16367.679241969789	750	31.719449028810224	0.0	400322	1745.7231562794586	1.6305047	-0.3500000000000001
16369.286646878749	750	34.11204411985025	0.0	369834	1607.404908959975	1.6004503	0.75
16373.322962460545	1850	34.075728538054946	0.0	1035329	4036.3155817953107	1.6061261	0.75
16382.544092515698	4300	28.854598482900844	0.0	2307787	9221.130055154099	1.6424057	1.8499999999999996
16388.654213719426	2850	26.74447727917097	0.0	1439896	6110.121203729877	1.5329534	1.4000000000000001
16392.23485450421	1850	27.163836494386707	0.0	728962	3580.6407847842593	1.6347146	0.8500000000000001
16403.070428694882	2850	20.328262303718752	0.0	1499009	10835.574190667958	1.6336367	1.85
16408.154490204586	1850	19.244200794012364	0.0	908665	5084.061509706385	1.5758753	0.8500000000000001
16411.081899027493	1200	20.316791971105317	0.0	587506	2927.4088229070458	1.571051	0.5499999999999999
16411.822005589314	300	23.5766854092862	0.0	147968	740.1065618191211	1.562832	-0.6000000000000001
16412.750756470206	300	26.647934528393517	0.0	161857	928.7508808926779	1.5254207	0.3
16415.90856715716	1200	27.4901238414402	0.0	599477	3157.8106869533167	1.5808026	0.29999999999999993
16418.589486788573	750	28.809204210030032	0.0	438281	2680.919631410172	1.6090714	0.3
16419.558465884933	300	31.84022511366706	0.0	167025	968.9790963629727	1.5936031	-0.15000000000000002
16424.574339898958	1850	30.824351099643287	0.0	982064	5015.874014023773	1.6297902	0.30000000000000004
16431.405793306854	2850	27.99289769174751	0.0	1231456	6831.453407895781	1.65658	1.85
16437.093175303056	1850	26.30551569554688	0.0	846370	5687.381996200626	1.6082157	0.8500000000000001

