5019.7737743372745	750	4.0	2.8275693741498356	450283	2827.5693741498358	1.3029393	-11.408548308844292
5020.6063747337985	300	7.167399603477153	0.0	155580	832.600396522847	0.9377197	-0.15000000000000002
5022.127478780233	750	9.646295557042475	0.0	350812	1521.1040464346786	1.0894545	0.3
5022.933472708175	300	12.84030162910076	0.0	155432	805.9939279417159	1.2822989	-0.15000000000000002
5028.1874181272115	750	11.586356210063522	0.0	411561	5253.945419037236	1.2220043	0.3
5029.729371300711	300	14.044403036563832	0.0	126289	1541.9531734996908	1.1185127	-0.15000000000000002
5046.062190803001	1850	4.0	2.2884164657257626	905515	16332.819502289594	1.1349773	-9.54019080262078
5051.967749055674	300	4.0	1.9055582526739991	173849	5905.558252673999	0.2174589	-9.443900486498196
5055.900534793261	300	4.067214262413901	0.0	150710	3932.785737586099	0.037034042	0.3
5059.062713076659	300	4.905035979015978	0.0	139105	3162.1782833979223	0.0448945	0.3
5061.900254677214	300	6.067494378460266	0.0	141840	2837.5416005557126	0.101383805	0.3
5064.532243282667	300	7.435505773007544	0.0	156148	2631.9886054527215	0.22331853	0.3
5067.585799415248	300	8.38194964042683	0.0	160746	3053.5561325807143	0.36768404	0.3
5077.0920196326115	750	4.0	1.1242705769363965	434409	9506.220217363227	0.4510657	-4.534363480826505
5080.130994346941	300	4.9610252856695185	0.0	140051	3038.974714330481	0.014851095	-0.15000000000000002
5082.5827789849445	300	6.509240647666806	0.0	138313	2451.7846380027127	0.060091987	0.3
5085.088014151473	300	8.004005481138535	0.0	143509	2505.2351665282704	0.25919592	0.3
5087.971742707166	300	9.120276925444513	0.0	150616	2883.7285556940233	0.45642275	0.3
5097.485474072513	750	4.0	0.39345443990148854	405596	9513.731365346	0.5802146	-1.3918540915764006
5101.928084294648	300	4.0	0.4426102221350493	140881	4442.610222135049	0.024187451	-2.053223955180712
5103.447797733299	300	6.480286561348636	0.0	157671	1519.7134386513644	0.01613818	0.3
5104.827941442724	300	9.100142851923678	0.0	157812	1380.1437094249573	0.3215292	0.3
5106.315859396166	300	11.612224898481948	0.0	163927	1487.9179534417308	0.82980263	0.3
5107.685856626138	300	14.242227668509855	0.0	137654	1369.9972299720914	1.0048168	0.3
5109.134069642115	300	16.794014652533427	0.0	146754	1448.2130159764286	1.0892487	0.3
5115.427479348795	1200	14.500604945853363	0.0	590335	6293.409706680064	1.1606883	0.29999999999999993
5126.354062538228	1850	7.574021756419923	0.0	1076599	10926.58318943344	1.2337497	1.2000000000000002
5128.166855380893	750	9.761228913754723	0.0	277716	1812.7928426652	1.0409474	-0.3500000000000001
5129.196890786239	300	12.731193508408976	0.0	153605	1030.0354053457463	1.1263204	-0.15000000000000002
5132.73875502471	750	13.189329269937454	0.0	400508	3541.8642384715213	1.151793	0.3
5136.654991383516	750	13.273092911132123	0.0	358218	3916.2363588053327	1.2008833	0.75
5148.537751654172	1200	5.390332640476308	0.0	620283	11882.760270655814	1.1739426	0.75
5150.783996565474	300	7.144087729174615	0.0	143881	2246.2449113016933	0.23128822	-0.6000000000000001
5152.868805183073	300	9.059279111575187	0.0	163444	2084.808617599428	0.44999796	0.3
5156.538873021068	750	9.389211273580997	0.0	401088	3670.0678379941887	0.7637417	0.3
5158.135308908486	300	11.792775386163592	0.0	159914	1596.4358874174045	1.0434602	-0.15000000000000002
5159.877348275539	750	14.050736019110849	0.0	321064	1742.0393670527426	1.0656029	0.3
5163.44553589665	1200	14.482548397999489	0.0	575591	3568.18762111136	1.3437674	0.75
5165.09395895387	750	16.83412534077846	0.0	378327	1648.42305722103	1.4090525	0.3
5178.323506435415	1850	7.6045778592341104	0.0	930577	13229.54748154435	1.4465842	0.75
5184.310178929645	750	5.61790536500286	0.0	345516	5986.67249423125	0.8920007	-0.3500000000000001
5187.356769316079	300	6.571314978569431	0.0	161857	3046.5903864334286	0.3420059	-0.15000000000000002
5192.15988341609	300	5.768200878558794	0.0	145210	4803.114100010637	0.37512487	0.3
5197.188748595655	300	4.739335698994294	0.0	172312	5028.8651795645	0.14214294	0.3
5201.006183827487	300	4.92190046716261	0.0	167025	3817.4352318316837	0.041195396	0.3
5204.237279623609	300	5.690804671040547	0.0	160064	3231.095796122063	0.05411942	0.3
5210.120680951754	750	4.0	0.1925966571052595	331053	5883.4013281458065	0.13487385	-0.5281656255526159
5212.48000724195	300	5.64067370980415	0.0	118421	2359.32629019585	0.035657786	-0.15000000000000002

