9031.18352437184	750	4.0	4.316718207694552	450283	4316.718207694552	1.6460255	-17.81188829308657
9031.978932400245	300	7.204591971595131	0.0	155580	795.4080284048688	0.53790325	-0.15000000000000002
9032.99167328649	300	10.191851085350168	0.0	139857	1012.740886244963	0.88284904	0.3
9035.261981439584	750	11.921542932256417	0.0	382355	2270.3081530937525	1.0079944	0.3
9038.295639868938	750	12.887884502899986	0.0	411561	3033.6584293564297	1.164345	0.75
9045.665823030165	1850	9.517701341673124	0.0	801058	7370.183161226862	1.2343373	0.75
9053.384015482365	1200	5.799508889474993	0.0	561791	7718.192452198132	1.1921501	0.5499999999999999
9059.820784718617	750	4.0	0.6372603467771569	437162	6436.769236252149	0.8491986	-2.4402194911417747
9061.747572459473	300	6.073212259142043	0.0	150710	1926.7877408579573	0.4263637	-0.15000000000000002
9063.224445209646	300	8.596339508972441	0.0	139105	1476.8727501696012	0.72725314	0.3
9064.623033151542	300	11.197751567076274	0.0	141840	1398.587941896167	0.8971687	0.3
9070.304070698594	1200	9.516714020023366	0.0	594078	5681.037547052908	1.0084174	0.29999999999999993
9071.83493198038	300	11.985852738237666	0.0	160746	1530.8612817856986	1.049158	-0.6000000000000001
9073.501993988739	300	14.318790729879735	0.0	179801	1667.0620083579329	1.0173051	0.3
9078.57410399244	1200	13.24668072617931	0.0	526950	5072.110003700425	1.1641425	0.29999999999999993
9080.166080373712	300	15.654704344906715	0.0	138313	1591.9763812725937	1.2587228	-0.6000000000000001
9093.78771738698	1850	6.033067331639735	0.0	966699	13621.63701326698	1.1995741	0.30000000000000004
9096.487256737679	300	7.3335279809400715	0.0	150616	2699.5393506996634	0.793626	-1.25
9098.965919875534	300	8.85486484308511	0.0	165384	2478.6631378549628	0.7242124	0.3
9105.141816192314	750	6.678968526304963	0.0	350713	6175.896316780147	0.8679572	0.3
9107.702097588342	300	8.118687130276976	0.0	157671	2560.281396027987	0.37468806	-0.15000000000000002
9109.58758812392	300	10.233196594696466	0.0	157812	1885.4905355805095	0.80037206	0.3
9111.602543243034	300	12.218241475583854	0.0	163927	2014.9551191126125	0.85194284	0.3
9113.347434262545	300	14.473350456071243	0.0	137654	1744.8910195126123	0.97126293	0.3
9117.04069720898	750	14.780087509637266	0.0	359903	3693.262946433976	1.0896325	0.3
9120.061778840662	300	15.759005877956032	0.0	153938	3021.0816316812334	1.1689249	-0.15000000000000002
9124.200672849513	750	15.620111869105028	0.0	425781	4138.894008851004	1.0833097	0.3
9130.131696036333	1850	13.689088682284206	0.0	758197	5931.023186820821	1.2630045	0.75
9138.087231253965	1850	9.733553464652628	0.0	972798	7955.535217631577	1.374629	1.85
9143.166979087784	1200	8.653805630832728	0.0	641447	5079.747833819901	1.2061169	0.5499999999999999
9144.196237041662	300	11.6245476769569	0.0	157421	1029.2579538758296	1.0669712	-0.6000000000000001
9146.873888000959	750	12.946896717658406	0.0	400322	2677.650959298493	1.1011149	0.3
9149.26826576587	750	14.552518952748386	0.0	369834	2394.377764910021	1.267281	0.75
9151.696113959622	750	16.124670758997386	0.0	412837	2427.848193750999	1.3205373	0.75
9156.043548050902	1200	15.777236667716327	0.0	690253	4347.434091281059	1.397626	0.75
9157.21309333789	300	18.607691380730234	0.0	159914	1169.5452869860942	1.4530313	-0.6000000000000001
9158.270159452784	300	21.550625265835038	0.0	131610	1057.066114895196	1.4580935	0.3
9158.995527960851	300	24.825256757768027	0.0	124011	725.368508067011	1.4741801	0.3
9159.934376283523	300	27.88640843509776	0.0	144254	938.8483226702658	1.5183427	0.3
9162.279482491738	750	29.54130222688197	0.0	390680	2345.1062082157923	1.5543336	0.3
9164.255345440064	750	31.56543927855732	0.0	345516	1975.862948324647	1.596634	0.75
9169.453908523032	1850	30.366876195588482	0.0	1025005	5198.5630829688425	1.6105963	0.75
9176.329245904428	2850	27.49153881419367	0.0	1343002	6875.337381394807	1.6404257	1.85
9179.30553559322	1200	28.515249125402423	0.0	634861	2976.289688791246	1.6218164	-0.44999999999999996
9180.152182736636	300	31.66860198198616	0.0	167025	846.6471434162622	1.636559	-0.6000000000000001
9183.044344947932	1200	32.77643977068867	0.0	638661	2892.162211297496	1.6230799	0.29999999999999993
9195.952331845418	4300	23.86845287320309	0.0	1961140	12907.986897485576	1.6708246	1.1999999999999997
9210.597598935652	4300	13.223185782968896	0.0	2155012	14645.267090234192	1.5879028	4.3

