22004.03816874019	750	4.0	1.8710689380755445	450283	1871.0689380755446	1.1875305	-7.295596433724841
22007.226596403252	1850	4.811572336938687	0.0	957685	3188.4276630613126	1.1248676	0.75
22009.57032401636	1850	6.467844723831776	0.0	877771	2343.727613106911	1.3941946	1.85
22012.11000410244	1850	7.928164637752642	0.0	933276	2539.6800860791345	1.4344847	1.85
22013.366004728054	750	10.672164012140135	0.0	411561	1256.0006256125073	1.4494637	-0.3500000000000001
22015.113168433534	1200	12.925000306657308	0.0	520315	1747.1637054828254	1.3303674	0.75
22015.719459637196	300	16.318709102996465	0.0	153295	606.2912036608443	1.4258419	-0.6000000000000001
22016.56565901249	300	19.472509727701297	0.0	173849	846.1993752951661	1.2956964	0.3
22019.922551269487	1200	20.115617470703643	0.0	584846	3356.892256997653	1.2923136	0.29999999999999993
22021.116884646657	750	22.921284093531426	0.0	362795	1194.3333771722184	1.4212383	0.3
22023.999269789587	1850	24.038898950601038	0.0	939819	2882.385142930389	1.4445612	0.75
22028.091261997888	2850	23.94690674230045	0.0	1519951	4091.9922083005868	1.6142974	1.85
22030.266836091552	1200	25.771332648636967	0.0	624282	2175.574093663483	1.587884	-0.44999999999999996
22032.69794886562	1200	27.34021987456593	0.0	687371	2431.1127740710363	1.5366396	1.2
22035.338922080955	1850	28.69924665923345	0.0	821631	2640.9732153324817	1.5561515	1.2000000000000002
22039.37646659691	2850	28.66170214328012	0.0	1471065	4037.5445159533306	1.6708316	1.85
22047.44267408678	4300	24.59549465341026	0.0	2289689	8066.20748986986	1.3787522	2.8499999999999996
22056.071939471953	4300	19.966229268235367	0.0	2059512	8629.265385174893	0.990557	4.3
22060.219424694125	1850	19.818744046063163	0.0	987708	4147.485222172201	1.3158643	-0.6000000000000001
22067.37452980827	1850	16.663638931919973	0.0	923755	7155.105114143189	1.5724684	1.85
22071.171033210547	750	16.867135529642447	0.0	386472	3796.5034022775258	1.4264109	-0.3500000000000001
22071.54650173791	300	20.491667002276767	0.0	157812	375.46852736567956	1.2852944	-0.15000000000000002
22077.446058989528	1200	18.592109750658622	0.0	656471	5899.557251618144	1.4295207	0.29999999999999993
22083.844845224467	1200	16.193323515720596	0.0	536667	6398.7862349380275	1.3750496	1.2
22088.5471116142	1200	15.49105712598448	0.0	587236	4702.266389736115	1.3025302	1.2
22092.240270379603	750	15.797898360582243	0.0	379700	3693.158765402238	1.3484606	0.3
22093.831128608042	300	18.207040132140843	0.0	181901	1590.8582284413985	1.2581831	-0.15000000000000002
22096.146278382956	750	19.89189035722653	0.0	277716	2315.1497749143136	1.2461439	0.3
22101.227806734914	1200	18.810362005266093	0.0	622896	5081.528351960438	1.3506745	0.75
22102.696382754297	300	21.34178598588588	0.0	149029	1468.5760193802073	1.3969413	-0.6000000000000001
22108.205965948935	1200	19.83220279124612	0.0	570392	5509.583194639764	1.2886292	0.29999999999999993
22115.578395051263	1200	16.45977368891827	0.0	620283	7372.429102327852	1.3965118	1.2
22119.276817377366	750	16.76135136281587	0.0	369834	3698.422326102398	1.291284	0.3
22124.621850998003	1200	15.416317742178856	0.0	670129	5345.033620637011	1.2854899	0.75
22129.984990164885	1200	14.053178575297952	0.0	690253	5363.139166880904	1.3582306	1.2
22132.97286144229	750	15.065307297891668	0.0	365161	2987.8712774062847	1.3343298	0.3
22136.944850779684	1200	15.093317960498753	0.0	487812	3971.989337392916	1.3055266	0.75
22138.09953721091	300	17.93863152926856	0.0	124011	1154.6864312301955	1.395494	-0.6000000000000001
22142.860768266546	1200	17.177400473632368	0.0	605884	4761.231055636193	1.2879407	0.29999999999999993
22145.89529337546	750	18.142875364719693	0.0	390680	3034.525108912672	1.4399718	0.3
22153.25221084305	1850	14.785957897129288	0.0	858450	7356.917467590405	1.4044778	0.75
22157.358897202957	750	14.67927153722036	0.0	384505	4106.686359908927	1.4520226	-0.3500000000000001
22161.084308906076	750	14.95385983410306	0.0	372093	3725.411703117302	1.2922323	0.75
22164.429532615275	750	15.608636124904946	0.0	438281	3345.2237091981133	1.3165646	0.75
22168.333927226082	1200	15.704241514096825	0.0	630203	3904.394610808121	1.3872339	0.75
22169.602059856486	300	18.436108883691045	0.0	160064	1268.1326304057795	1.5138147	-0.6000000000000001
22172.070968611435	750	19.967200128741236	0.0	331053	2468.9087549498126	1.3945516	0.3
22174.372064145784	750	21.66610459439003	0.0	314107	2301.095534351202	1.5198507	0.75

