5973.855650540947	750	4.0	4.549356298858494	450283	4549.356298858494	1.0508366	-18.812232085091523
5975.342459616938	300	6.513190924009408	0.0	155580	1486.8090759905917	0.5670968	-0.15000000000000002
5977.737611517069	750	8.118039023878083	0.0	350812	2395.151900131324	0.9108504	0.3
5979.015943350033	300	10.839707190913877	0.0	155432	1278.3318329642061	1.1316009	-0.15000000000000002
5984.33313825625	1200	9.52251228469679	0.0	652874	5317.194906217089	1.0839881	0.29999999999999993
5985.6807291403975	300	12.174921400549483	0.0	126289	1347.5908841473065	1.1899213	-0.6000000000000001
5990.589800910403	1200	11.265849630543538	0.0	561791	4909.071770005945	1.084198	0.29999999999999993
5992.022300476447	300	13.833350064499395	0.0	173849	1432.4995660441446	1.2276111	-0.6000000000000001
5995.364538393645	750	14.491112147301381	0.0	374758	3342.2379171980137	1.1456198	0.3
5998.574000170041	750	15.281650370904995	0.0	362795	3209.461776396387	1.2306168	0.75
5999.893639561798	300	17.962010979147287	0.0	141840	1319.6393917577088	1.2466056	-0.15000000000000002
6005.447768730951	1200	16.407881809995438	0.0	594078	5554.12916915185	1.2190368	0.29999999999999993
6009.919997876532	750	15.93565266441408	0.0	386351	4472.229145581357	1.3246738	0.3
6014.783606981084	750	15.07204355986132	0.0	434409	4863.609104552759	1.2326179	0.75
6019.1094867990205	1200	14.746163741924748	0.0	526950	4325.87981793657	1.2189312	0.75
6020.491872228586	300	17.363778312359806	0.0	138313	1382.3854295649455	1.3277187	-0.6000000000000001
6027.482377154147	1200	14.373273386798006	0.0	617242	6990.5049255618	1.2136481	0.29999999999999993
6031.905891324764	750	13.949759216181679	0.0	372963	4423.514170616326	1.2574483	0.3
6037.004864493405	1200	12.85078604753993	0.0	639204	5098.973168641749	1.1885796	0.75
6038.070617187271	300	15.785033353673144	0.0	140881	1065.7526938667852	1.2792555	-0.6000000000000001
6042.3011534576	1200	15.554497083344781	0.0	601738	4230.536270328365	1.2149891	0.29999999999999993
6046.96938472737	1200	14.886265813574216	0.0	616206	4668.231269770563	1.3616406	1.2
6052.155336747105	1200	13.700313793838792	0.0	656471	5185.952019735426	1.3335037	1.2
6055.980014754633	1200	13.875635786311053	0.0	536667	3824.678007527738	1.2974863	1.2
6057.036349473769	300	16.81930106717439	0.0	146754	1056.3347191366647	1.3295197	-0.6000000000000001
6058.247150721612	300	19.608499819332007	0.0	153938	1210.8012478423861	1.2361451	0.3
6059.842832754107	300	22.012817786837534	0.0	181901	1595.6820324944717	1.268848	0.3
6060.80906217183	300	25.046588369115092	0.0	111155	966.2294177224429	1.2952148	0.3
6066.415458150147	1200	23.44019239079766	0.0	622896	5606.395978317431	1.325181	0.29999999999999993
6074.78212809831	1850	19.073522442635092	0.0	975811	8366.669948162571	1.4383589	1.2000000000000002
6083.923546179033	1200	13.932104361912332	0.0	570392	9141.418080722759	1.4328455	0.5499999999999999
6085.94102711554	300	15.914623425405084	0.0	157488	2017.4809365072472	1.1693367	-0.6000000000000001
6093.958982187362	1200	11.896668353583273	0.0	584349	8017.955071821812	1.1754224	0.29999999999999993
6095.772441467468	300	14.083209073477876	0.0	163444	1813.459280105397	1.1489538	-0.6000000000000001
6100.1362786551945	750	13.719371885750931	0.0	401088	4363.837187726946	1.1444786	0.3
6103.842052729905	750	14.013597811041377	0.0	365161	3705.774074709554	1.2133129	0.75
6105.062082586577	300	16.793567954368495	0.0	131610	1220.0298566728823	1.2451239	-0.15000000000000002
6107.892349760135	750	17.963300780809814	0.0	361565	2830.2671735586864	1.2530822	0.3
6109.186134200888	300	20.66951634005744	0.0	144254	1293.7844407523694	1.3800004	-0.15000000000000002
6112.373234719144	750	21.48241582180135	0.0	390680	3187.1005182560916	1.3414559	0.3
6118.003191853668	1200	19.85245868727791	0.0	566904	5629.95713452344	1.4456514	0.75
6129.968535015548	1850	11.88711552539759	0.0	1025005	11965.34316188032	1.4659232	1.2000000000000002
6136.599098242336	750	9.256552298609671	0.0	372093	6630.563226787919	1.205494	-0.3500000000000001
6144.209508886833	750	5.646141654112735	0.0	438281	7610.410644496937	0.9108355	0.75
6145.998378401975	300	7.85727213897055	0.0	167025	1788.8695151421855	0.28072876	-0.15000000000000002
6147.754975019523	300	10.100675521423058	0.0	160064	1756.5966175474919	0.7785098	0.3
6149.214269107669	300	12.641381433277337	0.0	137507	1459.294088145722	1.0542197	0.3
6153.108112816869	750	12.74753772407634	0.0	314107	3893.843709200997	1.1729659	0.3

