21512.958090051015	750	4.0	2.7931852023610926	450283	2793.1852023610927	1.5080124	-11.260696370152697
21513.5974527041	300	7.360637346917347	0.0	155580	639.3626530826534	0.66799885	-0.15000000000000002
21514.170193966154	300	10.787896084860769	0.0	139857	572.7412620565774	0.9403678	0.3
21516.23311417466	1200	12.724975876354943	0.0	617681	2062.9202085058255	1.147856	0.29999999999999993
21517.65162951175	750	15.306460539263677	0.0	411561	1418.5153370912672	1.3873749	0.3
21522.7693548151	2850	14.188735235915052	0.0	1224260	5117.725303348625	1.424102	0.75
21524.268804047613	750	16.68928600339857	0.0	352642	1499.4492325164817	1.5694929	-1.35
21525.160522235557	300	19.797567815453643	0.0	173849	891.718187944926	1.4041166	-0.15000000000000002
21526.830253787266	750	22.127836263746477	0.0	374758	1669.7315517071654	1.4034979	0.3
21528.195894695702	750	24.762195355308894	0.0	362795	1365.640908437585	1.4629289	0.75
21534.00496616591	1850	22.953123885100794	0.0	939819	5809.071470208098	1.499819	0.75
21538.563809708656	750	22.39428034235688	0.0	405134	4558.843542743915	1.5527259	-0.3500000000000001
21544.65707979577	750	20.30101025524523	0.0	386351	6093.270087111649	1.4101546	0.75
21547.603215170268	300	21.354874880745584	0.0	179801	2946.1353744996436	1.364854	-0.15000000000000002
21549.490714906995	300	23.467375144019964	0.0	140051	1887.4997367256215	1.341049	0.3
21550.708135922287	300	26.249954128728763	0.0	138313	1217.4210152911987	1.3693206	0.3
21551.830069803676	300	29.128020247336877	0.0	143509	1121.933881391886	1.402357	0.3
21554.444489847065	750	30.513600203949768	0.0	372963	2614.420043387109	1.4454962	0.3
21555.467099723886	300	33.49099032712843	0.0	165384	1022.6098768213435	1.5049517	-0.15000000000000002
21556.183567202937	300	36.77452284807897	0.0	140881	716.467479049456	1.5045481	0.3
21557.110680382048	300	39.84740966896753	0.0	157671	927.113179111444	1.5557283	0.3
21563.16716724516	1850	37.79092280585199	0.0	955231	6056.486863115532	1.5655872	0.30000000000000004
21567.32879752318	1850	37.629292527835176	0.0	968026	4161.630278016817	1.5922288	1.85
21570.983875835773	1850	37.974214215240444	0.0	874175	3655.0783125947332	1.612248	1.85
21575.385091474825	2850	37.57299857618966	0.0	1383735	4401.2156390507835	1.6139432	1.85
21578.072334033026	1850	38.88575601798692	0.0	905935	2687.242558202739	1.6225052	0.8500000000000001
21581.69616504522	1850	39.2619250057955	0.0	1076599	3623.8310121914196	1.6326175	1.85
21585.641317280275	2850	39.31677277074298	0.0	1141971	3945.152235052518	1.6374168	1.85
21591.191536894185	2850	37.76655315683214	0.0	1498470	5550.219613910842	1.6237391	2.85
21592.784510809503	750	40.17357924151383	0.0	400508	1592.9739153183077	1.6271214	-1.35
21599.209637973796	2850	37.7484520772207	0.0	1341201	6425.127164293134	1.6359483	0.75
21603.04781391574	1850	37.91027613528188	0.0	954453	3838.1759419388095	1.6376612	0.8500000000000001
21604.46649287214	750	40.491597178879026	0.0	369834	1418.678956402859	1.6542543	-0.3500000000000001
21611.402458742697	2850	37.555631308324934	0.0	1587293	6935.965870554096	1.6323987	0.75
21613.201356297177	1200	39.75673375384399	0.0	690253	1798.8975544809434	1.6265942	-0.44999999999999996
21616.322174280125	1200	40.63591577089397	0.0	598727	3120.8179829500186	1.667096	1.2
21618.06853913682	1200	42.88955091419999	0.0	487812	1746.364856693988	1.6590273	1.2
21622.09792818035	1850	42.86016187067263	0.0	938587	4029.389043527359	1.6651442	1.2000000000000002
21630.31347838703	4300	38.644611663990155	0.0	2133870	8215.550206682477	1.6419413	1.8499999999999996
21640.842287897318	4300	32.11580215370218	0.0	2146120	10528.809510287976	1.1613345	4.3
21647.530505521805	4300	29.42758452921577	0.0	2108491	6688.217624486406	1.4538879	4.3
21651.200176796687	1850	29.757913254332713	0.0	1025005	3669.671274883057	1.1490258	-0.6000000000000001
21654.95637921803	2850	30.001710832989048	0.0	1343002	3756.2024213436657	1.648549	1.85
21657.86983222554	1850	31.08825782548152	0.0	973972	2913.4530075075268	1.5329425	0.8500000000000001
21663.69759247966	1850	29.260497571360162	0.0	958994	5827.760254121357	1.648807	1.85
21668.448213269192	1850	28.509876781829043	0.0	982064	4750.620789531122	1.6305207	1.85
21670.352095132544	750	30.605994918475695	0.0	331053	1903.881863353348	1.6585052	-0.3500000000000001
21671.010619707235	300	33.9474703437852	0.0	118421	658.5245746904909	1.6623722	-0.15000000000000002

