8211.18415350842	750	4.0	3.9247822452337946	450283	3924.7822452337946	1.4650406	-16.126563654505315
8214.349781812023	750	4.834371696397409	0.0	398865	3165.6283036025907	0.6684001	0.75
8217.16060834175	750	6.023545166669162	0.0	350812	2810.8265297282464	0.8522627	0.75
8218.231665248151	300	8.952488260267836	0.0	155432	1071.056906401326	0.99128103	-0.15000000000000002
8219.51583038876	300	11.668323119659588	0.0	163442	1284.16514060825	1.0435693	0.3
8220.242765039286	300	14.941388469134857	0.0	126289	726.9346505247295	1.1106901	0.3
8223.518404633212	1200	15.665748875206384	0.0	561791	3275.6395939284735	1.2202561	0.29999999999999993
8227.789977488173	1200	15.39417602024598	0.0	709534	4271.572854960404	1.36913	1.2
8233.567209035462	1200	13.616944472957456	0.0	584846	5777.231547288524	1.3461835	1.2
8235.549469578531	750	15.6346839298889	0.0	362795	1982.260543068557	1.2552955	0.3
8238.993329749446	1200	16.19082375897315	0.0	607410	3443.860170915751	1.3129926	0.75
8242.423564845274	750	16.760588663146198	0.0	405134	3430.235095826955	1.3836768	0.3
8250.400367980948	1200	12.783785527470808	0.0	624282	7976.803135675389	1.2773687	0.75
8257.803220570724	1200	9.380932937695773	0.0	687371	7402.852589775035	1.1853343	1.2
8259.293516642241	300	11.89063686617746	0.0	140051	1490.2960715183142	1.0883678	-0.6000000000000001
8260.68317376968	300	14.500979738739863	0.0	138313	1389.6571274375958	1.0621583	0.3
8262.154757983342	300	17.029395525077277	0.0	143509	1471.5842136625856	1.1538725	0.3
8263.678374655923	300	19.505778852496572	0.0	150616	1523.6166725807072	1.2038069	0.3
8269.145583232712	1200	18.038570275707073	0.0	639204	5467.2085767895	1.2400113	0.29999999999999993
8280.127692299724	1200	11.05646120869494	0.0	586839	10982.109067012132	1.3636404	1.2
8283.722260710538	300	11.461892797880816	0.0	157671	3594.5684108141227	1.0141385	-0.6000000000000001
8285.831693339353	300	13.3524601690653	0.0	157812	2109.432628815518	0.935399	0.3
8291.071739575664	750	12.112413932755258	0.0	401853	5240.0462363100405	1.0752087	0.3
8298.196774651335	1200	8.987378857083863	0.0	536667	7125.035075671397	1.1001006	0.75
8300.122847070936	300	11.06130643748337	0.0	146754	1926.072419600493	1.0482658	-0.6000000000000001
8301.663938014262	300	13.520215494155469	0.0	153938	1541.090943327902	0.9918314	0.3
8303.272993966495	300	15.911159541924233	0.0	181901	1609.0559522312365	1.1118988	0.3
8305.574600706652	750	17.60955280176757	0.0	277716	2301.6067401566606	1.1905175	0.3
8307.860680209349	300	19.323473299069537	0.0	153605	2286.079502698035	1.3113712	-0.15000000000000002
8316.051794980618	1200	15.132358527801498	0.0	641447	8191.114771268039	1.2158742	0.29999999999999993
8324.5001636996	1200	10.68398980881917	0.0	570392	8448.368718982329	1.2355905	1.2
8329.434255878214	750	9.749897630205883	0.0	400322	4934.092178613287	1.0676728	0.3
8332.179061624514	750	11.005091883906045	0.0	369834	2744.8057462998386	1.002808	0.75
8336.390628801857	1200	10.79352470656348	0.0	670129	4211.5671773425665	1.1528889	0.75
8342.059944807252	1850	9.124208701168776	0.0	1026056	5669.316005394703	1.2711351	1.2000000000000002
8350.818208073078	1850	4.365945435342367	0.0	943942	8758.26326582641	1.3365399	1.85
8351.45325914274	300	7.730894365681444	0.0	131610	635.0510696609214	0.8392204	-1.25
8353.318915453536	750	9.8652380548838	0.0	361565	1865.6563107976424	1.0389119	0.3
8355.514236498337	750	11.669917010083566	0.0	378327	2195.3210448002346	1.2267667	0.75
8361.527676262725	1200	9.656477245693388	0.0	587506	6013.4397643901775	1.2725242	0.75
8362.531345056173	300	12.652808452244766	0.0	147968	1003.6687934486221	1.1568187	-0.6000000000000001
8364.543812708693	750	14.640340799725381	0.0	384505	2012.4676525193852	1.2009676	0.3
8365.240505431015	300	17.943648077404642	0.0	145210	696.6927223207407	1.4155376	-0.15000000000000002
8367.849653371486	750	19.33450013693246	0.0	438281	2609.1479404721836	1.4089813	0.3
8372.543437743414	1850	18.640715765005297	0.0	958994	4693.784371927161	1.4979117	0.75
8374.511574238622	750	20.672579269796216	0.0	393804	1968.1364952090817	1.6530441	-0.3500000000000001
8375.288143890846	300	23.896009617572222	0.0	137507	776.5696522239971	1.5781443	-0.15000000000000002
8377.481193394096	750	25.70296011432352	0.0	314107	2193.0495032487033	1.5266694	0.3

