12729.40773840769	750	4.0	6.3928079957343495	450283	6392.80799573435	0.2627205	-26.7390743816577
12730.476826017428	300	6.93091239026107	0.0	155580	1069.0876097389298	0.35906565	-0.15000000000000002
12734.673991807753	750	6.733746599936766	0.0	350812	4197.165790324304	1.0089072	0.3
12737.781884178874	750	7.62585422881631	0.0	382355	3107.892371120456	0.9240794	0.75
12739.071630404871	300	10.336108002818149	0.0	163442	1289.7462259981605	1.0330842	-0.15000000000000002
12742.897255634258	1200	10.510482773430867	0.0	520315	3825.6252293872813	1.0583035	0.29999999999999993
12746.069169571674	750	11.338568836015286	0.0	352642	3171.9139374155825	1.2415076	0.3
12751.898425897127	1200	9.50931251056265	0.0	709534	5829.256325452635	1.1378464	0.75
12753.07123283799	300	12.336505569699938	0.0	150710	1172.8069408627118	1.1472138	-0.6000000000000001
12756.955208675585	1200	12.452529732103296	0.0	560821	3883.975837596642	1.1115891	0.29999999999999993
12762.671196710131	1200	10.736541697559366	0.0	607410	5715.9880345439315	1.2907634	1.2
12766.567051171913	1200	10.840687235777484	0.0	594078	3895.854461781881	1.179455	1.2
12767.484687705499	300	13.923050702191523	0.0	160746	917.6365335859635	1.2558163	-0.6000000000000001
12768.399438134595	300	17.008300273096225	0.0	179801	914.7504290952947	1.2040567	0.3
12769.171481121462	300	20.236257286229083	0.0	140051	772.042986867144	1.2732587	0.3
12770.102823110507	300	23.304915297185108	0.0	138313	931.3419890439753	1.2930427	0.3
12771.17020040725	300	26.237538000441386	0.0	143509	1067.3772967437226	1.3062267	0.3
12775.836898001167	750	25.570840406524127	0.0	372963	4666.69759391726	1.3251586	0.3
12780.4971138373	750	24.910624570392155	0.0	405596	4660.215836131971	1.3438623	0.75
12781.611408246896	300	27.796330160796284	0.0	140881	1114.2944095958683	1.3493352	-0.15000000000000002
12782.654339748544	300	30.75339865914788	0.0	157671	1042.931501648406	1.345989	0.3
12786.81404742381	1200	30.593690983882347	0.0	616206	4159.707675265532	1.3878776	0.29999999999999993
12793.421431992081	1850	27.986306415609665	0.0	968026	6607.384568272681	1.5163785	1.2000000000000002
12794.836445229525	300	30.571293178166243	0.0	137654	1415.01323744342	1.5693207	-1.25
12799.183049365269	1200	30.224689042421467	0.0	587236	4346.604135744778	1.3699435	0.29999999999999993
12802.796821118793	1200	30.61091728889877	0.0	590335	3613.7717535226993	1.5190895	1.2
12807.462842389	1200	29.944896018691164	0.0	696376	4666.021270207602	1.5500029	1.2
12809.03900096082	750	32.36873744687324	0.0	277716	1576.1585718179276	1.5354375	0.3
12811.866047598223	750	33.54169080946823	0.0	400396	2827.0466374050034	1.5168893	0.75
12812.693480685772	300	36.71425772192047	0.0	149029	827.4330875477632	1.5023819	-0.15000000000000002
12814.329529510755	750	39.078208896937966	0.0	358218	1636.0488249825028	1.4875153	0.3
12821.585662149319	1850	35.822076258373045	0.0	954453	7256.132638564923	1.633112	0.75
12828.087092060172	1200	33.32064634752078	0.0	584349	6501.429910852266	1.6762414	0.5499999999999999
12833.45408431723	1200	31.953654090459995	0.0	670129	5366.992257060782	1.5401402	1.2
12835.694040103017	750	33.713698304674644	0.0	401088	2239.955785785351	1.582344	0.3
12839.937692406174	1200	33.470046001518014	0.0	598727	4243.652303156634	1.6005708	0.75
12845.33275012268	1850	32.074988285012026	0.0	728962	5395.057716505986	1.6558492	1.2000000000000002
12848.518462498587	750	32.88927590910564	0.0	361565	3185.7123759063848	1.6738069	-0.3500000000000001
12856.289678727913	750	29.118059679778526	0.0	378327	7771.216229327118	1.5702513	0.75
12866.019188355613	750	23.388550052079324	0.0	390680	9729.5096276992	1.4483095	0.75
12868.607124888198	300	24.80061351949528	0.0	147968	2587.936532584045	1.3293226	-0.15000000000000002
12874.676214167848	1200	22.731524239844635	0.0	641452	6069.089279650646	1.3880368	0.29999999999999993
12877.66573434175	750	23.742004065942282	0.0	372093	2989.520173902355	1.5350629	0.3
12882.446205590277	1200	22.961532817415783	0.0	634861	4780.471248526497	1.5300033	0.75
12888.514575854664	1850	20.89316255302759	0.0	958994	6068.370264388195	1.5988247	1.2000000000000002
12889.321820703142	300	24.08591770455116	0.0	160064	807.2448484764271	1.6513565	-1.25
12891.995638585086	1200	25.412099822607427	0.0	538612	2673.8178819437353	1.559321	0.29999999999999993
12894.641098662374	1200	26.76663974531718	0.0	550906	2645.4600772902477	1.6811175	1.2

