6720.543081134942	750	4.0	3.974865311257283	450283	3974.865311257283	0.15943827	-16.341920838406317
6721.720200158366	300	6.822880976576757	0.0	155580	1177.1190234232433	0.65929794	-0.15000000000000002
6725.01634472323	1200	7.526736411712504	0.0	571051	3296.1445648642534	0.9991527	0.29999999999999993
6727.805407803529	1200	8.737673331413975	0.0	617681	2789.0630802985283	1.2346864	1.2
6728.618483823497	300	11.924597311446483	0.0	163442	813.0760199674919	1.3032411	-0.6000000000000001
6730.924098770886	1200	13.618982364056599	0.0	520315	2305.6149473898845	1.2004046	0.29999999999999993
6733.978621245288	1200	14.564459889655096	0.0	561791	3054.522474401504	1.3957832	1.2
6736.855237915153	750	15.687843219789512	0.0	437162	2876.6166698655834	1.3650252	0.3
6739.405570295219	1200	17.13751083972409	0.0	584846	2550.332380065422	1.2775846	0.75
6741.21173172733	750	19.331349407613597	0.0	362795	1806.1614321104942	1.4334687	0.3
6743.089095408693	750	21.45398572625059	0.0	353220	1877.363681363009	1.3643028	0.75
6743.978596656134	300	24.564484478809586	0.0	156148	889.5012474410019	1.3799853	-0.15000000000000002
6746.90984159442	1200	25.633239540523775	0.0	624282	2931.244938285815	1.3324685	0.29999999999999993
6749.055254170507	750	27.487826964436863	0.0	434409	2145.4125760869106	1.4968104	0.3
6749.870069238246	300	30.673011896698075	0.0	140051	814.8150677387912	1.441737	-0.15000000000000002
6755.030414958053	1850	29.512666176891344	0.0	923170	5160.345719806729	1.3842108	0.30000000000000004
6755.8098775140015	300	32.733203620942774	0.0	143509	779.4625559485709	1.5986335	-1.25
6756.527028651627	300	36.0160524833181	0.0	150616	717.1511376246759	1.4133135	0.3
6761.477766662742	1850	35.06531447220265	0.0	987708	4950.738011115447	1.4532931	0.30000000000000004
6762.908773235738	750	37.63430789920622	0.0	350713	1431.0065729964278	1.6785545	-0.3500000000000001
6769.264733473848	2850	35.2783476610971	0.0	1415116	6355.960238109128	1.5796736	0.75
6774.529428450197	1850	34.01365268474768	0.0	955231	5264.69497634941	1.295771	0.8500000000000001
6784.305406471614	4300	28.237674663329972	0.0	2221506	9775.978021417712	1.6753755	1.8499999999999996
6791.456844218669	4300	25.086236916275528	0.0	2044075	7151.437747054445	0.9037834	4.3
6796.936136780596	2850	23.606944354348528	0.0	1383735	5479.292561927	0.7082081	1.4000000000000001
6806.858179543548	4300	17.684901591396667	0.0	2105231	9922.042762951865	1.4841676	2.8499999999999996
6817.077585094244	4300	11.465496040701376	0.0	2395588	10219.405550695288	1.4448617	4.3
6833.049382553127	4300	4.0	4.506301418182246	1972048	15971.797458883622	1.5985837	-15.077096098183656
6838.58307195282	1850	4.0	1.5336893996944783	972798	5533.689399694478	1.1806973	-7.194864418686257
6840.954920999151	750	5.6281509536703425	0.0	400508	2371.8490463296575	1.1153216	-0.3500000000000001
6841.856008949809	300	8.727063003012208	0.0	157421	901.0879506581339	0.969118	-0.15000000000000002
6844.5602226878045	750	10.022849265017225	0.0	400322	2704.213737994983	1.0332369	0.3
6848.835458435457	1200	9.747613517363787	0.0	584349	4275.235747653438	1.1351496	0.75
6857.127676260556	1200	5.455395692264671	0.0	670129	8292.217825099116	1.1916021	1.2
6859.687428837547	300	6.8956431152745274	0.0	179328	2559.752576990143	0.48321813	-0.6000000000000001
6861.158022167136	300	9.425049785685102	0.0	159914	1470.5933295894251	0.39770725	0.3
6862.133483956514	300	12.449587996307399	0.0	131610	975.4617893777039	0.9616181	0.3
6866.663129474878	1200	11.9199424779436	0.0	575591	4529.645518363799	1.1389078	0.29999999999999993
6872.267516000209	1200	10.315555952611748	0.0	605884	5604.386525331852	1.2866462	1.2
6879.623710382404	1200	6.959361570417564	0.0	587506	7356.194382194182	1.186231	1.2
6881.522246762866	300	9.060825189955521	0.0	147968	1898.5363804620433	0.8096435	-0.6000000000000001
6883.136664938852	300	11.446407013969115	0.0	161857	1614.418175986408	0.8558794	0.3
6884.301113442564	300	14.281958510257017	0.0	145210	1164.4485037120971	1.0886406	0.3
6887.381210136425	750	15.20186181639624	0.0	438281	3080.0966938607767	1.2465876	0.3
6891.341070008995	1200	15.24200194382644	0.0	630203	3959.8598725698007	1.3847258	0.75
6895.57756642367	1200	15.005505529152307	0.0	638661	4236.496414674131	1.4905806	1.2
6898.2563296860735	750	16.3267422667486	0.0	331053	2678.7632624037096	1.4802041	0.3
6901.706696778659	750	16.876375174163098	0.0	314107	3450.3670925854985	1.4225734	0.75

