22743.538473492386	750	4.0	4.3779972098671385	450283	4377.997209867139	1.4337603	-18.075388002428696
22744.7967512563	300	6.741722236087304	0.0	155580	1258.2777639126964	0.5926182	-0.15000000000000002
22747.34384707985	750	8.194626412537339	0.0	350812	2547.0958235499656	0.98013073	0.3
22748.581260544634	300	10.957212947751264	0.0	155432	1237.4134647860747	1.1240216	-0.15000000000000002
22751.808405786698	750	11.730067705690304	0.0	411561	3227.1452420609594	1.0928783	0.3
22755.824393228533	1200	11.71408026385197	0.0	520315	4015.9874418383333	1.1990771	0.75
22758.531103053934	750	13.00737043845338	0.0	352642	2706.709825398592	1.2681179	0.3
22759.739261430987	300	15.799212061402399	0.0	173849	1208.158377050981	1.2217653	-0.15000000000000002
22762.189794867085	750	17.348678625304714	0.0	374758	2450.533436097686	1.2008885	0.3
22763.1141114029	300	20.4243620894857	0.0	139105	924.3165358190128	1.3105991	-0.15000000000000002
22765.54405218734	750	21.9944213050489	0.0	353220	2429.940784436804	1.273313	0.3
22770.0701004535	1200	21.468373038886273	0.0	594078	4526.048266162625	1.3567227	0.75
22775.930981100322	1200	19.60749239206493	0.0	624282	5860.880646821344	1.4050483	1.2
22781.97225307816	1200	17.566220414227054	0.0	687371	6041.271977837877	1.3615841	1.2
22787.451015481805	1200	16.087458010582026	0.0	526950	5478.762403645029	1.3462497	1.2
22795.01532220827	1200	12.523151284116757	0.0	587876	7564.306726465268	1.317819	1.2
22796.243797484505	300	15.294676007881193	0.0	143509	1228.4752762355647	1.183498	-0.6000000000000001
22797.648595216007	300	17.889878276381037	0.0	150616	1404.7977315001574	1.1998154	0.3
22803.129270594487	1200	16.40920289789997	0.0	639204	5480.675378481068	1.231941	0.29999999999999993
22806.115431757986	750	17.42304173440359	0.0	350713	2986.1611634963833	1.3465301	0.3
22807.46807969203	300	20.070393800361046	0.0	157671	1352.6479340425444	1.302211	-0.15000000000000002
22808.72052069987	300	22.817952792520465	0.0	157812	1252.4410078405833	1.2681456	0.3
22810.224084743237	300	25.314388749156738	0.0	163927	1503.5640433637284	1.3013752	0.3
22813.224758439355	750	26.313715053037555	0.0	343800	3000.673696119182	1.3121576	0.3
22818.065782083428	1200	25.47269140896344	0.0	587236	4841.023644074118	1.4005369	0.75
22825.08429032159	1850	22.454183170804384	0.0	905935	7018.508238159053	1.4586184	1.2000000000000002
22826.486174586895	300	25.052298905498425	0.0	181901	1401.8842653059587	1.4941186	-1.25
22828.965847210362	750	26.572626282032203	0.0	277716	2479.672623466221	1.3461486	0.3
22833.207517825198	750	26.330955667197628	0.0	400396	4241.670614834576	1.4185085	0.75
22834.37117457736	300	29.167298915033797	0.0	149029	1163.6567521638322	1.4010047	-0.15000000000000002
22838.328283381245	1200	29.21019011115146	0.0	570392	3957.1088038823345	1.3916181	0.29999999999999993
22843.260961212873	1200	28.27751227952288	0.0	620283	4932.677831628577	1.5414975	1.2
22851.473259396873	1850	24.065214095521572	0.0	885062	8212.29818400131	1.5135428	1.2000000000000002
22862.08570366424	1850	17.45276982815407	0.0	1035329	10612.444267367498	1.5104283	1.85
22866.134975460212	750	17.403498032180366	0.0	401088	4049.2717959737056	1.3647596	-0.3500000000000001
22872.026629309894	1200	15.511844182498814	0.0	598727	5891.653849681552	1.3221388	0.75
22878.494066481537	1850	13.044407010851836	0.0	728962	6467.437171646978	1.352118	1.2000000000000002
22883.393080723505	1200	12.145392768885689	0.0	575591	4899.014241966147	1.4059688	0.5499999999999999
22889.22385543642	1200	10.314618055973728	0.0	605884	5830.774712911962	1.298106	1.2
22894.369168447156	1200	9.169305045237326	0.0	587506	5145.313010736401	1.1962022	1.2
22895.958399978474	300	11.580073513919414	0.0	147968	1589.2315313179124	1.1757022	-0.6000000000000001
22897.98723547047	300	13.551238021924476	0.0	161857	2028.8354919949372	1.0971591	0.3
22899.903520832002	300	15.634952660392681	0.0	145210	1916.2853615317965	1.1579676	0.3
22909.708591271676	1200	9.829882220717485	0.0	634861	9805.070439675195	1.2298203	0.29999999999999993
22911.34437767385	300	12.194095818543655	0.0	167025	1635.7864021738303	1.0645633	-0.6000000000000001
22914.620946588766	750	12.917526903627484	0.0	393804	3276.5689149161726	1.1389743	0.3
22917.54148528403	750	13.996988208361792	0.0	331053	2920.538695265691	1.3015218	0.75
22918.698170052445	300	16.84030343994422	0.0	118421	1156.6847684175752	1.3441336	-0.15000000000000002

