15128.664054150617	750	4.0	5.127185897414645	450283	5127.185897414644	1.2164277	-21.29689935888297
15130.55733565187	300	6.106718498746048	0.0	155580	1893.2815012539522	0.49161807	-0.15000000000000002
15132.200297554175	300	8.463756596441497	0.0	139857	1642.961902304551	0.707419	0.3
15134.039254201334	300	10.624799949282068	0.0	155432	1838.9566471594298	0.97303355	0.3
15136.065514398064	300	12.598539752552488	0.0	163442	2026.2601967295793	1.0257281	0.3
15142.06706576058	1200	10.596988390036628	0.0	520315	6001.55136251586	1.0847869	0.29999999999999993
15151.068028353046	1850	5.596025797572513	0.0	905515	9000.962592464115	1.1640296	1.2000000000000002
15158.90519607084	1200	4.0	2.241141920222778	709534	7837.167717795291	1.0403092	-9.086910256957946
15161.244107552997	300	5.661088517841969	0.0	150710	2338.9114821580315	0.35226578	-0.6000000000000001
15162.824481042084	300	8.080715028756629	0.0	139105	1580.37348908534	0.36284462	0.3
15165.0470111175	300	9.858184953341487	0.0	141840	2222.53007541514	0.824362	0.3
15169.266170524776	750	9.639025546065621	0.0	405134	4219.159407275867	0.91504484	0.3
15172.324430165369	750	10.580765905472013	0.0	386351	3058.2596405936083	1.0189372	0.75
15173.551789928551	300	13.353406142289987	0.0	179801	1227.3597631820267	1.0987136	-0.15000000000000002
15177.216548597853	1200	13.688647472988455	0.0	526950	3664.7586693015314	1.1306758	0.29999999999999993
15181.513343029665	1200	13.391853041177358	0.0	587876	4296.794431811098	1.3051251	1.2
15189.377754605915	1850	9.527441464925909	0.0	966699	7864.4115762514475	1.2923741	1.2000000000000002
15194.37116345955	1200	8.534032611293448	0.0	581493	4993.408853632462	1.2280204	0.5499999999999999
15200.371553784833	750	6.533642286009322	0.0	405596	6000.390325284125	1.118848	0.3
15202.537246889566	300	8.367949181275788	0.0	140881	2165.6931047335356	0.5696855	-0.15000000000000002
15205.687010418858	300	9.218185651982923	0.0	157671	3149.7635292928635	0.75750864	0.3
15213.092875146067	750	5.812320924774331	0.0	399894	7405.864727208593	0.77414894	0.3
15216.993334832156	300	5.9118612386845655	0.0	163927	3900.459686089765	0.2727116	-0.15000000000000002
15219.631789296116	300	7.273406774723038	0.0	137654	2638.454463961527	0.20101127	0.3
15222.219071109559	300	8.68612496128017	0.0	146754	2587.2818134428685	0.36882907	0.3
15225.18074879413	300	9.724447276710265	0.0	153938	2961.6776845699037	0.5627347	0.3
15228.65928065222	300	10.245915418619758	0.0	181901	3478.5318580905073	0.64865464	0.3
15230.833494348191	300	12.071701722649225	0.0	111155	2174.213695970532	0.73463285	0.3
15233.388974592268	300	13.516221478571214	0.0	153605	2555.4802440780095	0.9649524	0.3
15235.603865459094	300	15.301330611745492	0.0	149029	2214.890866825722	1.0251343	0.3
15250.930454792464	1200	4.0	0.025258721624433746	570392	15326.589333369926	1.1067891	0.19138749701493485
15255.496725406245	300	4.0	0.5662706137803516	157488	4566.270613780352	0.03677586	-3.034963639255512
15259.164185196047	300	4.332540210197927	0.0	143881	3667.4597898020725	0.022827307	0.3
15262.445110090694	300	5.051615315549425	0.0	163444	3280.9248946485027	0.026614167	0.3
15265.281043944342	300	6.215681461900029	0.0	179328	2835.933853649395	0.045948673	0.3
15267.06351936276	300	8.433206043481379	0.0	159914	1782.4754184186506	0.16038051	0.3
15269.118170552092	300	10.378554854150334	0.0	131610	2054.6511893310444	0.56341845	0.3
15274.627056925583	750	8.869668480658595	0.0	361565	5508.88637349174	0.78158987	0.3
15282.56628003867	750	4.930445367570445	0.0	378327	7939.223113088149	0.6011401	0.75
15285.391675976678	300	6.1050494295625315	0.0	149991	2825.395938007914	0.069237374	-0.15000000000000002
15287.843034447014	300	7.653690959226918	0.0	147968	2451.3584703356137	0.22478989	0.3
15290.218913194565	300	9.27781221167706	0.0	161857	2375.878747549856	0.46610984	0.3
15291.856724591571	300	11.640000814670685	0.0	145210	1637.8113970063746	0.7682062	0.3
15293.642573953974	300	13.854151452269493	0.0	172312	1785.8493624011926	1.0705522	0.3
15295.24168691476	300	16.25503849148214	0.0	167025	1599.1129607873527	1.1795102	0.3
15299.036986282565	750	16.459739123678347	0.0	393804	3795.299367803792	1.2687247	0.3
15300.678158858806	300	18.818566547437115	0.0	137507	1641.1725762412311	1.3608627	-0.15000000000000002
15302.103537364812	300	21.39318804143006	0.0	118421	1425.3785060070554	1.3424844	0.3

