4860.571333652758	750	4.0	1.8710689380755445	450283	1871.0689380755446	0.24986522	-7.295596433724841
4861.239504682822	300	7.331828969935454	0.0	155580	668.1710300645457	0.7781329	-0.15000000000000002
4862.598892861637	750	9.972440791119935	0.0	350812	1359.3881788155206	0.96270746	0.3
4863.150406803619	300	13.420926849138478	0.0	155432	551.5139419814553	1.1987194	-0.15000000000000002
4864.29852425397	750	16.27280939878735	0.0	411561	1148.117450351133	1.2873995	0.3
4864.706281247291	300	19.865052405466	0.0	126289	407.75699332135105	1.4595764	-0.15000000000000002
4867.063766913436	1850	21.507566739322293	0.0	905515	2357.4856661437057	1.4363248	0.30000000000000004
4867.566555636396	300	25.004778016362433	0.0	173849	502.78872295985883	1.5890932	-1.25
4869.30413859861	1200	27.267195054148733	0.0	584846	1737.5829622137028	1.493021	0.29999999999999993
4872.22954724273	1850	28.341786410028057	0.0	913888	2925.4086441206764	1.5765072	1.2000000000000002
4875.844236168436	1200	28.72709748432306	0.0	607410	3614.688925704996	1.6126006	0.5499999999999999
4877.821867868897	1200	30.749465783861602	0.0	594078	1977.6317004614605	1.5522896	1.2
4878.363669821102	300	34.20766383165718	0.0	160746	541.8019522044261	1.5787555	-0.6000000000000001
4879.690198324824	750	36.881135327934274	0.0	434409	1326.528503722907	1.531453	0.3
4882.114833430552	1850	38.45650022220666	0.0	821631	2424.635105727622	1.6030976	0.75
4883.68680505735	1200	40.884528595408355	0.0	587876	1571.971626798302	1.6332816	0.5499999999999999
4886.727005084653	1850	41.84432856810644	0.0	966699	3040.2000273019066	1.6253364	1.2000000000000002
4889.848419143239	1850	42.722914509519555	0.0	885714	3121.4140585868877	1.6459653	1.85
4891.94443860929	1200	44.62689504346856	0.0	639204	2096.019466050995	1.6491233	0.5499999999999999
4892.399960114644	300	48.17137353811461	0.0	140881	455.5215053539523	1.6469109	-0.6000000000000001
4892.903346316255	300	51.6679873365042	0.0	157671	503.38620161040944	1.630933	0.3
4894.573055027051	1200	53.99827862570801	0.0	616206	1669.7087107961895	1.6448884	0.29999999999999993
4896.492687311347	1200	56.07864634141113	0.0	656471	1919.632284296878	1.6654916	1.2
4903.647210405892	4300	52.92412324686733	0.0	2044075	7154.523094543795	1.6665168	1.1999999999999997
4904.274373407402	300	56.29696024535662	0.0	146754	627.1630015107081	1.1829737	-3.7
4907.98026004598	1850	56.591073606778615	0.0	905935	3705.8866385780116	1.6656654	0.30000000000000004
4912.663687397047	1850	55.90764625571196	0.0	1076599	4683.427351066653	1.6352515	1.85
4915.76102278477	1850	56.81031086798893	0.0	758197	3097.3353877230243	1.6440015	1.85
4929.695606343567	4300	46.87572730919081	0.0	2134614	13934.583558798126	1.6290975	1.8499999999999996
4951.388766723224	4300	29.182566929534662	0.0	2164140	21693.160379656143	1.5303766	4.3
4958.344687385811	1850	26.226646266946865	0.0	873429	6955.920662587799	1.5597026	-0.6000000000000001
4967.969774118676	1850	20.60155953408248	0.0	954453	9625.086732864384	1.5832134	1.85
4977.464421675784	1850	15.10691197697387	0.0	885062	9494.64755710861	1.5192573	1.85
4978.892655148188	300	17.678678504569564	0.0	163444	1428.2334724043042	1.4333184	-1.25
4981.854868058719	750	18.716465594039438	0.0	401088	2962.21291053013	1.3399571	0.3
4983.181510103651	300	21.389823549107234	0.0	159914	1326.6420449322034	1.3804423	-0.15000000000000002
4985.82123538531	750	22.75009826744872	0.0	321064	2639.725281658512	1.4090632	0.3
4990.355819063312	1200	22.2155145894461	0.0	575591	4534.583678002619	1.5250134	0.75
4993.449254339094	750	23.122079313664575	0.0	378327	3093.435275781527	1.5150721	0.3
5000.891327503148	1850	19.68000614961064	0.0	930577	7442.073164053933	1.5254902	0.75
5007.658074500022	1850	16.913259152737282	0.0	858450	6766.746996873358	1.5609215	1.85
5014.372276371892	1200	14.19905728086628	0.0	641452	6714.201871871003	1.5006156	0.5499999999999999
5019.868222732896	1200	12.70311091986242	0.0	599477	5495.94636100386	1.3872391	1.2
5023.686926032597	1200	12.884407620161896	0.0	634861	3818.7032997005226	1.310579	1.2
5026.642693500841	750	13.928640151916879	0.0	398987	2955.7674682450174	1.4071183	0.3
5031.2720786191985	1200	13.29925503355882	0.0	638661	4629.38511835806	1.3621314	0.75
5033.9373699037205	750	14.633963749036884	0.0	331053	2665.2912845219357	1.4107146	0.3
5040.472933731388	1850	12.098399921369714	0.0	846370	6535.563827667172	1.3865219	0.75

