2709.159228806067	750	4.0	3.5388403668140223	450283	3538.840366814022	1.4623961	-14.467013577300294
2710.611627876217	300	6.5476009298498035	0.0	155580	1452.399070150196	0.60332257	-0.15000000000000002
2711.950131958109	300	9.209096847957815	0.0	139857	1338.5040818919888	0.81353456	0.3
2713.3199665058382	300	11.83926230022871	0.0	155432	1369.8345477291064	0.9125432	0.3
2717.6649902650115	750	11.494238541055406	0.0	411561	4345.023759173304	1.0234127	0.3
2721.00473045554	750	12.154498350526824	0.0	318564	3339.7401905285806	1.0825301	0.75
2724.527754222911	750	12.631474583156047	0.0	352642	3523.023767370778	1.1008347	0.75
2726.235916391411	300	14.923312414655344	0.0	173849	1708.1621685007037	1.1224734	-0.15000000000000002
2732.6850810984406	1200	12.47414770762606	0.0	584846	6449.164707029284	1.2014993	0.29999999999999993
2733.6560364423467	300	15.503192363719842	0.0	139105	970.9553439062187	1.2086711	-0.6000000000000001
2734.7525038287044	300	18.40672497736259	0.0	141840	1096.4673863572552	1.2420908	0.3
2735.9975231180542	300	21.161705688012884	0.0	156148	1245.019289349704	1.3184841	0.3
2738.8743918460777	750	22.284836959989367	0.0	386351	2876.8687280235163	1.3533208	0.3
2742.6527445506836	750	22.50648425538328	0.0	434409	3778.3527046060844	1.4211152	0.75
2746.0364860233644	750	23.122742782702282	0.0	337059	3383.741472680999	1.4265182	0.75
2754.528738292941	1850	18.630490513125913	0.0	923170	8492.252269576371	1.4184767	0.75
2757.0017736354953	750	20.15745517057118	0.0	360831	2473.0353425547364	1.4718186	-0.3500000000000001
2759.2606015835063	750	21.89862722256014	0.0	372963	2258.827948011041	1.4333631	0.75
2763.0963515578164	1200	22.062877248250366	0.0	639204	3835.749974309771	1.4622431	0.75
2764.0941733031905	300	25.065055502876017	0.0	140881	997.8217453743497	1.5105233	-0.6000000000000001
2765.0768940459348	300	28.08233476013226	0.0	157671	982.7207427437555	1.4495559	0.3
2768.825607221383	1200	28.333621584683588	0.0	616206	3748.7131754486727	1.4703301	0.29999999999999993
2770.3465249407345	300	30.812703865332097	0.0	163927	1520.9177193514915	1.5498781	-0.6000000000000001
2775.416623019648	1850	29.74260578641927	0.0	874175	5070.098078912826	1.5123292	0.30000000000000004
2778.846981878799	1200	30.31224692726819	0.0	587236	3430.358859151077	1.5891135	0.5499999999999999
2785.0779583250155	1200	28.081270481051913	0.0	590335	6230.9764462162775	1.5759271	1.2
2792.773605391349	1200	24.385623414718335	0.0	696376	7695.647066333577	1.539189	1.2
2796.594044651375	750	24.565184154692318	0.0	277716	3820.439260026019	1.4909452	0.3
2817.027820118354	2850	8.131408687713181	0.0	1498470	20433.775466979136	1.4593955	0.75
2824.615719427614	1200	4.543509378453139	0.0	641447	7587.899309260042	1.0763355	-0.44999999999999996
2827.206650397326	300	5.952578408741345	0.0	157421	2590.930969711794	0.18683553	-0.6000000000000001
2829.618905928523	300	7.540322877544213	0.0	157488	2412.255531197132	0.21758679	0.3
2835.3650543061367	750	5.7941744999299445	0.0	369834	5746.148377614269	0.1484039	0.3
2836.79172899644	300	8.367499809627052	0.0	163444	1426.6746903028923	0.12192314	-0.15000000000000002
2839.8836675128177	750	9.275561293248963	0.0	401088	3091.9385163780894	0.37911248	0.3
2842.4658320505605	750	10.693396755506095	0.0	365161	2582.164537742867	0.91921806	0.75
2843.4347052331163	300	13.724523572950487	0.0	131610	968.8731825556082	1.1429479	-0.15000000000000002
2847.224253218242	1200	13.934975587824086	0.0	575591	3789.5479851264013	1.2236629	0.29999999999999993
2848.342341592505	300	16.816887213561632	0.0	144254	1118.088374262453	1.3801969	-0.6000000000000001
2854.4650796783835	1850	14.694149127683046	0.0	930577	6122.738085878587	1.3572822	0.30000000000000004
2855.627545590455	300	17.531683215611746	0.0	147968	1162.4659120712986	1.4934338	-1.25
2864.2918801907917	1850	12.867348615275294	0.0	1025005	8664.334600336451	1.3956486	0.30000000000000004
2869.0247688837385	1200	12.134459922327977	0.0	599477	4732.888692947318	1.4229307	0.5499999999999999
2870.2980695733713	300	14.861159232695426	0.0	172312	1273.3006896325492	1.3353002	-0.6000000000000001
2875.839844883151	1850	13.319383922915648	0.0	958994	5541.77530977978	1.362311	0.30000000000000004
2881.322430115454	1850	11.83679869061233	0.0	982064	5482.585232303317	1.4732996	1.85
2883.558428626635	750	13.600800179431875	0.0	331053	2235.9985111804544	1.4614323	-0.3500000000000001
2885.634327111521	750	15.524901694545301	0.0	314107	2075.8984848865744	1.4147147	0.75

