19465.273346976785	750	4.0	2.7857807865153212	450283	2785.7807865153213	1.4893948	-11.228857382015882
19467.673569088023	750	5.599777888758914	0.0	398865	2400.222111241086	0.95074606	0.75
19469.910285130296	1200	7.363061846486898	0.0	571051	2236.716042272016	1.0738772	0.75
19472.256345787384	750	9.017001189397709	0.0	382355	2346.0606570891905	1.321318	0.3
19475.2488822983	1200	10.024464678482872	0.0	652874	2992.536510914837	1.1692803	0.75
19477.473719824186	1200	11.799627152598537	0.0	520315	2224.837525884333	1.3263668	1.2
19480.047861533687	1200	13.225485443094978	0.0	561791	2574.1417095035586	1.3699454	1.2
19484.923947105297	1850	12.34939987148584	0.0	1060487	4876.085571609137	1.3748093	1.2000000000000002
19489.599762017857	1850	11.673584958925712	0.0	852833	4675.8149125601285	1.4193829	1.85
19492.53599365541	1200	12.737353321372224	0.0	560821	2936.231637553488	1.3864769	0.5499999999999999
19496.140419451174	1200	13.132927525609615	0.0	607410	3604.425795762609	1.3475554	1.2
19499.3415844551	1200	13.931762521683842	0.0	594078	3201.1650039257725	1.331853	1.2
19502.41970779565	1200	14.853639181131626	0.0	624282	3078.1233405522166	1.3631723	1.2
19505.58458732188	1200	15.688759654902151	0.0	687371	3164.879526229476	1.390532	1.2
19506.405397264047	300	18.867949712732234	0.0	140051	820.8099421699212	1.4137458	-0.6000000000000001
19507.236383067535	300	22.03696390924601	0.0	138313	830.9858034862239	1.2796522	0.3
19510.21657720358	1200	23.05676977319858	0.0	617242	2980.1941360474284	1.307739	0.29999999999999993
19511.002448363965	300	26.270898612813863	0.0	150616	785.8711603847171	1.4811858	-0.6000000000000001
19514.244163946805	1200	27.029183029972856	0.0	639204	3241.7155828410073	1.3659945	0.29999999999999993
19517.275880084868	1200	27.997466891907205	0.0	586839	3031.716138065649	1.5119439	1.2
19521.07898909632	1850	28.1943578804544	0.0	891604	3803.109011452804	1.5195091	1.2000000000000002
19524.080153459327	1200	29.193193517451387	0.0	616206	3001.164363003012	1.6502545	0.5499999999999999
19524.943709365816	300	32.32963761096196	0.0	163927	863.5559064894313	1.5499412	-0.6000000000000001
19527.63192800231	1200	33.64141897446792	0.0	536667	2688.2186364940394	1.4310755	0.29999999999999993
19530.389790630023	1200	34.88355634675355	0.0	587236	2757.862627714366	1.606613	1.2
19533.431099992093	1200	35.842246984683854	0.0	590335	3041.3093620697064	1.6343688	1.2
19538.367485688774	1200	34.90586128800489	0.0	696376	4936.385696678961	1.6352549	1.2
19540.25248164609	1200	37.02086533068659	0.0	487160	1884.9959573183037	1.5791006	1.2
19540.87100221204	300	40.40234476473793	0.0	153605	618.5205659486556	1.7041657	-0.6000000000000001
19547.090865093774	1850	38.18248188300412	0.0	975811	6219.862881733811	1.5740508	0.30000000000000004
19548.79182900219	300	40.48151797459065	0.0	157421	1700.9639084134783	1.6926225	-1.25
19553.357853885856	1200	39.91549309092655	0.0	620283	4566.024883664099	1.4724604	0.29999999999999993
19559.981413456066	1850	37.291933520713116	0.0	885062	6623.55957021344	1.6640999	1.2000000000000002
19562.684487410188	750	38.588859566593584	0.0	412837	2703.0739541195267	1.6918031	-0.3500000000000001
19569.34820698157	2850	35.92513999521274	0.0	1492672	6663.7195713808505	1.6162243	0.75
19576.045711693016	2850	33.227635283768954	0.0	1439896	6697.504711443782	0.7610922	2.85
19584.75167331665	4300	28.52167366013274	0.0	1919781	8705.961623636214	0.83857816	2.8499999999999996
19598.00133665902	4300	19.27201031776246	0.0	2147467	13249.66334237028	0.464406	4.3
19615.67757176303	4300	5.5957752137524	0.0	2133870	17676.235104010062	1.506212	4.3
19621.72063718702	1200	4.0	0.44729021023571386	587506	6043.065423988114	1.2086716	-3.82334790401357
19623.329164461033	300	6.39147272598599	0.0	147968	1608.5272740140101	0.61878586	-0.6000000000000001
19627.321960717887	750	6.398676469130507	0.0	384505	3992.7962568554835	0.648615	0.3
19634.213785376985	1200	4.0	0.49314818996653137	599477	6891.824659097038	0.7268297	-1.3705372168560848
19635.762554427063	300	6.4512309499205305	0.0	172312	1548.7690500794695	0.3600263	-0.6000000000000001
19636.95882162691	300	9.254963750073308	0.0	167025	1196.267199847223	0.6022384	0.3
19642.26654302688	1200	7.947242350104948	0.0	638661	5307.72139996836	1.061335	0.29999999999999993
19643.087771506787	300	11.126013870198557	0.0	137507	821.2284799063904	1.1340879	-0.6000000000000001
19647.99245700354	1850	10.221328373443935	0.0	846370	4904.685496754622	1.1899877	0.30000000000000004

