717.0974196172426	750	4.0	2.342534869962582	450283	2342.534869962582	1.4263809	-9.322899940839102
718.1681076923721	300	6.929311924870432	0.0	155580	1070.6880751295678	0.72313184	-0.15000000000000002
720.7894965456809	750	8.307923071561744	0.0	350812	2621.3888533086892	0.87511724	0.3
721.5575087856977	300	11.539910831544981	0.0	155432	768.0122400167628	0.9751909	-0.15000000000000002
722.2227408236727	300	14.874678793570025	0.0	163442	665.2320379749561	1.1186192	0.3
723.4525196214651	750	17.64489999577768	0.0	318564	1229.778797792346	1.3164105	0.3
725.3975868587544	1200	19.699832758488288	0.0	561791	1945.0672372893941	1.4375515	0.75
727.7470023110258	1200	21.350417306216983	0.0	709534	2349.415452271304	1.5070933	1.2
728.2449497231648	300	24.85246989407792	0.0	150710	497.94741213906264	1.5442786	-0.6000000000000001
729.3900840322881	750	27.70733558495468	0.0	362795	1145.1343091232388	1.4764816	0.3
731.3697108140066	1200	29.727708803236226	0.0	607410	1979.6267817184562	1.5509882	0.75
734.4221740168623	1850	30.675245600380418	0.0	917428	3052.4632028558062	1.5824653	1.2000000000000002
737.8443149145804	1850	31.25310470266227	0.0	946851	3422.14089771815	1.6084988	1.85
743.4357509836502	1850	29.661668633592505	0.0	1036454	5591.436069069763	1.6036224	1.85
746.7130535215075	1850	30.384366095735164	0.0	821631	3277.3025378573393	1.5990255	1.85
749.7733588312036	1850	31.324060786039016	0.0	923170	3060.3053096961467	1.6109585	1.85
754.4280405419121	2850	30.66937907533064	0.0	1491626	4654.681710708375	1.6105354	1.85
758.6453422733726	2850	30.452077343870023	0.0	1358801	4217.301731460614	1.6466091	2.85
763.6814122513538	2850	29.416007365888994	0.0	1537156	5036.069977981027	1.640293	2.85
769.96873562273	2850	27.128683994512723	0.0	1336050	6287.32337137627	1.637522	2.85
773.741530702828	1850	27.355888914414788	0.0	891604	3772.7950800979393	1.6314945	0.8500000000000001
775.2342558400011	750	29.863163777241684	0.0	399894	1492.7251371731052	1.6129164	-0.3500000000000001
775.8930510138392	300	33.204368603403516	0.0	163927	658.7951738381704	1.5592309	-0.15000000000000002
778.234847932987	1200	34.862571684255634	0.0	536667	2341.796919147877	1.5510662	0.29999999999999993
779.5340132069707	750	37.56340641027193	0.0	359903	1299.1652739837048	1.6101205	0.3
785.198694596103	2850	35.89872502113966	0.0	1480464	5664.681389132271	1.6017072	0.75
786.0814799305384	300	39.01593968670424	0.0	181901	882.7853344354164	1.6346643	-2.25
788.474047026325	1200	40.623372590917626	0.0	487160	2392.567095786617	1.609804	0.29999999999999993
797.3387884032758	2850	35.75863121396692	0.0	1498470	8864.741376950702	1.632175	1.2000000000000002
802.1770516815894	1850	34.92036793565321	0.0	975811	4838.263278313714	1.6290094	0.8500000000000001
807.5197054275245	1850	33.5777141897181	0.0	873429	5342.653745935109	1.6216536	1.85
817.6063385449747	2850	27.491081072267946	0.0	1497683	10086.633117450154	1.6045378	1.85
819.7692511192387	750	29.328168498003954	0.0	369834	2162.9125742639912	1.6027203	-1.35
824.8321966795237	1200	28.265222937718903	0.0	670129	5062.94556028505	1.5751747	0.75
830.0671634948474	1200	27.030256122395176	0.0	690253	5234.966815323726	1.5613898	1.2
835.114684903033	1200	25.98273471420962	0.0	598727	5047.521408185561	1.5602999	1.2
841.3833374159162	1850	23.714082201326317	0.0	728962	6268.652512883303	1.5880498	1.2000000000000002
856.1607005759502	1850	12.936719041292404	0.0	938587	14777.363160033912	1.5615847	1.85
858.2733429972743	300	14.824076619968297	0.0	144254	2112.642421324108	1.312025	-1.25
860.8073769675509	300	16.290042649691678	0.0	149991	2534.0339702766173	1.2249626	0.3
867.7170893352	750	13.380330282042666	0.0	345516	6909.712367649014	1.2550923	0.3
869.7381958078021	300	15.359223809440522	0.0	161857	2021.1064726021423	1.0858756	-0.15000000000000002
873.9272510566913	1200	15.170168560551309	0.0	599477	4189.055248889213	1.1870075	0.29999999999999993
876.6103556529487	750	16.48706396429382	0.0	438281	2683.1045962574863	1.3522897	0.3
879.4291268383328	750	17.66829277890977	0.0	398987	2818.771185384051	1.3837179	0.75
880.4842227797328	300	20.61319683750969	0.0	160064	1055.0959414000806	1.4774004	-0.15000000000000002
887.8610547833368	2850	17.236364833905682	0.0	1231456	7376.83200360401	1.4913468	0.30000000000000027
894.0137650905912	1850	15.083654526651353	0.0	846370	6152.71030725433	1.5317651	0.8500000000000001

