14019.606726693013	750	4.0	2.005422751396268	450283	2005.4227513962683	0.4796324	-7.873317831003952
14021.840764215529	750	5.765962477485412	0.0	398865	2234.037522514588	1.1023586	0.75
14022.728434854178	300	8.878291838835779	0.0	139857	887.6706386496336	1.1051562	-0.15000000000000002
14023.704185072029	300	11.902541620983964	0.0	155432	975.7502178518143	1.089519	0.3
14024.732178349983	300	14.874548343029968	0.0	163442	1027.993277953996	1.1766269	0.3
14026.554339528195	750	17.052387164817212	0.0	318564	1822.161178212755	1.2286979	0.3
14031.433927022561	1850	16.172799670452214	0.0	905515	4879.587494364999	1.3330976	0.75
14032.597986090741	300	19.008740602273658	0.0	173849	1164.0590681785586	1.4650053	-1.25
14033.551727799992	300	22.05499889302212	0.0	150710	953.7417092515377	1.2564803	0.3
14036.239169633842	1200	23.36755705917152	0.0	560821	2687.441833850597	1.2913803	0.29999999999999993
14042.386925158382	1850	21.219801534631223	0.0	939819	6147.755524540297	1.4719898	1.2000000000000002
14045.174461526043	1200	22.43226516696938	0.0	594078	2787.5363676618417	1.4770199	0.5499999999999999
14047.992865068387	1200	23.613861624626505	0.0	624282	2818.4035423428754	1.471686	1.2
14051.169999840118	1200	24.436726852896342	0.0	687371	3177.1347717301614	1.4882648	1.2
14052.607906445635	750	26.998820247378042	0.0	337059	1437.9066055183032	1.4941586	0.3
14053.2834147932	300	30.32331189981288	0.0	138313	675.508347565161	1.4636617	-0.15000000000000002
14056.185092337893	1200	31.421634355120272	0.0	617242	2901.6775446926054	1.4059407	0.29999999999999993
14063.202864854988	2850	28.403861838026675	0.0	1358801	7017.7725170936	1.5617617	1.2000000000000002
14076.137866803014	4300	19.468859889999187	0.0	2220726	12935.001948027486	1.6287818	2.8499999999999996
14096.292298934553	4300	4.0	0.6855722415381533	2156729	20154.43213153734	1.5924408	1.3520393613859407
14102.103393688978	750	4.0	1.8110947544249838	386472	5811.094754424984	1.1065031	-10.58770744402743
14103.429745330097	300	6.673648358881666	0.0	157812	1326.3516411183343	0.28131217	-0.15000000000000002
14104.723267900124	300	9.380125788855027	0.0	163927	1293.5225700266396	0.69467235	0.3
14105.923858218523	300	12.179535470456885	0.0	137654	1200.5903183981407	0.9955207	0.3
14110.699132692589	1200	11.404260996391306	0.0	587236	4775.274474065581	1.0827553	0.29999999999999993
14116.200407465503	1200	9.902986223476539	0.0	590335	5501.274772914766	1.2229415	1.2
14118.662737631948	300	11.44065605703093	0.0	181901	2462.330166445609	1.1338526	-0.6000000000000001
14124.056468929984	1200	10.04692475899598	0.0	487160	5393.731298034951	0.96467245	0.29999999999999993
14127.954972942814	750	10.148420746165518	0.0	400396	3898.504012830461	1.1165938	0.3
14129.336611154204	300	12.766782534775633	0.0	149029	1381.6382113898846	1.0582047	-0.15000000000000002
14130.764270979216	300	15.33912270976324	0.0	157421	1427.6598250123936	1.0964767	0.3
14132.254618935081	300	17.848774753897125	0.0	157488	1490.3479558661165	1.1859589	0.3
14133.611363171056	300	20.49203051792242	0.0	143881	1356.7442359747042	1.2264167	0.3
14135.019899400802	300	23.083494288176237	0.0	163444	1408.5362297461838	1.2748673	0.3
14139.46149754601	750	22.641896142969266	0.0	401088	4441.59814520697	1.3239415	0.3
14149.391152074819	1200	16.712241614159066	0.0	598727	9929.654528810199	1.3739309	0.75
14151.95524623334	300	18.148147455637375	0.0	131610	2564.0941585216888	1.2390572	-0.6000000000000001
14154.473101794429	300	19.63029189454776	0.0	124011	2517.8555610896137	1.222597	0.3
14162.752071748253	750	15.351321940724175	0.0	378327	8278.969953823587	1.2559338	0.3
14166.066739811495	750	16.036653877482994	0.0	390680	3314.6680632411794	1.1593208	0.75
14170.38437883132	1200	15.719014857656132	0.0	566904	4317.639019826861	1.346301	0.75
14178.24842386572	1850	11.854969823256777	0.0	1025005	7864.045034399356	1.4441044	1.2000000000000002
14183.35633853028	1200	10.747055158697508	0.0	599477	5107.914664559269	1.3757405	0.5499999999999999
14187.158442541193	750	10.944951147783467	0.0	438281	3802.104010914042	1.263942	0.3
14190.515416608729	750	11.587977080247313	0.0	398987	3356.974067536153	1.1905751	0.75
14196.527326213956	1200	9.576067475019311	0.0	638661	6011.909605228005	1.2396079	0.75
14202.206990686866	1200	7.896403002108802	0.0	538612	5679.664472910508	1.196495	1.2
14203.50992512135	300	10.593468567623182	0.0	118421	1302.934434485621	1.12462	-0.6000000000000001

