895.6576582791856	750	4.0	1.6438931885945212	450283	1643.8931885945212	1.4933338	-6.31874071095644
897.3685830143897	750	6.289075264795886	0.0	398865	1710.924735204114	0.80174613	0.75
898.1587212081215	300	9.498937071064052	0.0	139857	790.1381937318341	0.9734572	-0.15000000000000002
900.8949862114248	1200	10.76267206776075	0.0	617681	2736.2650033033024	1.0699502	0.29999999999999993
901.7002469780185	300	13.957411301167042	0.0	163442	805.2607665937079	1.283302	-0.6000000000000001
903.3073901235697	750	16.350268155616	0.0	318564	1607.1431455510406	1.295447	0.3
904.1546780105264	300	19.502980268659265	0.0	153295	847.2878869567376	1.3907737	-0.15000000000000002
905.7316707954166	300	21.92598748376899	0.0	173849	1576.9927848902744	1.360964	0.3
907.908113034295	750	23.749545244890683	0.0	374758	2176.4422388783055	1.386285	0.3
910.2469041132916	1200	25.410754165894	0.0	560821	2338.791078996681	1.4591576	0.75
914.3197650835737	1850	25.337893195611976	0.0	939819	4072.86097028203	1.5444915	1.2000000000000002
916.7578950742843	1200	26.899763204901372	0.0	594078	2438.129990710601	1.5914038	0.5499999999999999
918.230691356673	750	29.42696692251263	0.0	386351	1472.7962823887415	1.5625439	0.3
922.6301586208332	1850	29.027499658352475	0.0	1036454	4399.467264160153	1.5420079	0.75
925.0391992759791	1200	30.618459003206638	0.0	526950	2409.0406551458414	1.6018622	0.5499999999999999
927.672793906888	750	31.98486437229777	0.0	366214	2633.5946309088667	1.5789868	0.3
933.9907472727688	1850	29.666911006417035	0.0	966699	6317.953365880737	1.5323062	0.75
937.8081971302781	1200	29.849461148907697	0.0	581493	3817.4498575093376	1.5856265	0.5499999999999999
940.5298848720115	750	31.127773407174267	0.0	405596	2721.6877417334276	1.5612262	0.3
941.4027198749038	300	34.25493840428194	0.0	140881	872.83500289233	1.5392333	-0.15000000000000002
943.914157237961	750	35.74350104122465	0.0	386472	2511.4373630572927	1.5225476	0.3
947.2556437104587	750	36.40201456872703	0.0	399894	3341.4864724976123	1.5663203	0.75
950.6093875527629	750	37.04827072642279	0.0	401853	3353.743842304242	1.5495845	0.75
962.0143037888273	2850	29.643354490358355	0.0	1323990	11404.916236064437	1.5590014	0.75
965.2673258738944	1200	30.390332405291264	0.0	587236	3253.022085067092	1.5841904	-0.44999999999999996
966.8297514859014	750	32.82790679328427	0.0	379700	1562.4256120069888	1.5822127	0.3
970.2453320107243	1850	33.41232626846149	0.0	1076599	3415.580524822784	1.5758594	0.75
972.4728783658876	1200	35.18477991329815	0.0	487160	2227.546355163337	1.631232	0.5499999999999999
977.7245000764702	1200	33.933158202715525	0.0	622896	5251.621710582633	1.6119483	1.2
978.5273482108228	300	37.130310068362945	0.0	149029	802.8481343525755	1.5698581	-0.6000000000000001
979.384878531765	300	40.27277974742071	0.0	157421	857.5303209422423	1.5622008	0.3
981.3972365819299	750	42.26042169725596	0.0	400322	2012.3580501647475	1.6161718	0.3
984.5876183995783	1200	43.07003987960738	0.0	584349	3190.3818176485797	1.6335269	0.75
987.7744155919712	1850	43.8832426872145	0.0	1035329	3186.79719239288	1.6288048	1.2000000000000002
993.6364168977163	2850	42.021241381469366	0.0	1492672	5862.001305745138	1.633857	1.85
996.1137772159251	1200	43.54388106326069	0.0	598727	2477.360318208671	1.5705918	-0.44999999999999996
1000.3520984874863	2850	43.30555979169953	0.0	1139291	4238.32127156116	1.6665096	1.2000000000000002
1006.629640722958	4300	41.028017556227816	0.0	2147467	6277.5422354717175	1.5156358	2.8499999999999996
1011.0325768357213	2850	40.62508144346446	0.0	1427478	4402.936112763364	1.007971	1.4000000000000001
1017.9321538725917	4300	37.72550440659422	0.0	2146120	6899.577036870239	1.460518	2.8499999999999996
1023.3884580028091	2850	36.26920027637676	0.0	1339500	5456.30413021746	1.015271	1.4000000000000001
1034.9802815608105	2850	28.677376718375292	0.0	1527299	11591.823558001468	1.5470102	2.85
1081.0809755879711	2850	4.0	17.423317308785254	1343002	46100.69402716055	1.6239194	-72.07026442777659
1087.7244529206646	300	4.0	2.643477332693599	172312	6643.477332693599	0.026226467	-13.616952530582473
1093.580588131162	300	4.0	1.8561352104972766	167025	5856.135210497277	0.045107227	-7.681381405138289
1100.2030462731236	300	4.0	2.6224581419619017	160064	6622.458141961902	0.012240643	-10.976570010436177
1105.817909155134	300	4.0	1.6148628820102622	137507	5614.862882010262	0.004705182	-6.643910392644127
1108.869608662619	300	4.948300492514947	0.0	118421	3051.6995074850533	0.010825231	0.3

