20743.555333515593	750	4.0	2.100206826790785	450283	2100.2068267907853	1.4201111	-8.280889355200376
20746.07345962133	750	5.481873894263046	0.0	398865	2518.126105736954	1.0874109	0.75
20746.977066933985	300	8.578266581605257	0.0	139857	903.6073126577874	1.0611949	-0.15000000000000002
20747.80672306284	300	11.748610452751006	0.0	155432	829.6561288542528	1.0745642	0.3
20749.81772163106	750	13.737611884529146	0.0	411561	2010.9985682218592	1.1968992	0.3
20750.394692855567	300	17.16064066002434	0.0	126289	576.971224504802	1.3210086	-0.15000000000000002
20751.101145565306	300	20.454187950285412	0.0	153295	706.4527097389292	1.2900676	0.3
20754.21588207903	1200	21.33945143656181	0.0	709534	3114.7365137236043	1.3149358	0.29999999999999993
20757.924823704667	1850	21.630509810920845	0.0	852833	3708.9416256409636	1.4620731	1.2000000000000002
20761.12003747292	1200	22.43529604266999	0.0	560821	3195.2137682508546	1.542572	0.5499999999999999
20766.81151227763	2850	20.74382123796063	0.0	1354548	5691.47480470936	1.4411488	1.2000000000000002
20770.050262492015	1850	21.505071023573052	0.0	917428	3238.750214387579	1.6291128	0.8500000000000001
20771.38551836246	750	24.169815153131633	0.0	386351	1335.255870441418	1.5788223	-0.3500000000000001
20772.84144659829	750	26.713886917299345	0.0	434409	1455.9282358322905	1.4624466	0.75
20774.711370729274	1200	28.843962786313966	0.0	526950	1869.9241309853778	1.4891376	0.75
20777.288421887908	1200	30.266911627680148	0.0	587876	2577.0511586338184	1.5763469	1.2
20778.018270518467	300	33.53706299712033	0.0	143509	729.8486305598133	1.5594308	-0.6000000000000001
20780.675420494776	1200	34.8799130208092	0.0	581493	2657.149976311131	1.42732	0.29999999999999993
20787.21606304575	2850	32.339270469833444	0.0	1537156	6540.642550975751	1.6054626	1.2000000000000002
20793.005645083907	2850	30.54968843167566	0.0	1336050	5789.582038157786	1.4413906	2.85
20801.880957587568	4300	25.674375928016058	0.0	2039773	8875.3125036596	1.4550248	2.8499999999999996
20810.441230673972	4300	21.11410284160931	0.0	2176469	8560.27308640675	1.0024097	4.3
20819.734868333	4300	15.820465182586318	0.0	2221506	9293.637659022992	1.1079407	4.3
20820.99121126165	750	18.56412225393154	0.0	343800	1256.3429286547803	1.4718105	-2.8
20822.772972810075	750	20.782360705511028	0.0	359903	1781.7615484205085	1.4639666	0.75
20830.854560577696	1850	16.70077293788649	0.0	905935	8081.587767624539	1.4394301	0.75
20841.537033490353	1200	10.018300025230358	0.0	696376	10682.47291265613	1.410071	0.5499999999999999
20842.58602655131	300	12.969306964272818	0.0	111155	1048.9930609575417	1.014334	-0.6000000000000001
20845.63424279514	750	13.921090720443123	0.0	400396	3048.2162438296937	1.1163703	0.3
20846.763332165174	300	16.79200135040907	0.0	149029	1129.0893700340528	1.2563682	-0.15000000000000002
20847.736567001917	300	19.81876651366651	0.0	157421	973.2348367425634	1.2405287	0.3
20848.572023949488	300	22.983309566093407	0.0	157488	835.4569475731006	1.313076	0.3
20849.393015432634	300	26.162318082947653	0.0	143881	820.9914831457571	1.3705052	0.3
20850.207150648323	300	29.34818286725879	0.0	163444	814.1352156888659	1.3956896	0.3
20852.512648101114	750	31.04268541446761	0.0	401088	2305.4974527911745	1.4425694	0.3
20855.526979467293	750	32.02835404829005	0.0	365161	3014.3313661775605	1.5366614	0.75
20857.127772549793	750	34.42756096578791	0.0	321064	1600.793082502136	1.5163842	0.75
20858.762671490953	750	36.792662024628534	0.0	361565	1634.8989411593814	1.632127	0.75
20861.287882385983	1200	38.2674511295952	0.0	605884	2525.210895033327	1.69142	0.75
20866.905160107024	2850	36.650173408555155	0.0	1402287	5617.277721040044	1.6329283	1.2000000000000002
20870.949902688815	2850	36.605430826762436	0.0	1339500	4044.7425817927215	0.5228956	2.85
20878.31603821378	4300	33.23929530180149	0.0	2184571	7366.13552496095	0.41124576	2.8499999999999996
20883.246608477486	2850	32.30872503809521	0.0	1343002	4930.570263706277	0.34769788	1.4000000000000001
20893.22950777772	4300	26.32582573785861	0.0	2219102	9982.899300236597	0.4403607	2.8499999999999996
20901.800704008	4300	21.754629507578827	0.0	2124950	8571.196230279787	0.4186245	4.3
20910.4272214989	4300	17.12811201668101	0.0	2246506	8626.517490897819	0.4177062	4.3
20918.349111543164	4300	13.206221972415905	0.0	1961140	7921.890044265101	0.51846874	4.3
20927.5695377051	4300	7.985795810479363	0.0	2155012	9220.426161936542	0.6687968	4.3

