23253.522430838373	750	4.0	2.943433872988283	450283	2943.4338729882834	1.5604261	-11.906765653849618
23254.33624421874	300	7.18618661963313	0.0	155580	813.8133803668703	0.65324444	-0.15000000000000002
23256.954215069447	1200	8.568215768926368	0.0	571051	2617.9708507067626	0.89937073	0.29999999999999993
23257.85895075115	300	11.66348008722483	0.0	155432	904.735681701536	1.1358645	-0.6000000000000001
23258.78275976234	300	14.739671076034076	0.0	163442	923.8090111907545	1.1429026	0.3
23261.556791071976	1200	15.965639766395395	0.0	520315	2774.031309638682	1.285936	0.29999999999999993
23264.503974893487	1200	17.018455944883115	0.0	561791	2947.183821512277	1.4209272	1.2
23269.45976527718	1850	16.062665561190524	0.0	1060487	4955.790383692594	1.4411681	1.2000000000000002
23270.213696385326	300	19.30873445304291	0.0	150710	753.9311081476092	1.5218377	-1.25
23270.93255538866	300	22.58987544971279	0.0	139105	718.8590033301226	1.3876102	0.3
23274.796523144334	1850	22.725907694039023	0.0	939819	3863.9677556737643	1.4304951	0.30000000000000004
23275.5525341195	300	25.969896718874622	0.0	156148	756.0109751644005	1.5775234	-1.25
23278.161508012436	1200	27.36092282593664	0.0	624282	2608.9738929379832	1.4563764	0.29999999999999993
23278.900341933364	300	30.62208890501067	0.0	179801	738.8339209259677	1.5540743	-0.6000000000000001
23281.489912553563	1200	32.03251828481044	0.0	526950	2589.5706202002266	1.5171582	0.29999999999999993
23285.64978788271	1850	31.872642955660755	0.0	923170	4159.875329149692	1.5894784	1.2000000000000002
23288.19204462758	1200	33.33038621079141	0.0	617242	2542.2567448693453	1.5937263	0.5499999999999999
23296.20813994348	2850	29.314290894892924	0.0	1358801	8016.095315898485	1.5912037	1.2000000000000002
23298.745429603863	750	30.77700123450919	0.0	405596	2537.289660383737	1.6091568	-1.35
23306.040937497237	2850	27.4814933411368	0.0	1336050	7295.507893372388	1.538794	0.75
23309.897989855614	1850	27.624440982758102	0.0	891604	3857.0523583786976	1.606137	0.8500000000000001
23314.14593771361	1850	27.376493124764902	0.0	955231	4247.947857993199	1.596939	1.85
23316.923995500023	1200	28.59843533834847	0.0	656471	2778.0577864164316	1.5990728	0.5499999999999999
23318.373159212966	750	31.149271625407753	0.0	343800	1449.1637129407168	1.58446	0.3
23322.26955398463	1850	31.25287685374178	0.0	897976	3896.394771665975	1.5654907	0.75
23328.65551564159	2850	28.86691519678339	0.0	1480464	6385.961656958389	1.619613	1.85
23333.555123938826	1850	27.96730689954858	0.0	1076599	4899.608297234812	1.6180606	0.8500000000000001
23337.366555681117	1850	28.155875157255814	0.0	758197	3811.431742292762	1.6233234	1.85
23344.79495540239	2850	24.727475435982125	0.0	1498470	7428.3997212736895	1.6118324	1.85
23348.239380254352	1200	25.28305058402001	0.0	641447	3444.424851962113	1.6187859	-0.44999999999999996
23351.985842487647	1200	25.53658835072378	0.0	570392	3746.462233296233	1.5743781	1.2
23359.442863616958	1850	22.07956722141243	0.0	954453	7457.021129311348	1.558623	1.2000000000000002
23371.36322681543	2850	14.159204022941424	0.0	1358081	11920.363198471005	1.5513402	1.85
23373.29156615222	300	16.230864686150035	0.0	163444	1928.3393367913861	1.4748477	-2.25
23377.280480741952	750	16.241950096415813	0.0	401088	3988.9145897342246	1.3074309	0.3
23380.722517204926	750	16.799913633440557	0.0	365161	3442.036462975255	1.3683628	0.75
23384.602232276422	1200	16.92019856194566	0.0	487812	3879.7150714948943	1.392808	0.75
23393.367956474147	1200	12.154474364217206	0.0	575591	8765.724197728454	1.4513316	1.2
23401.221667771995	750	8.300763066370386	0.0	378327	7853.711297846822	1.1724452	0.3
23404.40004987684	300	9.122380961527833	0.0	149991	3178.3821048425516	0.6902457	-0.15000000000000002
23407.656269885912	300	9.866160952455123	0.0	147968	3256.220009072709	0.77309924	0.3
23410.36455340826	300	11.157877430107108	0.0	161857	2708.2835223480165	0.803063	0.3
23412.382651410295	300	13.139779428072037	0.0	145210	2018.0980020350703	0.9413399	0.3
23415.853806309442	300	13.668624528924255	0.0	172312	3471.154899147784	1.0336418	0.3
23419.805249780744	300	13.717181057621431	0.0	167025	3951.4434713028227	1.0200256	0.3
23422.380322613313	300	15.142108225052121	0.0	160064	2575.07283256931	1.0111742	0.3
23427.599075272887	1200	13.923355565479204	0.0	538612	5218.752659572917	1.1236982	0.29999999999999993
23428.271393890867	300	17.25103694749945	0.0	118421	672.3186179797531	1.2760025	-0.6000000000000001

