9133.278158381187	750	4.0	1.7227784527213061	450283	1722.7784527213062	0.25867975	-6.657947346701616
9133.980739417093	300	7.297418964093769	0.0	155580	702.5810359062316	1.1498481	-0.15000000000000002
9135.69251884037	750	9.585639540817082	0.0	350812	1711.779423276686	1.141714	0.3
9139.320177325939	1850	9.957981055245419	0.0	933276	3627.6584855716656	1.2553345	0.75
9139.96391188935	300	13.314246491835755	0.0	163442	643.7345634096629	1.4443712	-1.25
9141.061409216114	750	16.216749165072656	0.0	318564	1097.4973267630971	1.2771189	0.3
9142.526342106257	750	18.7518162749287	0.0	352642	1464.932890143959	1.3948925	0.75
9143.378866521512	300	21.89929185967135	0.0	173849	852.5244152573487	1.3890331	-0.15000000000000002
9144.114918080983	300	25.1632403002024	0.0	150710	736.0515594689489	1.3157928	0.3
9145.786991866977	750	27.491166514207773	0.0	362795	1672.0737859946269	1.3472236	0.3
9149.28806662651	1200	27.990091754674914	0.0	607410	3501.074759532856	1.4382308	0.75
9150.7544975622	300	30.52366081898414	0.0	156148	1466.4309356907756	1.4786297	-0.6000000000000001
9151.710385578739	300	33.56777280244634	0.0	160746	955.8880165377991	1.3407152	0.3
9153.841996430441	750	35.436161950742346	0.0	434409	2131.6108517039984	1.3981407	0.3
9155.8099676288	750	37.46819075238556	0.0	337059	1967.9711983567818	1.5024629	0.75
9156.616458460601	300	40.661699920584724	0.0	138313	806.4908318008369	1.4988595	-0.15000000000000002
9157.439289944843	300	43.83886843634397	0.0	143509	822.8314842407473	1.458913	0.3
9159.33823968017	750	45.93991870101688	0.0	372963	1898.9497353271	1.4904289	0.3
9162.55808360843	1200	46.72007477275556	0.0	639204	3219.84392826132	1.6086059	0.75
9166.398177415764	1200	46.87998096542213	0.0	586839	3840.093807333435	1.7018561	1.2
9170.195356738592	1200	47.082801642593914	0.0	601738	3797.1793228282118	1.6791852	1.2
9171.108720339791	300	50.169438041394294	0.0	157812	913.3636011996217	1.6946242	-0.6000000000000001
9173.922323228673	750	51.35583515251221	0.0	401853	2813.6028888820792	1.5859561	0.3
9177.768650077747	1200	51.50950830343931	0.0	536667	3846.3268490729033	1.6635734	0.75
9178.636307684796	300	54.64185069639075	0.0	146754	867.6576070485585	1.7277642	-0.6000000000000001
9185.30010977297	1850	51.97804860821567	0.0	905935	6663.802088175075	1.6531653	0.30000000000000004
9205.74916129668	4300	35.52899708450527	0.0	2395588	20449.051523710397	1.5830299	1.8499999999999996
9226.952663516651	2850	18.325494864533685	0.0	1141971	21203.50221997159	1.6193354	1.4000000000000001
9232.705998426829	1200	16.572159954357897	0.0	622896	5753.334910175789	1.2402657	-0.44999999999999996
9236.652311162778	1200	16.625847218409703	0.0	641447	3946.3127359481905	1.3675966	1.2
9237.81137469714	300	19.466783684047158	0.0	157421	1159.0635343625456	1.4335417	-0.6000000000000001
9240.42884538224	750	20.84931299894618	0.0	400322	2617.47068510098	1.3177648	0.3
9243.831697928515	1200	21.446460452670024	0.0	584349	3402.852546276153	1.4153941	0.75
9248.336396486447	1200	20.941761894738608	0.0	670129	4504.698557931417	1.5000912	1.2
9250.209023864327	300	23.069134516860263	0.0	179328	1872.6273778783423	1.4742119	-0.6000000000000001
9252.29594398249	750	24.982214398696996	0.0	365161	2086.920118163267	1.3307022	0.3
9254.628779622393	750	26.649378758792853	0.0	321064	2332.8356399041445	1.4992105	0.75
9259.015799591656	1200	26.26235878952878	0.0	575591	4387.019969264074	1.4932994	0.75
9259.836812523108	300	29.4413458580768	0.0	144254	821.0129314519772	1.5622896	-0.6000000000000001
9262.556617337452	1200	30.72154104373335	0.0	587506	2719.804814343453	1.5001196	0.29999999999999993
9268.493321409833	2850	28.784836971353414	0.0	1339500	5936.704072379933	1.7017645	1.2000000000000002
9277.555606858274	4300	23.7225515229115	0.0	2184571	9062.285448441917	0.825424	2.8499999999999996
9291.377872006771	4300	13.90028637441425	0.0	2121928	13822.265148497247	0.54023737	4.3
9292.889346598347	300	16.388811782839312	0.0	172312	1511.47459157494	1.6032717	-3.7
9297.356687303185	750	15.921471078001897	0.0	398987	4467.340704837414	1.3526893	0.3
9319.747400116288	1850	4.0	6.46924173510103	982064	22390.712813102928	1.3571563	-27.06773946093443
9322.424474484083	300	5.3229256322046545	0.0	137507	2677.074367795345	0.04868926	-1.25
9325.468260093914	300	6.279140022373769	0.0	118421	3043.7856098308866	0.24739496	0.3

