6163.697774635015	750	4.0	1.7227784527213061	450283	1722.7784527213062	1.5945288	-6.657947346701616
6164.400355670921	300	7.297418964093769	0.0	155580	702.5810359062316	0.79300845	-0.15000000000000002
6165.0960976121505	300	10.601677022864166	0.0	139857	695.7419412296033	0.96178645	0.3
6165.914260567489	300	13.783514067526463	0.0	155432	818.162955337702	1.1243877	0.3
6166.812234531332	300	16.88554010368383	0.0	163442	897.9739638426336	1.253947	0.3
6168.178272153485	750	19.519502481531084	0.0	318564	1366.0376221527433	1.3425964	0.3
6169.453821539713	750	22.243953095302626	0.0	352642	1275.5493862284588	1.4428644	0.75
6171.880757884707	1200	23.817016750308746	0.0	709534	2426.9363449938783	1.4727446	0.75
6173.539050149402	750	26.158724485614744	0.0	374758	1658.292264694002	1.5568234	0.3
6176.073321951228	1200	27.624452683789503	0.0	560821	2534.2718018252417	1.5141368	0.75
6177.746017083968	750	29.951757551048537	0.0	353220	1672.6951327409665	1.5598243	0.3
6178.755911680937	300	32.941862954080094	0.0	156148	1009.8945969684478	1.5308232	-0.15000000000000002
6181.805111490129	750	33.89266314488762	0.0	386351	3049.199809192468	1.5011617	0.3
6183.962569126907	750	35.73520550811033	0.0	434409	2157.457636777285	1.5228587	0.75
6188.418638235939	1850	35.27913639907789	0.0	821631	4456.069109032442	1.5647222	0.75
6189.163333066457	300	38.53444156856041	0.0	138313	744.6948305174828	1.5979996	-1.25
6192.222679924416	1200	39.475094710600956	0.0	617242	3059.3468579594555	1.551324	0.29999999999999993
6197.693254776445	1850	38.00451985857181	0.0	885714	5470.574852029147	1.6057414	1.2000000000000002
6200.3967627467	750	39.301011888316744	0.0	405596	2703.507970255066	1.5986547	-0.3500000000000001
6201.22947786723	300	42.46829676778595	0.0	140881	832.7151205307972	1.5791452	-0.15000000000000002
6203.82673152853	750	43.87104310648641	0.0	386472	2597.2536612995395	1.5821943	0.3
6205.175852989583	300	46.52192164543302	0.0	157812	1349.1214610533957	1.600004	-0.15000000000000002
6206.402188775317	300	49.29558585969977	0.0	163927	1226.3357857332455	1.5929126	0.3
6208.671414847895	750	51.02635978712219	0.0	343800	2269.2260725775855	1.5983074	0.3
6215.161993655528	1850	48.53578097948856	0.0	897976	6490.578807633629	1.6199985	0.75
6232.498311441212	4300	35.19946319380485	0.0	2105231	17336.3177856837	1.6150976	1.8499999999999996
6234.836579012345	300	36.86119562267091	0.0	181901	2338.267571133938	1.5797812	-3.7
6237.590916269985	750	38.10685836503166	0.0	277716	2754.3372576392517	1.5438349	0.3
6240.506761622861	300	39.191013012155715	0.0	153605	2915.8453528759524	1.5686156	-0.15000000000000002
6252.994446500201	1200	30.70332813481599	0.0	641447	12487.684877339725	1.5104339	0.29999999999999993
6259.487390593435	750	28.210384041581783	0.0	358218	6492.9440932342095	1.4778632	0.3
6262.704779979675	750	28.99299465534152	0.0	400322	3217.389386240266	1.4140137	0.75
6266.08772055691	1200	29.61005407810672	0.0	584349	3382.9405772347964	1.5154302	0.75
6275.835454805465	2850	23.862319829552508	0.0	1587293	9747.734248554212	1.5895057	1.2000000000000002
6286.940087009907	2850	16.75768762511046	0.0	1492672	11104.632204442049	1.5723737	2.85
6292.125278471309	1850	15.57249616370874	0.0	943942	5185.191461401719	1.487835	0.8500000000000001
6297.113450867034	2850	14.584323767984086	0.0	1139291	4988.172395724655	1.5042548	1.85
6300.899535717941	1850	14.798238917077056	0.0	938587	3786.08485090703	1.5711136	0.8500000000000001
6303.313296952022	1200	16.384477682995964	0.0	605884	2413.761234081092	1.553391	0.5499999999999999
6307.641495512132	1850	16.05627912288622	0.0	930577	4328.198560109745	1.534565	1.2000000000000002
6316.69149972876	2850	11.00627490625681	0.0	1339500	9050.00421662941	1.5392897	1.85
6323.438954711606	1850	8.258819923411425	0.0	1025005	6747.454982845383	1.469332	0.8500000000000001
6327.672807329915	750	8.024967305102518	0.0	372093	4233.852618308908	1.338411	-0.3500000000000001
6349.937304999123	1850	4.0	14.239530364105063	973972	22264.49766920758	1.0482563	-60.479980565651765
6353.289337868333	300	4.647967130789578	0.0	167025	3352.032869210422	0.07376722	-1.25
6357.446460610287	300	4.490844388834915	0.0	160064	4157.122741954662	0.11018559	0.3
6359.804174877072	300	6.133130122050157	0.0	137507	2357.714266784759	0.038247835	0.3
6363.13081345452	300	6.806491544602193	0.0	118421	3326.6385774479636	0.029712318	0.3

