11579.38720391351	750	4.0	1.7041197936685797	450283	1704.1197936685796	1.4062645	-6.577715112774892
11580.069779132067	300	7.317424781443746	0.0	155580	682.5752185562537	1.1526386	-0.15000000000000002
11581.77576424562	750	9.611439667890561	0.0	350812	1705.9851135531835	1.1506563	0.3
11584.665085226212	1200	10.722118687299583	0.0	617681	2889.3209805909787	1.2565283	0.75
11587.817645779318	1200	11.569558134194425	0.0	652874	3152.5605531051565	1.3466678	1.2
11588.381565193326	300	15.005638720185583	0.0	126289	563.9194140088425	1.3503362	-0.6000000000000001
11589.019639982711	300	18.367563930799747	0.0	153295	638.074789385835	1.2731392	0.3
11591.814632221696	1200	19.57257169181358	0.0	709534	2794.9922389861663	1.3123199	0.29999999999999993
11594.263540976375	1200	21.12366293713561	0.0	584846	2448.9087546779706	1.4641478	1.2
11596.744567086374	1200	22.64263682713646	0.0	560821	2481.0261099991517	1.4679713	1.2
11598.583956923296	750	24.803246990214532	0.0	353220	1839.3898369219264	1.4739211	0.3
11600.880680567649	1200	26.50652334586323	0.0	594078	2296.723644351301	1.4100705	0.75
11603.507050849834	1200	27.880153063677252	0.0	624282	2626.3702821859783	1.5282638	1.2
11604.5121571982	300	30.875046715311992	0.0	179801	1005.1063483652592	1.5294793	-0.6000000000000001
11608.062304784187	1200	31.32489912932421	0.0	526950	3550.147585987787	1.3925247	0.29999999999999993
11609.8270744039	750	33.560129509612004	0.0	366214	1764.7696197122063	1.5060577	0.3
11613.42313320031	1850	33.96407071320527	0.0	966699	3596.05879640673	1.4973912	0.75
11614.136688441005	300	37.25051547250863	0.0	150616	713.5552406966411	1.687278	-1.25
11617.299441287429	1850	38.08776262608477	0.0	987708	3162.7528464238662	1.4688891	0.30000000000000004
11623.973387933323	4300	35.413815980189455	0.0	2156729	6673.946645895311	1.6385667	1.8499999999999996
11632.697142011422	4300	30.690061902089553	0.0	2039773	8723.754078099906	0.4836672	4.3
11640.203444367411	4300	27.183759546101946	0.0	2176469	7506.302355987611	0.74782884	4.3
11649.460973765978	4300	21.926230147535833	0.0	2221506	9257.529398566114	0.6690265	4.3
11653.550769667345	2850	21.836434246169297	0.0	1323990	4089.795901366535	1.0986725	1.4000000000000001
11661.484559158942	4300	17.902644754570986	0.0	2186790	7933.7894915983115	1.4017967	2.8499999999999996
11673.292021132702	4300	10.095182780811134	0.0	2105231	11807.461973759851	1.0718056	4.3
11681.51923722014	1850	5.867966693373297	0.0	1076599	8227.216087437837	1.5093637	-0.6000000000000001
11685.986590172786	1200	5.400613740727349	0.0	487160	4467.352952645948	1.1237183	0.5499999999999999
11689.848424396734	750	5.5387795167786456	0.0	400396	3861.8342239487038	0.902804	0.3
11691.17692790342	300	8.210276010093468	0.0	149029	1328.5035066851763	0.5868561	-0.15000000000000002
11692.393058829699	300	10.99414508381342	0.0	157421	1216.1309262800482	0.89951676	0.3
11693.32551559515	300	14.061688318362219	0.0	157488	932.4567654512011	1.0523864	0.3
11695.293485796563	750	16.093718116947407	0.0	369834	1967.9702014148108	1.2078086	0.3
11696.353307705285	300	19.033896208226604	0.0	163444	1059.8219087208035	1.3515254	-0.15000000000000002
11697.49897318572	300	21.888230727792404	0.0	179328	1145.665480434198	1.2859993	0.3
11698.469590674811	300	24.91761323870053	0.0	159914	970.617489091879	1.3394394	0.3
11699.263833194134	300	28.123370719378485	0.0	131610	794.2425193220417	1.3961111	0.3
11701.95054636537	1200	29.43665754814482	0.0	575591	2686.713171233667	1.4407852	0.29999999999999993
11702.820611759382	300	32.56659215413199	0.0	144254	870.065394012831	1.6730596	-0.6000000000000001
11711.894325821504	1850	27.492878092008688	0.0	930577	9073.7140621233	1.5137079	0.30000000000000004
11717.88193340337	1200	25.505270510142218	0.0	566904	5987.607581866468	1.5990427	0.5499999999999999
11725.243337998518	1850	22.143865914996454	0.0	1025005	7361.404595145762	1.5433809	1.2000000000000002
11727.337841697221	750	24.049362216291048	0.0	372093	2094.503698705407	1.6178658	-0.3500000000000001
11730.702823667512	1850	24.684380245999314	0.0	973972	3364.981970291735	1.5890031	0.75
11737.809899786203	4300	21.577304127307787	0.0	2124950	7107.076118691526	1.2780252	1.8499999999999996
11743.390144136163	4300	19.997059777348987	0.0	2246506	5580.244349958803	0.39795724	4.3
11749.866686154977	4300	17.520517758534986	0.0	1961140	6476.542018814002	0.37357605	4.3
11760.673608296856	4300	10.713595616655851	0.0	2155012	10806.922141879133	0.43279222	4.3

