11038.939391935217	750	4.0	4.549356298858494	450283	4549.356298858494	0.61642087	-18.812232085091523
11040.426201011207	300	6.513190924009408	0.0	155580	1486.8090759905917	0.5207895	-0.15000000000000002
11042.821352911338	750	8.118039023878083	0.0	350812	2395.151900131324	0.79874665	0.3
11047.6621169073	1200	7.277275027916101	0.0	617681	4840.763995961983	0.9335342	0.75
11051.500250449017	750	7.439141486199607	0.0	411561	3838.1335417164937	0.9476148	0.3
11052.6807794089	300	10.258612526316385	0.0	126289	1180.528959883223	0.92019004	-0.15000000000000002
11054.103933106271	300	12.835458828944372	0.0	153295	1423.1536973720117	0.9807475	0.3
11060.145691386791	1200	10.7937005484242	0.0	709534	6041.758280520173	1.0904306	0.29999999999999993
11065.329196193996	1200	9.610195741219389	0.0	584846	5183.50480720481	1.1926587	1.2
11066.662238989216	300	12.277152945997344	0.0	139105	1333.0427952220457	1.121644	-0.6000000000000001
11070.038810296264	750	12.900581638951232	0.0	353220	3376.5713070461125	1.110103	0.3
11071.805287290994	300	15.13410464422129	0.0	156148	1766.4769947299428	1.1809579	-0.15000000000000002
11073.722241145728	300	17.217150789486308	0.0	160746	1916.9538547349835	1.1837522	0.3
11075.986438291631	300	18.95295364358202	0.0	179801	2264.1971459042893	1.2208925	0.3
11077.979786796928	300	20.95960513828652	0.0	140051	1993.3485052954984	1.2619838	0.3
11081.152542139462	750	21.78684979575276	0.0	366214	3172.755342533756	1.3124987	0.3
11082.509372316792	300	24.430019618420665	0.0	143509	1356.8301773320982	1.3968232	-0.15000000000000002
11083.761866690938	300	27.177525244273646	0.0	150616	1252.494374147021	1.3892301	0.3
11094.213517111337	1850	20.72587482387565	0.0	987708	10451.650420397997	1.4250445	0.30000000000000004
11095.937433910149	300	23.001958025064752	0.0	140881	1723.9167988108966	1.4501919	-1.25
11097.744090051587	300	25.195301883626733	0.0	157671	1806.656141438018	1.3664333	0.3
11101.01817979482	750	25.921212140392868	0.0	399894	3274.089743233863	1.3958051	0.3
11103.939513166417	750	26.99987876879615	0.0	401853	2921.3333715967156	1.4489766	0.75
11106.311718809058	750	28.627673126153496	0.0	343800	2372.205642642657	1.5016924	0.75
11109.156212010428	750	29.78317992478379	0.0	359903	2844.4932013697016	1.50459	0.75
11112.023455091181	750	30.91593684403174	0.0	379700	2867.2430807520486	1.5074202	0.75
11120.124540520155	1850	26.814851415056005	0.0	1076599	8101.085428975736	1.5406586	0.75
11123.638233971418	1200	27.301157963792274	0.0	487160	3513.6934512637295	1.564666	0.5499999999999999
11126.957317216626	750	27.98207471858591	0.0	400396	3319.083245206362	1.5552748	0.3
11132.740090865205	1200	26.199301070004875	0.0	641447	5782.773648581036	1.5267829	0.75
11140.3942336591	1850	22.545158276109316	0.0	873429	7654.142793895559	1.5387326	1.2000000000000002
11142.634379667163	300	24.30501226804766	0.0	157488	2240.1460080616557	1.5400984	-1.25
11149.124388926697	750	21.81500300851286	0.0	369834	6490.0092595348	1.4294595	0.3
11151.220545201724	300	23.718846733485503	0.0	163444	2096.1562750273606	1.381726	-0.15000000000000002
11153.984663154673	300	24.954728780536907	0.0	179328	2764.1179529485926	1.4070101	0.3
11156.348976003384	300	26.590415931825287	0.0	159914	2364.3128487116223	1.4288894	0.3
11158.0668986605	300	28.87249327471069	0.0	131610	1717.9226571145975	1.4477699	0.3
11164.313105860942	1200	26.626286074269384	0.0	575591	6246.207200441302	1.4781133	0.29999999999999993
11166.064479791703	300	28.87491214350703	0.0	144254	1751.3739307623534	1.5330834	-0.6000000000000001
11174.143004847645	1850	24.79638708756327	0.0	930577	8078.525055943761	1.4901748	0.30000000000000004
11178.915469316373	1200	24.02392261883579	0.0	566904	4772.46446872748	1.5641166	0.5499999999999999
11189.13895664797	1850	17.800435287238965	0.0	1025005	10223.487331596827	1.5382391	1.2000000000000002
11194.522337031773	750	16.41705490343568	0.0	372093	5383.380383803283	1.4652871	-0.3500000000000001
11202.089766145118	750	12.849625790089535	0.0	438281	7567.429113346147	1.2828227	0.75
11209.177526657719	750	9.761865277487571	0.0	398987	7087.760512601963	1.1240063	0.75
11210.881296372441	300	12.058095562765855	0.0	160064	1703.7697147217177	0.7950864	-0.15000000000000002
11212.420455476728	300	14.518936458479805	0.0	137507	1539.1591042860487	1.0855274	0.3
11213.69484831774	300	17.24454361746677	0.0	118421	1274.3928410130375	1.1662222	0.3

