5042.61806113576	750	4.0	2.1451274043719923	450283	2145.1274043719923	1.4122576	-8.474047838799567
5044.637538208687	750	5.9805229270739275	0.0	398865	2019.477072926073	0.75028956	0.75
5046.51145817881	300	8.106602956951269	0.0	139857	1873.9199701226582	0.9150025	-0.15000000000000002
5049.203353518065	300	9.414707617696097	0.0	155432	2691.895339255173	0.90194774	0.3
5054.215455628491	750	8.402605507270575	0.0	411561	5012.1021104255215	0.9012883	0.3
5055.302972130425	300	11.315089005336777	0.0	126289	1087.5165019337987	0.92737824	-0.15000000000000002
5059.792985106089	1200	10.825076029672386	0.0	561791	4490.01297566439	1.051983	0.29999999999999993
5069.045239420744	1850	5.572821715017917	0.0	1060487	9252.254314654469	1.1677427	1.2000000000000002
5070.418289833203	300	8.1997713025585	0.0	150710	1373.0504124594167	0.9703276	-1.25
5073.316572152756	750	9.30148898300539	0.0	362795	2898.282319553108	0.924785	0.3
5075.0107999862685	300	11.607261149493198	0.0	141840	1694.2278335121935	1.0011305	-0.15000000000000002
5078.865043129496	750	11.753018006264982	0.0	405134	3854.243143228216	1.0247368	0.3
5082.8668069340265	750	11.75125420173545	0.0	386351	4001.7638045295294	1.1208295	0.75
5085.237117683872	300	13.380943451889008	0.0	179801	2370.3107498464433	1.0727627	-0.15000000000000002
5093.331189356791	1850	9.286871778971019	0.0	821631	8094.071672917989	1.112776	0.30000000000000004
5096.120539699747	750	10.497521436015406	0.0	366214	2789.3503429556135	1.1754067	-0.3500000000000001
5098.916445748507	750	11.701615387254687	0.0	360831	2795.906048760719	1.0805033	0.75
5101.820689881978	750	12.79737125378417	0.0	372963	2904.2441334705154	1.1753926	0.75
5103.23077863532	300	15.387282500441794	0.0	165384	1410.0887533423777	1.1797105	-0.15000000000000002
5105.992485571409	750	16.625575564353127	0.0	350713	2761.706936088667	1.2433213	0.3
5110.877685544919	1200	15.74037559084311	0.0	601738	4885.199973510016	1.3409803	0.75
5114.137390489674	750	16.48067064608845	0.0	399894	3259.7049447546606	1.3646557	0.3
5117.353079585532	750	17.26498155022879	0.0	401853	3215.689095859661	1.3635195	0.75
5124.788119146639	1850	13.82994198912329	0.0	874175	7435.039561105498	1.3825309	0.75
5128.62881983868	750	13.98924129708131	0.0	359903	3840.7006920419785	1.4079512	-0.3500000000000001
5132.431064774645	750	14.186996361115785	0.0	379700	3802.244935965525	1.2606534	0.75
5134.132207845333	300	16.485853290428636	0.0	181901	1701.1430706871497	1.2282451	-0.15000000000000002
5137.186050474792	1200	17.43201066096999	0.0	487160	3053.8426294586457	1.2697333	0.29999999999999993
5140.094572593975	750	18.523488541786605	0.0	400396	2908.522119183385	1.457216	0.3
5144.8244288236965	1200	17.793632312064783	0.0	641447	4729.856229721823	1.4040031	0.75
5147.483888429167	750	19.134172706594494	0.0	358218	2659.4596054702884	1.4455221	0.3
5152.451468027732	1200	18.166593108030167	0.0	620283	4967.579598564328	1.4400153	0.75
5157.073820283055	1200	17.544240852706356	0.0	584349	4622.352255323811	1.4668946	1.2
5158.606130108388	300	20.011931027373937	0.0	163444	1532.3098253324206	1.4517825	-0.6000000000000001
5161.97165209422	750	20.64640904154194	0.0	401088	3365.521985831996	1.3994712	0.3
5172.344714966375	1850	14.273346169386837	0.0	943942	10373.062872155104	1.4636681	0.75
5178.119358012036	1200	12.498703123726093	0.0	487812	5774.643045660745	1.4109411	0.5499999999999999
5179.507286476851	300	15.110774658911849	0.0	124011	1387.9284648142434	1.273393	-0.6000000000000001
5183.119115268041	750	15.4989458677209	0.0	378327	3611.828791190948	1.2352825	0.3
5184.78333206419	300	17.834729071572102	0.0	149991	1664.216796148799	1.3149271	-0.15000000000000002
5186.267511002908	300	20.350550132854295	0.0	147968	1484.1789387178053	1.3321246	0.3
5188.153634618629	300	22.464426517131866	0.0	161857	1886.1236157224291	1.3697933	0.3
5195.789034399641	1200	18.8290267361197	0.0	599477	7635.3997810121655	1.4136677	0.29999999999999993
5215.80656143214	1850	4.0	1.1885002963786246	973972	20017.527032498325	1.4329436	-3.9105512744280855
5222.119631354063	300	4.0	2.3130699219229562	167025	6313.069921922956	0.0653201	-11.196200664268712
5227.854295500537	300	4.0	1.7346641464740369	160064	5734.664146474037	0.033829883	-7.159055829838358
5231.962385416896	300	4.0	0.10808991635951315	137507	4108.089916359513	0.016409583	-0.1647866403459065
5235.091516150234	300	4.870869266662188	0.0	118421	3129.1307333378118	0.008633436	0.3

