26045.978189217523	750	4.0	2.322935537655054	450283	2322.935537655054	1.207391	-9.238622811916732
26049.454453315702	750	4.523735901820231	0.0	398865	3476.264098179768	1.0554395	0.75
26050.686356112896	300	7.291833104623161	0.0	139857	1231.9027971970702	0.80354106	-0.15000000000000002
26051.823558727625	300	10.154630489896487	0.0	155432	1137.2026147266756	0.9622152	0.3
26053.043800387884	300	12.934388829638273	0.0	163442	1220.241660258212	1.0840324	0.3
26054.026888417826	300	15.95130079969809	0.0	126289	983.0880299401828	1.1704173	0.3
26057.662009863503	1200	16.3161793540182	0.0	561791	3635.121445679892	1.2088935	0.29999999999999993
26062.333995514207	1200	15.644193703316315	0.0	709534	4671.985650701884	1.3677237	1.2
26069.03435401892	1850	12.943835198602152	0.0	852833	6700.358504714165	1.3417485	1.2000000000000002
26070.283252813144	300	15.69493640437657	0.0	139105	1248.898794225582	1.3495014	-1.25
26071.54071129038	300	18.43747792714177	0.0	141840	1257.4584772347994	1.1906056	0.3
26072.884515825797	300	21.093673391728164	0.0	156148	1343.8045354136084	1.2325114	0.3
26074.14259450621	300	23.835594711314137	0.0	160746	1258.078680414028	1.2667776	0.3
26076.816089851323	750	25.162099366202856	0.0	434409	2673.495345111281	1.3012466	0.3
26080.427881582877	1200	25.550307634651585	0.0	526950	3611.7917315512705	1.405813	0.75
26084.27558877553	1200	25.702600441997205	0.0	587876	3847.707192654379	1.4569427	1.2
26085.62469560952	300	28.35349360800596	0.0	143509	1349.1068339912465	1.46098	-0.6000000000000001
26090.171638612614	1200	27.806550604914154	0.0	581493	4546.943003091805	1.3347838	0.29999999999999993
26098.70034519575	1200	23.277844021777003	0.0	639204	8528.70658313715	1.4685425	1.2
26100.94102997869	750	25.03715923884053	0.0	350713	2240.684782936475	1.3664155	0.3
26104.519498719827	1850	25.45869049770193	0.0	891604	3578.4687411386017	1.4202095	0.75
26119.622778073503	4300	14.355411144027702	0.0	2176469	15103.279353674228	1.6428709	1.8499999999999996
26123.62058131443	1850	14.357607903099401	0.0	968026	3997.803240928301	1.4618621	-0.6000000000000001
26125.83805176556	1200	16.14013745196753	0.0	536667	2217.47045113187	1.5082512	0.5499999999999999
26128.527700961047	1200	17.45048825648159	0.0	587236	2689.6491954859366	1.4689784	1.2
26130.17229271763	750	19.805896499893816	0.0	379700	1644.5917565877776	1.465774	0.3
26131.95945724931	750	22.018731968214553	0.0	425781	1787.164531679265	1.434773	0.75
26132.504786773046	300	25.473402444479422	0.0	111155	545.3295237351301	1.4627002	-0.15000000000000002
26134.333906947104	750	27.644282270419815	0.0	400396	1829.1201740596064	1.398346	0.3
26138.261887572695	1850	27.71630164482805	0.0	975811	3927.9806255917656	1.4961412	0.75
26146.844063963745	4300	23.134125253776357	0.0	2113193	8582.176391051691	1.6741754	1.8499999999999996
26155.449928318343	4300	18.52826089917701	0.0	2147852	8605.864354599347	0.96039563	4.3
26164.77867129874	4300	13.199517918781511	0.0	2191074	9328.742980395498	1.1766264	4.3
26170.225561701558	1850	11.752627515960555	0.0	1035329	5446.890402820958	1.5261239	-0.6000000000000001
26173.003219112175	750	12.974970105343262	0.0	401088	2777.657410617291	1.4349775	-0.3500000000000001
26178.74669808049	1200	11.231491137032968	0.0	598727	5743.478968310293	1.2830354	0.75
26181.38930847157	1200	12.588880745948803	0.0	487812	2642.610391084165	1.2259717	1.2
26183.30540372889	750	14.672785488628584	0.0	361565	1916.0952573202196	1.4149489	0.3
26185.18100028899	750	16.797188928529653	0.0	378327	1875.596560098931	1.3944379	0.75
26187.18445505568	750	18.793734161839872	0.0	390680	2003.4547666897802	1.4503127	0.75
26188.95496454049	750	21.023224677026718	0.0	345516	1770.5094848131532	1.4806479	0.75
26192.7359014833	1200	21.24228773422047	0.0	641452	3780.9369428062478	1.5173938	0.75
26197.048376487703	1850	20.929812729814618	0.0	886255	4312.475004405852	1.5732911	1.2000000000000002
26198.184768974526	300	23.79342024298782	0.0	172312	1136.392486826796	1.6579001	-1.25
26201.825700961555	1200	24.152488255960876	0.0	630203	3640.9319870269446	1.4786959	0.29999999999999993
26204.049053210194	750	25.92913600732251	0.0	393804	2223.3522486383663	1.6644982	0.3
26205.910691714365	750	28.067497503151763	0.0	331053	1861.6385041707424	1.6430826	0.75
26208.067736867626	750	29.910452349890036	0.0	314107	2157.0451532617276	1.6860846	0.75

