22176.520705376646	750	4.0	2.148641230861048	450283	2148.641230861048	1.5539384	-8.489157292702506
22178.8895583126	750	5.631147064048715	0.0	398865	2368.8529359512845	1.080343	0.75
22179.62296194687	300	8.897743429779567	0.0	139857	733.4036342691485	1.0829303	-0.15000000000000002
22180.503303102774	300	12.017402273873323	0.0	155432	880.341155906244	1.127596	0.3
22181.71787214891	300	14.802833227733041	0.0	163442	1214.5690461402808	1.1946297	0.3
22183.03655769763	300	17.484147679019237	0.0	126289	1318.6855487138025	1.2087399	0.3
22184.81665971033	300	19.704045666317196	0.0	153295	1780.1020127020422	1.2116258	0.3
22188.824452097844	1200	19.696253278803415	0.0	709534	4007.79238751378	1.2264782	0.29999999999999993
22191.694482504332	1200	20.82622287231723	0.0	584846	2870.0304064861834	1.4161412	1.2
22196.895379413254	1850	19.62532596339164	0.0	913888	5200.896908925591	1.4468364	1.2000000000000002
22199.54317232361	1200	20.977533053035717	0.0	607410	2647.792910355923	1.4835815	0.5499999999999999
22200.281861668067	300	24.23884370858161	0.0	156148	738.6893444541081	1.4674058	-0.6000000000000001
22200.96713724956	300	27.55356812708259	0.0	160746	685.275581499018	1.3575991	0.3
22203.9598850779	1200	28.560820298745575	0.0	687371	2992.7478283370097	1.3969846	0.29999999999999993
22204.823521832765	300	31.697183543883746	0.0	140051	863.6367548618309	1.537236	-0.6000000000000001
22206.489155503255	750	34.03154987339382	0.0	366214	1665.6336704899231	1.3883826	0.3
22208.94116555854	1200	35.5795398181088	0.0	617242	2452.0100552850213	1.5076993	0.75
22209.60971672559	300	38.91098865105766	0.0	150616	668.5511670511454	1.624049	-0.6000000000000001
22212.812326655054	1200	39.70837872159599	0.0	639204	3202.6099294616656	1.4846752	0.29999999999999993
22222.601209900244	4300	33.91949547640235	0.0	2156729	9788.883245193636	1.6384373	1.1999999999999997
22232.982698373296	4300	27.538007003350838	0.0	2039773	10381.488473051517	0.79808724	4.3
22242.424920470337	4300	22.09578490630704	0.0	2176469	9442.2220970438	1.164004	4.3
22245.57803424072	1850	22.94267113592534	0.0	968026	3153.1137703816958	1.197733	-0.6000000000000001
22250.728749946193	2850	21.79195543045304	0.0	1323990	5150.715705472305	1.6604557	1.85
22253.733671518232	1200	22.787033858413086	0.0	587236	3004.921572039955	1.5349731	-0.44999999999999996
22258.801487423545	1850	21.719217953100834	0.0	905935	5067.815905312251	1.5181911	1.2000000000000002
22270.657135828926	2850	13.863569547719356	0.0	1547572	11855.648405381477	1.5680006	1.85
22274.84768403468	1200	13.673021341963661	0.0	487160	4190.548205755695	1.405383	-0.44999999999999996
22280.59626762518	750	11.92443775146888	0.0	400396	5748.5835904947835	1.3185321	0.3
22286.791184161906	750	9.72952121474456	0.0	400508	6194.916536724318	1.091714	0.75
22289.8714993283	1200	10.649206048349784	0.0	570392	3080.315166394775	0.970814	0.75
22292.575963418985	1200	11.94474195766255	0.0	620283	2704.464090687234	1.2886766	1.2
22293.74295904465	750	14.77774633199844	0.0	369834	1166.9956256641112	1.3913141	0.3
22294.245735462166	300	18.274969914482067	0.0	163444	502.77641751637356	1.4315838	-0.15000000000000002
22297.81253533274	1200	18.70817004390362	0.0	690253	3566.799870578446	1.4031949	0.29999999999999993
22303.672208407126	1200	16.848496969521104	0.0	598727	5859.673074382517	1.4873071	1.2
22304.171795193684	300	20.34891018296265	0.0	131610	499.5867865584489	1.3618913	-0.6000000000000001
22305.768939298312	1200	22.7517660783341	0.0	575591	1597.1441046285518	1.4327575	0.29999999999999993
22306.675444312423	750	25.845261064224726	0.0	378327	906.5050141093755	1.6696482	0.3
22307.64405006331	750	28.87665531333616	0.0	390680	968.6057508885674	1.6642964	0.75
22308.699218298647	750	31.821487078002466	0.0	345516	1055.1682353336957	1.7034876	0.75
22309.220440701683	300	35.30026467496665	0.0	161857	521.2224030358204	1.7159481	-0.15000000000000002
22311.511766812553	1850	37.00893856409683	0.0	886255	2291.3261108698166	1.6992524	0.30000000000000004
22318.503046759113	4300	34.01765861753328	0.0	2219102	6991.279946563556	0.7602667	1.8499999999999996
22347.837175007542	4300	8.683530369104407	0.0	2124950	29334.12824842887	0.3428601	4.3
22350.033554954116	300	10.487150422528334	0.0	160064	2196.3799465760735	1.0545878	-3.7
22352.510316691663	750	12.010388684979064	0.0	331053	2476.761737549269	1.0652944	0.3
22353.317078605964	300	15.203626770678868	0.0	118421	806.7619143001966	1.3248152	-0.15000000000000002

