1981.1203629346664	750	4.0	5.460500454044817	450283	5460.500454044817	0.99289906	-22.730151952392713
1982.4199175602657	300	6.700445374400823	0.0	155580	1299.5546255991767	0.46138152	-0.15000000000000002
1983.5574072632385	300	9.562955671427938	0.0	139857	1137.489702972886	0.80949205	0.3
1984.7517196252345	300	12.368643309431896	0.0	155432	1194.3123619960415	0.9288327	0.3
1985.948425428333	300	15.171937506333434	0.0	163442	1196.7058030984626	1.0528868	0.3
1988.0800450519068	750	17.040317882759663	0.0	318564	2131.6196235737693	1.2306418	0.3
1989.6086060931525	300	19.511756841513964	0.0	153295	1528.5610412457	1.3289628	-0.15000000000000002
1991.0161199595634	300	22.104242975102913	0.0	173849	1407.5138664110527	1.290098	0.3
1992.0887104264195	300	25.03165250824693	0.0	150710	1072.5904668559865	1.3855212	0.3
1994.5432348872548	750	26.577128047411506	0.0	362795	2454.5244608354215	1.41296	0.3
1997.4231217538347	750	27.69724118083182	0.0	353220	2879.8868665796817	1.484465	0.75
1998.8589771215961	300	30.26138581307036	0.0	156148	1435.8553677614625	1.4810303	-0.15000000000000002
2001.78230142119	750	31.33806151347672	0.0	386351	2923.3242995936375	1.45265	0.3
2005.0006886439246	750	32.11967429074209	0.0	434409	3218.3872227346324	1.5046004	0.75
2009.523902958632	750	31.596459976034556	0.0	337059	4523.214314707533	1.5281816	0.75
2014.8670056247033	750	30.253357309963473	0.0	366214	5343.102666071082	1.4896653	0.75
2022.8006277016837	1200	26.31973523298315	0.0	617242	7933.622076980328	1.4542451	0.75
2026.0087063816547	750	27.111656553011905	0.0	372963	3208.078679971243	1.4700564	0.3
2031.4594793148913	750	25.66088361977561	0.0	405596	5450.772933236295	1.4732789	0.75
2039.0204302136715	1200	22.099932720995376	0.0	586839	7560.950898780233	1.4329828	0.75
2047.691236830511	1850	17.429126104155934	0.0	891604	8670.806616839442	1.42124	1.2000000000000002
2056.622431549603	1200	12.497931385063922	0.0	616206	8931.194719092013	1.4227525	0.5499999999999999
2060.48390056977	750	12.636462364897033	0.0	401853	3861.469020166888	1.1085199	0.3
2062.0044977066896	300	15.115865227977087	0.0	137654	1520.5971369199478	1.129737	-0.15000000000000002
2065.9269550502536	750	15.193407884412979	0.0	359903	3922.457343564108	1.153913	0.3
2068.6293318024955	750	16.491031132171447	0.0	379700	2702.376752241533	1.2075671	0.75
2075.202769166678	1850	13.917593767988778	0.0	1076599	6573.437364182669	1.2799627	0.75
2080.2955336263926	1850	12.824829308273959	0.0	758197	5092.76445971482	1.435062	1.85
2084.2127740857627	1200	12.907588848903886	0.0	622896	3917.2404593700717	1.4176917	0.5499999999999999
2088.460084734717	1200	12.660278199949422	0.0	641447	4247.310648954463	1.368173	1.2
2090.9303085446113	750	14.190054390055273	0.0	358218	2470.223809894149	1.3518068	0.3
2093.2821050423263	750	15.838257892340012	0.0	400322	2351.796497715261	1.3332374	0.75
2095.21573437934	750	17.904628555326504	0.0	369834	1933.629337013507	1.4060545	0.75
2098.449924236798	750	18.670438697868587	0.0	412837	3234.189857457917	1.443247	0.75
2103.35168629738	1200	17.76867663728613	0.0	690253	4901.762060582454	1.4531552	0.75
2104.4307481120813	300	20.689614822584723	0.0	159914	1079.061814701412	1.4828949	-0.6000000000000001
2105.0909948087306	300	24.029368125935804	0.0	131610	660.2466966489146	1.4797841	0.3
2105.8549438492682	300	27.265419085398072	0.0	124011	763.949040537733	1.5272336	0.3
2106.786918279893	300	30.333444654773295	0.0	144254	931.9744306247774	1.5496881	0.3
2114.9013085617557	2850	26.219054372910875	0.0	1402287	8114.390281862418	1.5729802	0.30000000000000027
2116.939418259976	750	28.18094467469049	0.0	345516	2038.1096982203865	1.61117	-1.35
2119.5186123851927	750	29.601750549473465	0.0	384505	2579.1941252170236	1.5943478	0.75
2139.4949294710673	4300	13.625433463599107	0.0	2121928	19976.317085874358	1.6172738	0.75
2147.0249106653496	1850	10.095452269316716	0.0	973972	7529.981194282391	1.4378963	-0.6000000000000001
2148.125723098326	300	12.994639836340458	0.0	167025	1100.812432976259	1.3548962	-1.25
2150.4852120195615	750	14.635150915105104	0.0	393804	2359.4889212353546	1.2906379	0.3
2153.8277805450907	1200	15.292582389575571	0.0	538612	3342.568525529531	1.415849	0.75
2155.9776669790385	750	17.142695955627776	0.0	314107	2149.8864339477955	1.4994364	0.3

