5436.8074400197975	750	4.0	10.535228578788095	450283	10535.228578788096	1.0792053	-44.551482888788804
5438.19828696833	300	6.609153051467327	0.0	155580	1390.8469485326723	0.2519386	-0.15000000000000002
5443.038143358583	750	5.769296661214577	0.0	350812	4839.85639025275	0.77440125	0.3
5444.701599863915	300	8.105840155881442	0.0	155432	1663.4565053331357	0.72525096	-0.15000000000000002
5446.933457789805	300	9.873982229991347	0.0	163442	2231.857925890096	0.8060561	0.3
5448.610023244013	300	12.197416775783967	0.0	126289	1676.5654542073796	0.91177046	0.3
5453.3888371830835	750	11.418602836714003	0.0	352642	4778.813939069966	0.9612098	0.3
5456.453550904336	300	12.353889115461218	0.0	173849	3064.7137212527846	1.0043199	-0.15000000000000002
5459.264606102938	300	13.542833916859612	0.0	150710	2811.0551986016058	0.98977774	0.3
5462.853167885604	300	13.954272134192768	0.0	139105	3588.561782666845	1.037329	0.3
5466.419405076296	300	14.388034943501374	0.0	141840	3566.237190691395	1.0051359	0.3
5478.754337816971	1200	6.053102202826451	0.0	594078	12334.932740674923	1.0184819	0.29999999999999993
5481.824271525823	300	6.983168493975147	0.0	160746	3069.933708851304	0.42230362	-0.6000000000000001
5484.959116939071	300	7.848323080726969	0.0	179801	3134.8454132481775	0.53551453	0.3
5491.087861785128	750	5.719578234669578	0.0	337059	6128.7448460573905	0.69400173	0.3
5494.51466443781	300	6.292775581987866	0.0	138313	3426.8026526817134	0.14484411	-0.15000000000000002
5497.116577802311	300	7.690862217486373	0.0	143509	2601.9133645014927	0.33950564	0.3
5499.048002769955	300	9.759437249842403	0.0	150616	1931.424967643969	0.37905523	0.3
5503.215246160593	750	9.592193859204777	0.0	405596	4167.243390637625	0.8022342	0.3
5504.703143596977	300	12.104296422820946	0.0	140881	1487.897436383831	0.9180325	-0.15000000000000002
5514.945247097792	1200	5.8621929220059155	0.0	601738	10242.10350081503	0.9895091	0.29999999999999993
5517.803874941338	300	7.003565078459799	0.0	157812	2858.627843546117	0.39442584	-0.6000000000000001
5524.23939959976	750	4.568040420037866	0.0	401853	6435.524658421933	0.47747907	0.3
5526.040027132718	300	6.767412887079949	0.0	137654	1800.6275329579155	0.1557779	-0.15000000000000002
5527.990175396866	300	8.817264622931729	0.0	146754	1950.148264148221	0.36399692	0.3
5529.717587748443	300	11.089852271354587	0.0	153938	1727.4123515771405	0.85408944	0.3
5534.444237720803	750	10.363202298995233	0.0	425781	4726.649972359355	0.9012009	0.3
5535.852826716385	300	12.95461330341368	0.0	111155	1408.5889955815535	0.9979774	-0.15000000000000002
5538.471886151241	300	14.335553868557625	0.0	153605	2619.0594348560558	1.0170076	0.3
5541.814637083262	300	14.992802936536568	0.0	149029	3342.7509320210547	1.05312	0.3
5546.088625876862	300	14.718814142935898	0.0	157421	4273.988793600671	1.055179	0.3
5550.003071804557	300	14.804368215241606	0.0	157488	3914.445927694292	1.0325028	0.3
5558.887824528398	750	9.919615491400684	0.0	369834	8884.752723840922	1.022654	0.3
5562.583859498271	300	10.223580521527467	0.0	163444	3696.0349698732166	0.84173155	-0.15000000000000002
5574.683893116617	750	4.0	1.8764530968182263	401088	12100.033618345693	0.82415557	-7.768748316318372
5578.355500306862	300	4.3283928097541	0.0	159914	3671.6071902459	0.018857352	-0.15000000000000002
5581.083900649167	300	5.599992467450216	0.0	131610	2728.400342303885	0.019130263	0.3
5583.790825482546	300	6.8930676340709525	0.0	124011	2706.924833379263	0.07607265	0.3
5585.728013630971	300	8.95587948564583	0.0	144254	1937.1881484251232	0.06454814	0.3
5588.515512029234	300	10.168381087383736	0.0	149991	2787.4983982620934	0.65314656	0.3
5596.996323067917	750	5.687570048700935	0.0	345516	8480.811038682801	0.69484746	0.3
5600.544428487925	300	6.139464628692633	0.0	161857	3548.105420008301	0.069488764	-0.15000000000000002
5603.2594402626055	300	7.424452854012097	0.0	145210	2715.0117746805363	0.10879223	0.3
5612.465454879443	1200	4.0	1.7815617628252494	634861	9206.014616837347	0.38987538	-7.360715580148572
5614.2201319226715	300	6.245322956771303	0.0	167025	1754.6770432286964	0.03621372	-0.6000000000000001
5615.818551411756	300	8.646903467687533	0.0	160064	1598.4194890837705	0.33769107	0.3
5617.68349876849	300	10.781956110952782	0.0	137507	1864.9473567347493	0.79085964	0.3
5619.300695063456	300	13.164759815986812	0.0	118421	1617.1962949659708	0.91803986	0.3

