2341.5745303718986	750	4.0	4.722418988271614	450283	4722.418988271614	1.4296651	-19.55640164956794
2343.050136190174	300	6.524394181725228	0.0	155580	1475.6058182747722	0.50872046	-0.15000000000000002
2344.2505969346275	300	9.323933437271	0.0	139857	1200.460744454228	0.79815686	0.3
2345.3987628073082	300	12.175767564590338	0.0	155432	1148.1658726806618	0.914594	0.3
2348.3211539195936	750	13.25337645230531	0.0	411561	2922.391112285027	1.0488505	0.3
2350.934335715755	750	14.64019465614395	0.0	318564	2613.1817961613597	1.2159495	0.75
2352.0849809667257	300	17.4895494051728	0.0	153295	1150.6452509711523	1.2534169	-0.15000000000000002
2357.519424440491	1200	16.055105931407716	0.0	709534	5434.443473765083	1.2751647	0.29999999999999993
2362.817773707597	1200	14.75675666430164	0.0	584846	5298.349267106076	1.3924497	1.2
2369.0515671017433	1200	12.52296327015493	0.0	560821	6233.79339414671	1.3415443	1.2
2370.5942640904063	300	14.980266281492145	0.0	141840	1542.696988662784	1.2448953	-0.6000000000000001
2372.654236274107	300	16.920294097791267	0.0	156148	2059.97218370088	1.1940589	0.3
2383.284104697758	1200	10.290425674140225	0.0	624282	10629.86842365104	1.2404177	0.29999999999999993
2386.4607887511006	300	11.113741620797635	0.0	179801	3176.6840533425916	1.0015796	-0.6000000000000001
2390.0857365431016	750	11.488793828796545	0.0	337059	3624.947792001089	0.9641859	0.3
2393.1822256401774	750	12.392304731720966	0.0	366214	3096.489097075581	1.0454743	0.75
2395.9677699184526	750	13.606760453445622	0.0	360831	2785.544278275343	1.0943258	0.75
2399.892290548381	750	13.682239823517211	0.0	372963	3924.520629928412	1.2390403	0.75
2413.566051912718	1850	4.008478459180182	0.0	987708	13673.76136433703	1.1382096	0.75
2415.400474546874	300	6.174055825023734	0.0	140881	1834.4226341564483	0.17636256	-1.25
2417.4592696597088	300	8.115260712189512	0.0	157671	2058.795112834222	0.4183301	0.3
2419.3964681975144	300	10.178062174383834	0.0	157812	1937.1985378056766	0.81180155	0.3
2423.770389117538	750	9.80414125436031	0.0	401853	4373.920920023525	0.88368833	0.3
2425.3661279487947	300	12.208402423103987	0.0	137654	1595.7388312563232	0.9872748	-0.15000000000000002
2429.4413454301084	750	12.13318494179012	0.0	359903	4075.2174813138686	0.98908603	0.3
2434.877484610989	750	10.697045760909367	0.0	379700	5436.139180880753	1.069457	0.75
2445.47711335422	1200	4.097417017678668	0.0	696376	10599.628743230698	0.966157	0.75
2446.9922733857193	300	6.582256986179304	0.0	111155	1515.160031499365	0.17560974	-0.6000000000000001
2449.15535454062	300	8.419175831278796	0.0	153605	2163.0811549005075	0.45406052	0.3
2451.3225315271634	300	10.251998844735118	0.0	149029	2167.1769865436795	0.77314293	0.3
2453.404027902451	300	12.170502469447117	0.0	157421	2081.496375288001	0.86081976	0.3
2458.776306812038	750	10.798223559860245	0.0	400322	5372.278909586869	0.98011285	0.3
2464.192855423016	750	9.381674948882457	0.0	369834	5416.548610977789	0.9518854	0.75
2471.8197270233004	750	5.754803348598064	0.0	412837	7626.871600284393	0.8822726	0.75
2475.608982080714	300	5.965548291184083	0.0	179328	3789.2550574139814	0.18196413	-0.15000000000000002
2479.7212803689604	300	5.853250002937719	0.0	159914	4112.298288246364	0.18645668	0.3
2483.7268665980423	300	5.847663773856186	0.0	131610	4005.5862290815326	0.1570283	0.3
2485.7943160172763	300	7.780214354622126	0.0	124011	2067.44941923406	0.07054113	0.3
2493.6461546752394	750	4.0	0.07162430334074633	378327	7851.838657962872	0.4363651	-0.007984504365209255
2497.38011066542	300	4.2660440098189465	0.0	149991	3733.9559901810535	0.015370947	-0.15000000000000002
2501.3323023320986	300	4.31385234314028	0.0	147968	3952.1916666786665	0.017897299	0.3
2505.806062449688	300	4.0	0.15990777444909873	161857	4473.760117589379	0.01857808	-0.3876034301311246
2509.6240568127523	300	4.182005636935819	0.0	145210	3817.994363064181	0.011013401	0.3
2512.8208641591423	300	4.9851982905460535	0.0	172312	3196.807346389765	0.022202032	0.3
2515.5104357690316	300	6.295626680656431	0.0	167025	2689.571609889623	0.028641228	0.3
2517.967127711321	300	7.838934738366936	0.0	160064	2456.691942289495	0.11806623	0.3
2520.0682251754824	300	9.737837274205866	0.0	137507	2101.09746416107	0.43749374	0.3
2521.8321427421474	300	11.973919707541084	0.0	118421	1763.9175666647807	0.8162243	0.3

