5389.170163424168	750	4.0	2.287148895543779	450283	2287.148895543779	1.6578641	-9.084740250838248
5392.783015320093	1200	4.387148104074564	0.0	611087	3612.851895925436	1.0615358	0.75
5393.442214911805	300	7.727948512362239	0.0	139857	659.1995917123252	1.1128266	-0.6000000000000001
5394.2876154530095	300	10.882547971158324	0.0	155432	845.4005412039141	1.103663	0.3
5395.202672517307	300	13.96749090686058	0.0	163442	915.0570642977455	1.1648539	0.3
5395.86148810126	300	17.308675322908073	0.0	126289	658.815583952509	1.2253404	0.3
5398.535025489099	1200	18.635137935068457	0.0	561791	2673.5373878396144	1.2723616	0.29999999999999993
5400.774767672953	750	20.395395751214274	0.0	437162	2239.742183854185	1.437873	0.3
5405.7747441841075	1200	19.395419240059564	0.0	584846	4999.9765111547085	1.3626544	0.75
5407.267548611779	300	21.90261481238792	0.0	139105	1492.8044276716428	1.361458	-0.6000000000000001
5408.940032104227	300	24.23013131993961	0.0	141840	1672.4834924483112	1.2564815	0.3
5418.838950388474	1200	18.331213035692947	0.0	594078	9898.91828424666	1.2744639	0.29999999999999993
5427.960345119966	750	13.209818304199912	0.0	386351	9121.394731493037	1.2596668	0.3
5431.220812906021	300	13.94935051814471	0.0	179801	3260.4677860552006	1.0394541	-0.15000000000000002
5439.282931394588	1200	9.88723202957852	0.0	526950	8062.118488566191	1.0744228	0.29999999999999993
5443.8520837798515	750	9.318079644313508	0.0	366214	4569.152385265011	1.0721405	0.3
5454.083615800639	1200	4.0	0.913452376473575	617242	10231.532020787083	1.0092313	-3.1778452188363726
5456.983533794493	300	5.1000820061452075	0.0	150616	2899.9179938547923	0.20345137	-0.6000000000000001
5466.180456534954	750	4.0	4.0968407343152675	405596	9196.922740460475	0.23129228	-17.31641515755565
5469.230636894571	300	4.949819640383288	0.0	140881	3050.180359616712	0.017752944	-0.15000000000000002
5473.330578862528	300	4.849877672426273	0.0	157671	4099.941967957015	0.055302165	0.3
5477.091753465661	300	5.088703069292469	0.0	157812	3761.174603133804	0.031255785	0.3
5480.135081087134	300	6.045375447819537	0.0	163927	3043.3276214729317	0.029251248	0.3
5481.418796115878	300	8.761660419075412	0.0	137654	1283.7150287441243	0.099187516	0.3
5484.503566264524	750	9.67689027042888	0.0	359903	3084.770148646532	0.59482604	0.3
5488.456087440526	1200	9.724369094426473	0.0	590335	3952.5211760024063	1.0114644	0.75
5492.845149679116	1200	9.335306855836931	0.0	696376	4389.062238589543	1.1508325	1.2
5495.882011088634	1200	10.29844544631943	0.0	487160	3036.8614095174994	1.1672709	1.2
5498.206050527516	750	11.97440600743713	0.0	400396	2324.0394388822997	1.2287228	0.3
5502.870440614495	1200	11.310015920457648	0.0	641447	4664.390086979482	1.2184621	0.75
5504.810974404454	300	13.36948213049901	0.0	157421	1940.5337899586375	1.2339267	-0.6000000000000001
5506.295722584847	300	15.884733950106648	0.0	157488	1484.7481803923624	1.0827659	0.3
5507.2351126214035	300	18.945343913549955	0.0	143881	939.3900365566955	1.1923295	0.3
5508.570652391725	300	21.609804143228015	0.0	163444	1335.5397703219392	1.2939441	0.3
5511.841950943986	750	22.338505590967337	0.0	401088	3271.2985522606796	1.3110223	0.3
5513.286687807114	300	24.89376872783967	0.0	159914	1444.7368631276645	1.4072698	-0.15000000000000002
5519.0709867032	1200	23.109469831753522	0.0	487812	5784.298896086149	1.3643842	0.29999999999999993
5522.091817062073	750	24.088639472881457	0.0	361565	3020.8303588720655	1.4631735	0.3
5525.030694004157	750	25.149762530796522	0.0	378327	2938.876942084934	1.4594259	0.75
5532.782976729725	1850	21.397479805228784	0.0	930577	7752.282725567737	1.4910208	0.75
5565.0790330831305	4300	4.0	10.898576548176443	2108491	32296.056353405227	1.5548875	-45.01387915715871
5566.20212790168	300	6.87690518145039	0.0	161857	1123.0948185496102	0.2761727	-3.7
5567.233281641541	300	9.845751441588785	0.0	145210	1031.1537398616038	0.8392894	0.3
5568.519472414272	300	12.559560668857904	0.0	172312	1286.1907727308833	1.1025434	0.3
5569.737964615928	300	15.341068467202133	0.0	167025	1218.4922016557698	1.2128441	0.3
5573.061634118433	1200	16.01739896469746	0.0	638661	3323.669502504674	1.3126671	0.29999999999999993
5575.2547668952975	1200	17.82426618783234	0.0	538612	2193.1327768651213	1.5603601	1.2
5587.992219053436	2850	9.086814029694404	0.0	1364537	12737.452158137934	1.6513442	1.2000000000000002

