13448.938046254752	750	4.0	4.034106319630938	450283	4034.106319630938	1.1485405	-16.596657174413032
13451.628913426923	750	5.309132827828838	0.0	398865	2690.8671721711617	0.6488708	0.75
13452.328531312296	300	8.609514942455386	0.0	139857	699.6178853734539	1.0208637	-0.15000000000000002
13453.130597076388	300	11.807449178364092	0.0	155432	802.0657640912947	1.1238647	0.3
13456.405707214451	750	12.53233904029928	0.0	411561	3275.1101380648115	1.1963547	0.3
13458.649409336778	750	14.288636917974342	0.0	318564	2243.7021223249385	1.2199819	0.75
13463.312365513713	1850	13.625680741037737	0.0	905515	4662.956176936604	1.2646186	0.75
13465.610068716775	750	15.327977537978246	0.0	437162	2297.7032030594905	1.4387751	-0.3500000000000001
13471.022690361639	1850	13.91535589311507	0.0	852833	5412.621644863178	1.3054993	0.75
13472.914223315043	750	16.02382293970896	0.0	362795	1891.5329534061095	1.4067625	-0.3500000000000001
13473.505813057305	300	19.43223319744681	0.0	141840	591.58974226215	1.3282752	-0.15000000000000002
13474.970868384711	750	21.96717787004105	0.0	405134	1465.0553274057638	1.3266724	0.3
13475.577564700925	300	25.360481553826034	0.0	160746	606.6963162150137	1.4364771	-0.15000000000000002
13481.060322350822	2850	23.877723903929155	0.0	1578343	5482.757649896878	1.3918408	0.30000000000000027
13489.023461575878	4300	19.914584678872384	0.0	2005399	7963.139225056774	1.6075292	2.8499999999999996
13500.554043284706	4300	12.38400297004408	0.0	2152483	11530.581708828304	1.3847693	4.3
13502.050288774597	750	14.887757480154042	0.0	360831	1496.2454898900373	1.5162424	-2.8
13504.267704495278	1200	16.670341759473224	0.0	581493	2217.415720680817	1.3754027	0.75
13506.613399065234	1200	18.324647189515964	0.0	639204	2345.6945699572625	1.4712584	1.2
13512.069379112205	1850	16.868667142545267	0.0	923755	5455.980046970695	1.4899448	1.2000000000000002
13514.705627249896	1200	18.232419004853025	0.0	601738	2636.2481376922397	1.4700238	0.5499999999999999
13516.287073958612	750	20.650972296135727	0.0	399894	1581.446708717299	1.4694034	0.3
13520.104301894644	1850	20.83374436010456	0.0	968026	3817.2279360311645	1.442447	0.75
13525.075168600579	2850	19.862877654171324	0.0	1323990	4970.866705933236	1.5895244	1.85
13525.77711749983	300	23.160928754918455	0.0	146754	701.9488992528672	1.6218255	-2.25
13526.590961435943	300	26.347084818806753	0.0	153938	813.8439361117006	1.3774328	0.3
13527.568917341148	750	29.369128913600026	0.0	425781	977.9559052067252	1.3911345	0.3
13528.694599893006	1200	32.243446361743715	0.0	487160	1125.6825518563132	1.5967225	0.75
13531.156906158272	1850	33.781140096476356	0.0	972798	2462.3062652673543	1.6965954	1.2000000000000002
13538.08016393119	4300	30.85788232355763	0.0	2164140	6923.257772918734	1.565339	1.8499999999999996
13540.500345017876	1850	32.437701236872215	0.0	873429	2420.181086685415	0.49675658	-0.6000000000000001
13543.00600055626	1850	33.932045698490185	0.0	954453	2505.6555383820255	1.5555977	1.85
13547.564063240015	4300	33.373983014732076	0.0	2191074	4558.062683758103	1.4672767	1.8499999999999996
13552.10021428897	4300	32.8378319657777	0.0	2286761	4536.15104895437	0.35746467	4.3
13555.73125660255	2850	33.20678965219898	0.0	1492672	3631.0423135787323	0.35124797	1.4000000000000001
13564.23376345306	4300	28.70428280169043	0.0	2143948	8502.506850508547	0.511992	2.8499999999999996
13571.750044449385	4300	25.18800180536404	0.0	1919781	7516.280996326388	0.41329113	4.3
13576.174350083384	4300	24.763696171366508	0.0	2147467	4424.30563399753	0.43326968	4.3
13581.246411663393	4300	23.691634591356124	0.0	2133870	5072.061580010382	0.36335927	4.3
13586.654149711445	4300	22.28389654330279	0.0	2146120	5407.738048053334	0.37087533	4.3
13592.49758373703	4300	20.440462517718647	0.0	2108491	5843.434025584146	0.37839705	4.3
13601.278233272638	4300	15.659812982108464	0.0	2184571	8780.649535610182	0.39327627	4.3
13609.38444802687	4300	11.553598227874515	0.0	2121928	8106.21475423395	0.74996734	4.3
13617.414218127491	4300	7.5238281272555625	0.0	2219102	8029.770100618952	0.98459846	4.3
13628.691181620277	4300	4.0	3.7531353655314716	2124950	11276.963492787034	1.3716598	-11.838482071785325
13636.635921119096	1850	4.0	3.9447394988180786	982064	7944.739498818079	1.4935802	-17.56237984491774
13639.96446529076	750	4.671455828336842	0.0	331053	3328.5441716631585	1.0320039	-0.3500000000000001
13643.847649422865	750	4.788271696230647	0.0	314107	3883.1841321061943	0.60554904	0.75

