7240.892079889774	750	4.0	2.009934342455404	450283	2009.9343424554038	0.87426	-7.892717672558236
7243.620323642424	750	5.271756247349612	0.0	398865	2728.243752650388	0.76554453	0.75
7244.9669704924645	300	7.925109397309487	0.0	139857	1346.6468500401252	0.8543236	-0.15000000000000002
7249.742932453143	750	7.149147436630715	0.0	382355	4775.961960678772	0.89727443	0.3
7250.978725151949	300	9.913354737824417	0.0	163442	1235.7926988062984	0.8591133	-0.15000000000000002
7252.089970609747	300	12.802109280027505	0.0	126289	1111.245457796911	1.0084805	0.3
7253.170242558882	300	15.721837330892722	0.0	153295	1080.2719491347825	1.134409	0.3
7256.544122978967	1200	16.347956910807977	0.0	709534	3373.880420084744	1.2451155	0.29999999999999993
7262.029286154709	2850	14.862793735066239	0.0	1348011	5485.163175741738	1.4432153	1.2000000000000002
7262.683775082919	300	18.20830480685638	0.0	139105	654.4889282098618	1.5657737	-2.25
7264.396647106468	750	20.495432783307912	0.0	353220	1712.8720235484677	1.3917987	0.3
7265.12902525272	300	23.763054637055966	0.0	156148	732.3781462519466	1.4709883	-0.15000000000000002
7266.784695750464	750	26.10738413931115	0.0	386351	1655.6704977448135	1.4358795	0.3
7268.611778180645	750	28.280301709131358	0.0	434409	1827.082430179791	1.5048479	0.75
7269.27288751968	300	31.61919237009653	0.0	140051	661.1093390348285	1.5303962	-0.15000000000000002
7275.362677165655	2850	29.529402724121443	0.0	1471065	6089.789645975088	1.5118134	0.30000000000000027
7281.440373032868	2850	27.451706856909198	0.0	1491626	6077.695867212246	1.6289883	2.85
7283.016121102817	750	29.875958786959654	0.0	372963	1575.7480699495425	1.6229814	-1.35
7284.646354074146	750	32.245725815631644	0.0	405596	1630.2329713280108	1.5550946	0.75
7285.303930387368	300	35.58814950240929	0.0	140881	657.5763132223564	1.5685391	-0.15000000000000002
7286.033529059341	300	38.858550830436265	0.0	157671	729.5986719730178	1.5507632	0.3
7288.628825738682	1200	40.263254151095275	0.0	616206	2595.2966793409955	1.5658343	0.29999999999999993
7291.140232656863	1200	41.75184723291433	0.0	656471	2511.40691818095	1.6011091	1.2
7291.801987570715	300	45.09009231906295	0.0	137654	661.7549138513807	1.6369098	-0.6000000000000001
7293.35417437054	750	47.53790551923805	0.0	359903	1552.1867998248897	1.6212115	0.3
7302.07093439935	4300	42.821145490427355	0.0	2105231	8716.760028810702	1.6354885	0.75
7311.207863731885	2850	37.68421615789365	0.0	1547572	9136.929332533702	1.4665769	1.4000000000000001
7318.741308002996	1850	34.15077188678202	0.0	758197	7533.444271111635	1.623865	0.8500000000000001
7326.148651865883	2850	30.743428023895543	0.0	1498470	7407.343862886471	1.5843596	1.85
7329.966255350122	1200	30.925824539656205	0.0	641447	3817.6034842393387	1.6224692	-0.44999999999999996
7331.702378886421	750	33.18970100335738	0.0	358218	1736.1235362988275	1.5961252	0.3
7335.012196495416	1200	33.879883394362714	0.0	620283	3309.8176089946564	1.5799867	0.75
7338.373599014037	1200	34.518480875741545	0.0	584349	3361.402518621169	1.5961531	1.2
7348.041744830718	2850	28.850335059060082	0.0	1587293	9668.145816681465	1.607401	1.2000000000000002
7351.987562531958	1200	28.904517357819884	0.0	690253	3945.8177012401984	1.6035608	-0.44999999999999996
7354.651386922787	1200	30.240692966990398	0.0	598727	2663.8243908294867	1.6048973	1.2
7356.117070398371	750	32.77500949140727	0.0	321064	1465.6834755831308	1.6418244	0.3
7359.969318250517	1850	32.92276163926095	0.0	938587	3852.247852146315	1.6195968	0.75
7367.216590477357	2850	29.67548941242083	0.0	1427478	7247.272226840121	1.641815	1.85
7370.479357151482	750	30.412722738296015	0.0	390680	3262.7666741248154	1.6197366	-1.35
7371.31324111427	300	33.57883877550793	0.0	147968	833.8839627880824	1.5936615	-0.15000000000000002
7373.337689888011	750	35.55439000176725	0.0	384505	2024.448773740682	1.6189352	0.3
7376.713382647426	1200	36.17869724235119	0.0	599477	3375.692759416059	1.652394	0.75
7386.575244608854	2850	30.316835280923932	0.0	1587250	9861.861961427257	1.6473006	1.2000000000000002
7393.914642869434	1200	26.97743702034337	0.0	630203	7339.398260580565	1.6103472	-0.44999999999999996
7401.141020275979	1850	23.75105961379859	0.0	982064	7226.377406544781	1.5673426	1.2000000000000002
7403.085440355566	750	25.806639534211193	0.0	331053	1944.420079587394	1.6099899	-0.3500000000000001
7406.522039797723	1200	26.370040092055323	0.0	550906	3436.599442155873	1.6101584	0.75

