4147.929139543924	750	4.0	2.5585548523374078	450283	2558.5548523374077	1.4049451	-10.251785865050852
4150.664205808741	750	5.264933735184073	0.0	398865	2735.066264815927	0.6945117	0.75
4152.985518760683	750	6.943620783241986	0.0	350812	2321.3129519420877	0.8363379	0.75
4156.981656210914	1200	6.947483333011267	0.0	617681	3996.137450230719	0.9168159	0.75
4157.777465042863	300	10.151674501061713	0.0	163442	795.808831949554	0.98021907	-0.6000000000000001
4160.763703293681	1200	11.16543625024383	0.0	520315	2986.238250817881	1.1165104	0.29999999999999993
4161.670836699965	300	14.25830284395986	0.0	153295	907.1334062839713	1.2947927	-0.6000000000000001
4164.547858085274	750	15.381281458651204	0.0	437162	2877.021385308658	1.2557894	0.3
4168.036901688603	1200	15.892237855321389	0.0	584846	3489.0436033298142	1.3518496	0.75
4170.050964743382	750	17.87817480054307	0.0	362795	2014.0630547783173	1.4190514	0.3
4175.623720654176	1850	16.305418889748193	0.0	939819	5572.7559107948755	1.4148334	0.75
4178.779186077616	750	17.149953466309242	0.0	405134	3155.465423438952	1.503552	-0.3500000000000001
4182.4726966700155	750	17.456442873908994	0.0	386351	3693.5105924002505	1.3736837	0.75
4186.434626601176	750	17.49451294274879	0.0	434409	3961.9299311602	1.3583832	0.75
4188.8275468402635	750	19.10159270366152	0.0	337059	2392.9202390872697	1.3589368	0.75
4194.954793538388	1200	16.974346005536347	0.0	587876	6127.246698125174	1.4105098	0.75
4205.1327704530395	1200	10.796369090884467	0.0	617242	10177.97691465188	1.3818046	1.2
4208.89662906783	750	11.032510476094508	0.0	372963	3763.858614789959	1.0870941	0.3
4212.373159955251	750	11.555979588673004	0.0	405596	3476.5308874215048	1.0787058	0.75
4219.091765715623	1200	8.837373828300503	0.0	586839	6718.6057603725	1.1270628	0.75
4220.426258080956	300	11.50288146296686	0.0	157671	1334.4923653336443	1.0113019	-0.6000000000000001
4221.6969116113	300	14.232227932623806	0.0	157812	1270.6535303430542	1.035114	0.3
4223.128992147054	300	16.80014739686914	0.0	163927	1432.0805357546676	1.145586	0.3
4226.560753546817	750	17.368385997106575	0.0	343800	3431.761399762565	1.2417303	0.3
4228.173486350686	300	19.755653193237364	0.0	146754	1612.7328038692094	1.3510013	-0.15000000000000002
4234.060542109337	1200	17.86859743458691	0.0	590335	5887.055758650453	1.316336	0.29999999999999993
4238.695491697052	750	17.23364784687203	0.0	425781	4634.949587714878	1.3777487	0.3
4240.151629588452	300	19.77750995547184	0.0	111155	1456.13789140019	1.352342	-0.15000000000000002
4244.6483958643785	750	19.28074367954522	0.0	400396	4496.7662759266195	1.3368521	0.3
4247.788746546858	750	20.140392997066023	0.0	400508	3140.3506824791953	1.340988	0.75
4253.910653827835	1200	18.01848571608888	0.0	570392	6121.907280977146	1.4082144	0.75
4255.962263127027	300	19.966876416896962	0.0	157488	2051.609299191918	1.3982643	-0.6000000000000001
4261.371232012217	1200	18.557907531707357	0.0	584349	5408.9688851896035	1.3061924	0.29999999999999993
4263.394607673713	300	20.53453187021148	0.0	163444	2023.3756614958768	1.4268509	-0.6000000000000001
4271.828617330887	1200	16.100522213037028	0.0	690253	8434.009657174454	1.3345653	0.29999999999999993
4278.797241294137	1850	13.131898249786792	0.0	943942	6968.623963250236	1.3174073	1.2000000000000002
4281.200965633707	750	14.728173910217306	0.0	321064	2403.724339569486	1.4015876	-0.3500000000000001
4285.541707943037	1200	14.387431600887458	0.0	575591	4340.742309329848	1.3512881	0.75
4291.903857173517	1850	12.025282370407659	0.0	908665	6362.1492304798	1.3875033	1.2000000000000002
4297.428965696893	1200	10.500173847032283	0.0	587506	5525.108523375375	1.3978366	0.5499999999999999
4301.939201518104	1200	9.989938025821575	0.0	566904	4510.235821210707	1.2240397	1.2
4305.257173626097	750	10.671965917827936	0.0	384505	3317.972107993639	1.1791389	0.3
4308.428087438734	750	11.501052105190588	0.0	372093	3170.9138126373464	1.1656947	0.75
4309.816477839994	300	14.112661703930236	0.0	172312	1388.3904012603527	1.209383	-0.15000000000000002
4311.498517758609	300	16.430621785315854	0.0	167025	1682.0399186143827	1.2646168	0.3
4313.285660871599	300	18.643478672325603	0.0	160064	1787.143112990248	1.3273034	0.3
4323.37744280042	1850	12.551696743503834	0.0	830730	10091.781928821769	1.4045476	0.30000000000000004
4328.322242535107	1200	11.60689700881721	0.0	550906	4944.799734686625	1.3604246	0.5499999999999999

