16244.456572428247	750	4.0	5.460500454044817	450283	5460.500454044817	1.1996897	-22.730151952392713
16247.5726154994	750	4.883956928846321	0.0	398865	3116.0430711536796	0.45371947	0.75
16249.961070310826	750	6.495502117420821	0.0	350812	2388.4548114255003	0.8145115	0.75
16254.748795578293	1200	5.707776849955523	0.0	617681	4787.725267465297	1.0469327	0.75
16257.522009411141	750	6.934563017107956	0.0	411561	2773.2138328475676	1.0424606	0.3
16258.595355963245	300	9.86121646500472	0.0	126289	1073.3465521032347	1.0283887	-0.15000000000000002
16261.586474457812	750	10.870097970439016	0.0	352642	2991.1184945657037	1.0181161	0.3
16264.91066212246	750	11.54591030579134	0.0	437162	3324.187664647676	1.1259835	0.75
16270.420221739758	1200	10.036350688494057	0.0	584846	5509.559617297284	1.1518452	0.75
16278.193573093164	1200	6.262999335089203	0.0	560821	7773.3513534048525	1.1559923	1.2
16280.431211139647	300	8.025361288605655	0.0	141840	2237.6380464835497	0.75087434	-0.6000000000000001
16283.164912947754	300	9.29165948049863	0.0	156148	2733.7018081070246	0.7415196	0.3
16284.749485484666	300	11.707086943584367	0.0	160746	1584.572536914265	0.87726986	0.3
16288.450401012991	750	12.006171415261221	0.0	434409	3700.915528323147	1.0431614	0.3
16290.193519921018	300	14.263052507233887	0.0	140051	1743.118908027332	1.1578145	-0.15000000000000002
16292.307092120922	300	16.149480307331313	0.0	138313	2113.5721999025764	1.1088107	0.3
16294.144751154294	300	18.3118212739574	0.0	143509	1837.6590333739148	1.1365333	0.3
16301.750330109373	1200	14.70624231887909	0.0	581493	7605.578955078308	1.1863331	0.29999999999999993
16307.12567222042	1200	13.330900207832642	0.0	639204	5375.342111046448	1.2324969	1.2
16316.410196353077	1200	8.046376075174367	0.0	586839	9284.524132658275	1.2721801	1.2
16322.343294693095	1200	6.113277735156655	0.0	601738	5933.098340017712	0.9013258	1.2
16326.635212665382	750	5.8213597628694105	0.0	399894	4291.917972287244	0.8102444	0.3
16328.486858879476	300	7.969713548775333	0.0	163927	1851.646214094078	0.553074	-0.15000000000000002
16329.64597780796	300	10.81059462029146	0.0	137654	1159.1189284838742	0.7548701	0.3
16333.538783867005	1200	10.917788561248004	0.0	587236	3892.806059043454	1.0251906	0.29999999999999993
16334.550239841425	300	13.90633258683003	0.0	153938	1011.4559744179729	1.2455384	-0.6000000000000001
16337.177105046494	750	15.27946738175996	0.0	425781	2626.86520507007	1.172933	0.3
16340.259125452707	1200	16.197446975547887	0.0	487160	3082.0204062120742	1.2850022	0.75
16341.354629290177	300	19.10194313807785	0.0	153605	1095.5038374700366	1.3818787	-0.6000000000000001
16345.476396328097	1200	18.98017610015782	0.0	641447	4121.76703792003	1.2631361	0.29999999999999993
16349.243839450517	1200	19.212732977737623	0.0	570392	3767.4431224201976	1.4254707	1.2
16353.537791873643	1200	18.918780554611295	0.0	620283	4293.952423126328	1.4328916	1.2
16356.988016188767	1200	19.46855623948718	0.0	584349	3450.224315124115	1.4223311	1.2
16359.189963336588	750	21.26660909166564	0.0	412837	2201.9471478215405	1.4672793	0.3
16360.643065672102	300	23.813506756152158	0.0	179328	1453.1023355134814	1.4468626	-0.15000000000000002
16365.508279688127	1200	22.948292740125634	0.0	598727	4865.214016026522	1.3597838	0.29999999999999993
16368.298144492644	1200	24.158427935608323	0.0	487812	2789.8648045173095	1.495167	1.2
16371.531741818955	1200	24.924830609298446	0.0	575591	3233.59732630988	1.5776536	1.2
16376.945329580289	1850	23.51124284796458	0.0	908665	5413.587761333864	1.5963342	1.2000000000000002
16377.861121828208	300	26.59545060004601	0.0	149991	915.7922479185736	1.6514424	-1.25
16378.792593283137	300	29.66397914511722	0.0	147968	931.4714549287892	1.4792097	0.3
16381.231249092614	750	31.225323335639622	0.0	384505	2438.655809477596	1.5156868	0.3
16388.528667374845	1850	27.927905053408068	0.0	886255	7297.418282231555	1.6388345	0.75
16398.14918726231	1850	22.30738516594423	0.0	973972	9620.519887463839	1.6646405	1.85
16403.955846353765	1200	20.50072607448775	0.0	630203	5806.659091456476	1.5541544	0.5499999999999999
16405.566759157056	300	22.8898132711949	0.0	160064	1610.9128032928525	1.5349214	-0.6000000000000001
16406.836686867227	300	25.61988556102746	0.0	137507	1269.9277101674404	1.4568018	0.3
16407.8068136017	300	28.64975882655307	0.0	118421	970.1267344743858	1.5071285	0.3

