20275.3054238325	750	4.0	1.9680897620528024	450283	1968.0897620528024	1.548176	-7.71278597682705
20276.112835351316	300	7.192588481185374	0.0	155580	807.4115188146266	0.769248	-0.15000000000000002
20277.02111079002	300	10.284313042479486	0.0	139857	908.2754387058885	0.92906004	0.3
20279.030095776663	750	12.275328055837898	0.0	382355	2008.984986641587	1.0595515	0.3
20279.68126261427	300	15.624161218226396	0.0	163442	651.1668376115014	1.2301984	-0.15000000000000002
20281.57159774223	1200	17.733826090270398	0.0	520315	1890.3351279559952	1.3398328	0.29999999999999993
20282.80974427708	750	20.495679555418175	0.0	352642	1238.1465348522245	1.4953178	0.3
20285.1814464043	1200	22.123977428205002	0.0	709534	2371.7021272131715	1.4651706	0.75
20288.04130315335	1850	23.264120679151294	0.0	852833	2859.85674905371	1.5492296	1.2000000000000002
20289.730751271047	750	25.574672561456293	0.0	362795	1689.4481176949982	1.5955461	-0.3500000000000001
20294.698410585486	750	24.607013247016877	0.0	353220	4967.659314439417	1.5113603	0.75
20302.25136957109	1200	21.054054261413334	0.0	594078	7552.958985603541	1.4344165	0.75
20304.289409607743	750	23.016014224759964	0.0	386351	2038.0400366533688	1.4101449	0.3
20306.08004959145	750	25.225374241052968	0.0	434409	1790.639983706998	1.4570718	0.75
20309.433220954215	1850	25.872202878282735	0.0	821631	3353.171362770229	1.517309	0.75
20312.81661880205	1850	26.4888050304491	0.0	923170	3383.3978478336344	1.5974683	1.85
20315.042931283235	1200	28.262492549267378	0.0	617242	2226.3124811817224	1.5953274	0.5499999999999999
20318.562737755376	1850	28.742686077126777	0.0	885714	3519.8064721405995	1.5771279	1.2000000000000002
20321.66992150917	1200	29.635502323335466	0.0	639204	3107.1837537913107	1.6051288	0.5499999999999999
20330.99279760007	2850	24.312626232437196	0.0	1336050	9322.87609089827	1.593637	1.2000000000000002
20336.087760449267	1850	23.217663383239124	0.0	891604	5094.962849198074	1.5884316	0.8500000000000001
20338.732192936117	750	24.573230896388047	0.0	399894	2644.4324868510766	1.5687819	-0.3500000000000001
20339.647342099874	300	27.658081732631235	0.0	163927	915.1491637568114	1.5042243	-0.15000000000000002
20342.03744687931	1200	29.26797695319789	0.0	536667	2390.1047794333426	1.4885246	0.29999999999999993
20345.913970799873	1850	29.39145303263297	0.0	897976	3876.523920564924	1.5783176	1.2000000000000002
20347.049721560626	300	32.25570227188111	0.0	153938	1135.7507607518608	1.5996525	-1.25
20349.66145893198	750	33.64396490053114	0.0	425781	2611.7373713499733	1.5079758	0.3
20350.134679930296	300	37.170743902212735	0.0	111155	473.2209983183993	1.5885134	-0.15000000000000002
20350.722088673097	300	40.58333515941274	0.0	153605	587.4087427999968	1.5807408	0.3
20356.542121888746	1850	38.7633019437622	0.0	975811	5820.033215650536	1.6058552	0.30000000000000004
20360.92546821753	1850	38.37995561497936	0.0	873429	4383.34632878284	1.6183537	1.85
20365.514252133933	1850	37.79117169857859	0.0	954453	4588.7839164007655	1.6275619	1.85
20369.208294656317	1850	38.09712917619425	0.0	885062	3694.042522384339	1.6273243	1.85
20377.67749216497	1850	33.6279316675426	0.0	1035329	8469.197508651658	1.6354082	1.85
20378.98302556333	300	36.32239826917849	0.0	179328	1305.533398364107	1.606914	-1.25
20383.968569316054	1850	35.33685451645908	0.0	943942	4985.5437527194135	1.5800412	0.30000000000000004
20387.462779522994	1850	35.84264430951905	0.0	728962	3494.2102069400194	1.6281357	1.85
20394.08399795179	1850	33.221425880719536	0.0	938587	6621.21842879952	1.6433736	1.85
20398.822979227898	1850	32.48244460461294	0.0	908665	4738.9812761066	1.6225182	1.85
20402.723655182246	1850	32.5817686502651	0.0	930577	3900.675954347839	1.6301731	1.85
20406.972698172183	1850	32.33272566032789	0.0	858450	4249.042989937212	1.6393144	1.85
20410.543560310063	1200	32.7618635224463	0.0	641452	3570.8621378815897	1.6426706	0.5499999999999999
20417.457063455582	2850	29.84836037692828	0.0	1343002	6913.503145518018	1.641449	1.2000000000000002
20418.203685076165	300	33.101738756345235	0.0	172312	746.6216205830488	1.6140978	-2.25
20423.581665682563	2850	31.723758149949113	0.0	1464921	5377.980606396124	1.6330138	0.30000000000000027
20431.067390954297	2850	28.238032878213904	0.0	1483527	7485.72527173521	1.5201036	2.85
20435.990518777155	2850	27.314905055356423	0.0	1231456	4923.127822857479	1.5990777	2.85
20439.734639532	1850	27.570784300510866	0.0	846370	3744.120754845558	1.5608801	0.8500000000000001

