19094.74031298185	750	4.0	1.9602828539084163	450283	1960.2828539084162	0.26384917	-7.67921627180619
19095.69816824713	300	7.042144734719407	0.0	155580	957.8552652805936	0.7699453	-0.15000000000000002
19096.500809098754	300	10.239503883094654	0.0	139857	802.6408516247513	0.9045165	0.3
19097.30354623544	300	13.436766746410765	0.0	155432	802.7371366838886	1.0594571	0.3
19099.08014134618	750	15.660171635665273	0.0	411561	1776.5951107454914	1.2210603	0.3
19100.253750555155	750	18.48656242669338	0.0	318564	1173.609208971897	1.3875797	0.75
19109.318892143754	4300	13.421420838094557	0.0	2157535	9065.14158859882	1.4491416	0.75
19110.840505561067	750	15.8998074207781	0.0	437162	1521.6134173164573	1.5648297	-2.8
19113.71960470899	1200	17.02070827285869	0.0	584846	2879.099147919409	1.4336069	0.75
19114.545752436992	300	20.194560544856657	0.0	139105	826.1477280020334	1.479103	-0.6000000000000001
19117.29968467078	750	21.44062831106684	0.0	353220	2753.932233789818	1.377646	0.3
19120.76908490645	750	21.971228075397853	0.0	405134	3469.4002356689857	1.4211806	0.75
19125.98039220439	1200	20.759920777458078	0.0	624282	5211.307297939773	1.406509	0.75
19129.46772823155	750	21.272584750298243	0.0	434409	3487.3360271598353	1.4353544	0.3
19136.483990525292	1850	18.256322456557076	0.0	821631	7016.262293741168	1.4543229	0.75
19140.15576774615	750	18.58454523569526	0.0	366214	3671.777220861813	1.4879881	-0.3500000000000001
19144.56698456437	1200	18.173328417475716	0.0	617242	4411.216818219541	1.3701375	0.75
19149.181533390078	1850	17.558779591769355	0.0	885714	4614.5488257063635	1.4436276	1.2000000000000002
19149.959515046274	300	20.78079793557407	0.0	165384	777.9816561952827	1.519206	-1.25
19151.48806288275	750	23.252250099099406	0.0	350713	1528.5478364746664	1.434662	0.3
19155.697985666226	1850	23.04232731561934	0.0	891604	4209.922783480067	1.5120333	0.75
19156.53329662243	300	26.207016359416336	0.0	157812	835.3109562030031	1.5804794	-1.25
19164.576405202424	2850	22.16390777941928	0.0	1505760	8043.108579997055	1.488122	0.30000000000000027
19166.196596577636	750	24.5437164042077	0.0	343800	1620.1913752115786	1.5952467	-1.35
19169.67562481787	1200	25.064688163975237	0.0	587236	3479.0282402324624	1.5261096	0.75
19173.496688230898	1850	25.243624750946736	0.0	905935	3821.0634130285016	1.564888	1.2000000000000002
19176.767526356853	1200	25.97278662499114	0.0	696376	3270.838125955593	1.5889381	0.5499999999999999
19178.08377659604	750	28.656536385805776	0.0	277716	1316.2502391853673	1.5806406	0.3
19178.735120333426	300	32.00519264841918	0.0	153605	651.3437373865935	1.5578599	-0.15000000000000002
19180.501135234703	750	34.23917774714241	0.0	400508	1766.014901276773	1.5357347	0.3
19181.516231914942	300	37.22408106690475	0.0	157421	1015.0966802376655	1.6116058	-0.15000000000000002
19184.2650234754	750	38.47528950644478	0.0	400322	2748.791560459966	1.5692703	0.3
19189.494555988484	1850	37.245756993364616	0.0	885062	5229.5325130801675	1.6020079	0.75
19196.165220677933	2850	34.57509230391549	0.0	1587293	6670.664689449123	1.6250422	1.85
19201.485357402573	2850	33.25495557927319	0.0	1492672	5320.136724642304	1.626627	2.85
19201.97758164672	300	36.76273133513021	0.0	159914	492.22424414297336	1.6161389	-2.25
19202.42597591007	300	40.31433707177849	0.0	131610	448.3942633517272	1.6479127	0.3
19205.610067986192	1850	41.13024499565884	0.0	938587	3184.092076119644	1.651963	0.30000000000000004
19209.484147808078	1850	41.256165173771805	0.0	908665	3874.079821887036	1.6415194	1.85
19212.982732598695	1850	41.75758038315562	0.0	930577	3498.584790616188	1.6423959	1.85
19215.3227459752	2850	43.417567006652	0.0	1339500	2340.0133765036185	1.636295	1.85
19219.46676799022	2850	43.27354499163319	0.0	1527299	4144.02201501882	1.2402447	2.85
19222.990817085796	2850	43.749495896059685	0.0	1343002	3524.0490955734977	1.2214346	2.85
19227.533748922277	2850	43.20656405957835	0.0	1587250	4542.93183648134	1.3110659	2.85
19233.230458265327	4300	41.50985471652913	0.0	2124950	5696.709343049225	1.3464409	2.8499999999999996
19236.71213242809	2850	42.02818055376954	0.0	1483527	3481.674162759586	0.73912036	1.4000000000000001
19239.97849361119	2850	42.76181937066602	0.0	1231456	3266.36118310352	1.0961657	2.85
19244.465635460965	4300	42.27467752089286	0.0	2155012	4487.141849773161	1.1272278	2.8499999999999996

