20444.731841898247	750	4.0	4.997202366246414	450283	4997.202366246414	1.6337447	-20.73797017485958
20446.885203648533	300	5.846638249714482	0.0	155580	2153.3617502855177	0.49043137	-0.15000000000000002
20450.003355762023	300	6.728486136226441	0.0	139857	3118.1521134880413	0.7262174	0.3
20454.3749725184	300	6.35686937985117	0.0	155432	4371.6167563752715	0.7393224	0.3
20458.80319500947	300	5.928646888778943	0.0	163442	4428.222491072226	0.5788567	0.3
20464.76071008814	750	4.0	0.028868189892523332	318564	5957.515078671467	0.59850544	0.17586678346214962
20466.271277421845	300	6.489432666295004	0.0	153295	1510.5673337049957	0.14491229	-0.15000000000000002
20467.961579814728	300	8.799130273412741	0.0	173849	1690.3023928822615	0.63450724	0.3
20469.432395222964	300	11.32831486517418	0.0	150710	1470.8154082385638	0.8708141	0.3
20472.557167689894	750	12.203542398245139	0.0	362795	3124.772466929041	0.9702508	0.3
20475.487645133457	750	13.273064954680057	0.0	353220	2930.4774435650816	1.0985636	0.75
20476.733285773735	300	16.0274243144011	0.0	156148	1245.6406402789573	1.153657	-0.15000000000000002
20481.249184892018	1200	15.51152519611908	0.0	624282	4515.899118282018	1.2378241	0.29999999999999993
20482.49090385956	300	18.269806228574076	0.0	179801	1241.718967545004	1.3704292	-0.6000000000000001
20486.604119787713	1850	18.156590300426856	0.0	821631	4113.2159281472195	1.3466054	0.30000000000000004
20487.40362993066	300	21.35708015747815	0.0	138313	799.5101429487024	1.5353215	-1.25
20488.250509400787	300	24.510200687355056	0.0	143509	846.8794701230937	1.4018999	0.3
20490.048746807075	750	26.7119632810652	0.0	372963	1798.2374062898552	1.4580737	0.3
20492.122101694822	750	28.638608393317373	0.0	405596	2073.3548877478274	1.5113891	0.75
20495.66969438401	1200	29.09101570412871	0.0	586839	3547.592689188659	1.5315702	0.75
20501.99053520315	1850	26.77017488499465	0.0	891604	6320.840819134064	1.570689	1.2000000000000002
20509.056429130465	1850	23.704280957677145	0.0	955231	7065.893927317502	1.5712458	1.85
20519.100841056377	1850	17.659869031763417	0.0	968026	10044.41192591373	1.5617949	1.85
20521.202584735518	300	19.558125352622273	0.0	137654	2101.7436791411437	1.4571096	-1.25
20531.070527458793	1200	13.690182629342539	0.0	587236	9867.942723279733	1.3467246	0.29999999999999993
20534.859273704667	300	13.90143638346901	0.0	153938	3788.7462458735286	1.2276671	-0.6000000000000001
20544.38971780356	750	8.37099228457413	0.0	425781	9530.444098894879	1.0282552	0.3
20546.192969491956	300	10.56774059617946	0.0	111155	1803.2516883946714	0.7162095	-0.15000000000000002
20560.242660916876	1200	4.0	3.4819508287421996	622896	14049.691424921659	0.77089363	-14.67238856359146
20563.121297808502	300	5.121363108372825	0.0	149029	2878.6368916271745	0.024593774	-0.6000000000000001
20565.522095858258	300	6.720565058615636	0.0	157421	2400.7980497571903	0.022485638	0.3
20571.097041700636	750	5.145619216236971	0.0	400322	5574.945842378664	0.2503791	0.3
20572.839968744218	300	7.402692172652342	0.0	143881	1742.9270435846295	0.019794857	-0.15000000000000002
20574.52999239597	300	9.712668520902618	0.0	163444	1690.023651749724	0.49146876	0.3
20576.55248876165	300	11.690172155222866	0.0	179328	2022.4963656797509	0.73786694	0.3
20578.756789779698	300	13.485871137175103	0.0	159914	2204.301018047763	0.9676093	0.3
20589.509849765596	1850	6.732811151276106	0.0	728962	10753.059985898997	1.1009204	0.30000000000000004
20590.476843736382	300	9.765817180489899	0.0	124011	966.9939707862071	0.75834537	-1.25
20591.41102241317	300	12.831638503700631	0.0	144254	934.1786767892683	0.97133464	0.3
20595.483749393767	1200	12.758911523104345	0.0	587506	4072.7269805962856	1.1986215	0.29999999999999993
20599.427965858828	1200	12.814695058041545	0.0	566904	3944.2164650627997	1.3522322	1.2
20600.83568924941	300	15.406971667460489	0.0	161857	1407.7233905810544	1.3626615	-0.6000000000000001
20601.74366016979	300	18.49900074708162	0.0	145210	907.9709203788693	1.288947	0.3
20606.325673764954	750	17.916987151913684	0.0	438281	4582.013595167937	1.408329	0.3
20609.98707943758	750	18.25558147929057	0.0	398987	3661.4056726231147	1.4598311	0.75
20613.3823955786	750	18.86026533827133	0.0	393804	3395.31614101924	1.4437544	0.75
20624.79241946859	1850	11.450241448277445	0.0	830730	11410.023889993883	1.4790034	0.75
20629.67166389145	1200	10.570997025420075	0.0	550906	4879.244422857371	1.3177501	0.5499999999999999

