11219.134379080282	750	4.0	5.4395307625425735	450283	5439.530762542574	1.2560487	-22.639982278933065
11221.528005948208	300	5.606373132073677	0.0	155580	2393.6268679263235	0.46260947	-0.15000000000000002
11223.699631980518	300	7.4347470997634195	0.0	139857	2171.626032310258	0.67923164	0.3
11229.436942918113	750	5.697436162168507	0.0	382355	5737.3109375949125	0.7925555	0.3
11230.643509520867	300	8.490869559412708	0.0	163442	1206.566602755799	0.6066468	-0.15000000000000002
11231.471311113288	300	11.663067966992115	0.0	126289	827.8015924205907	0.89787716	0.3
11235.351030456326	1200	11.783348623953218	0.0	561791	3879.7193430388984	1.0511208	0.29999999999999993
11240.562680378753	1200	10.57169870152784	0.0	709534	5211.649922425379	1.2134349	1.2
11241.531477899185	300	13.60290118109501	0.0	150710	968.7975204328291	1.2104764	-0.6000000000000001
11242.529579658723	300	16.604799421556752	0.0	139105	998.1017595382564	1.2067543	0.3
11246.75818473851	750	16.37619434176907	0.0	353220	4228.605079787682	1.3041173	0.3
11248.401894114011	300	18.732484966265705	0.0	156148	1643.7093755033675	1.3168253	-0.15000000000000002
11253.548252047169	1200	17.5861270331098	0.0	624282	5146.357933155901	1.2994775	0.29999999999999993
11258.782303273283	750	16.35207580699569	0.0	434409	5234.051226114113	1.3734815	0.3
11266.113989015008	1200	13.020390065270753	0.0	526950	7331.685741724937	1.30869	0.75
11269.491640024025	750	13.642739056254056	0.0	366214	3377.651009016695	1.2392113	0.3
11270.922150550865	300	16.212228529414784	0.0	143509	1430.510526839273	1.1882287	-0.15000000000000002
11276.178821015663	1200	14.955558064615369	0.0	581493	5256.670464799417	1.2425464	0.29999999999999993
11277.296932765435	300	17.83744631484393	0.0	165384	1118.1117497714374	1.3073828	-0.6000000000000001
11283.727923722425	1850	15.40645535785368	0.0	923755	6430.990956990252	1.3069282	0.30000000000000004
11286.714685617299	750	16.419693462982096	0.0	386472	2986.7618948715826	1.4484526	-0.3500000000000001
11287.900250342947	300	19.23412873733398	0.0	157812	1185.5647256481152	1.333099	-0.15000000000000002
11289.255344430598	300	21.879034649683103	0.0	163927	1355.0940876508748	1.3775581	0.3
11293.015962580177	1200	22.11841650010248	0.0	536667	3760.618149580624	1.3955221	0.29999999999999993
11294.09439887713	300	25.039980203148783	0.0	146754	1078.436296953698	1.4998524	-0.6000000000000001
11298.084686388089	750	25.049692692191293	0.0	379700	3990.2875109574898	1.4548461	0.3
11303.87611354521	1200	23.258265535071377	0.0	696376	5791.427157119916	1.4473124	0.75
11307.585384722344	1200	23.548994357935676	0.0	487160	3709.271177135697	1.5238906	1.2
11316.771104274485	1850	18.36327480579417	0.0	972798	9185.719552141509	1.5324372	1.2000000000000002
11323.36069418578	750	15.773684894499802	0.0	400508	6589.589911294367	1.454731	-0.3500000000000001
11326.976951918497	750	16.1574271617818	0.0	358218	3616.257732718	1.2624875	0.75
11327.989493764479	300	19.14488531580049	0.0	157488	1012.5418459813127	1.3244743	-0.15000000000000002
11332.034324298911	1200	19.10005478136801	0.0	584349	4044.830534432481	1.3758485	0.29999999999999993
11334.880216142019	750	20.25416293825963	0.0	412837	2845.8918431083794	1.4756836	0.3
11340.243016691253	1200	18.89136238902711	0.0	690253	5362.800549232522	1.4594495	0.75
11344.66390735623	750	18.47047172405151	0.0	365161	4420.890664975598	1.4620922	0.3
11345.707221494851	300	21.427157585429192	0.0	131610	1043.3141386223174	1.4227588	-0.15000000000000002
11346.71550059033	300	24.41887848995154	0.0	124011	1008.2790954776548	1.4591241	0.3
11350.10049987033	750	25.033879209951184	0.0	378327	3384.9992800003515	1.4964153	0.3
11357.535821644773	1200	21.598557435507608	0.0	587506	7435.321774443574	1.5252142	0.75
11364.2326750607	1200	18.901704019579906	0.0	566904	6696.853415927703	1.4887493	1.2
11373.291144437067	1850	13.843234643214046	0.0	1025005	9058.46937636586	1.4298819	1.2000000000000002
11374.353307654243	300	16.781071426038608	0.0	145210	1062.163217175438	1.4169647	-1.25
11381.347929113745	1850	13.786449966537614	0.0	973972	6994.621459500996	1.368957	0.30000000000000004
11386.024422406168	1200	13.10995667411271	0.0	630203	4676.493292424905	1.451752	0.5499999999999999
11387.215286981984	300	15.919092098298995	0.0	160064	1190.8645758137134	1.3614366	-0.6000000000000001
11391.053492776658	1200	16.080886303622965	0.0	538612	3838.2057946760333	1.3797623	0.29999999999999993
11394.553797765664	750	16.580581314616442	0.0	314107	3500.3049890065226	1.4672544	0.3

