10282.770165185688	750	4.0	3.704434403261277	450283	3704.4344032612767	1.632315	-15.17906793402349
10283.94248281295	300	6.827682372737972	0.0	155580	1172.3176272620274	0.5879654	-0.15000000000000002
10284.758946195836	300	10.011218989852685	0.0	139857	816.4633828852868	0.8375068	0.3
10285.66963072718	300	13.100534458509513	0.0	155432	910.6845313431706	1.0024506	0.3
10286.635708526643	300	16.134456659045405	0.0	163442	966.0777994641094	1.1607026	0.3
10288.309490795862	750	18.460674389825748	0.0	318564	1673.7822692196548	1.2991557	0.3
10293.403274495076	1850	17.36689069061191	0.0	905515	5093.783699213836	1.4022517	0.75
10294.462637362034	300	20.30752782365464	0.0	173849	1059.3628669572709	1.4967064	-1.25
10298.267513430766	1200	20.502651754921548	0.0	584846	3804.876068733093	1.401465	0.29999999999999993
10300.618286934276	750	22.15187825141291	0.0	362795	2350.7735035086357	1.4802299	0.3
10301.515885137342	300	25.25428004834693	0.0	141840	897.598203065976	1.449447	-0.15000000000000002
10302.513370108903	300	28.256795076784567	0.0	156148	997.4849715623674	1.4346322	0.3
10303.536380317672	300	31.233784868017295	0.0	160746	1023.0102087672703	1.4534518	0.3
10307.067424421677	1200	31.70274076401064	0.0	687371	3531.0441040066544	1.4739263	0.29999999999999993
10311.788172613238	1850	30.981992572448647	0.0	821631	4720.748191561992	1.5810126	1.2000000000000002
10316.010127490195	1850	30.760037695493022	0.0	923170	4221.954876955623	1.5865302	1.85
10320.404253999912	1850	30.365911185776103	0.0	966699	4394.12650971692	1.5982248	1.85
10324.047410265179	1850	30.72275492050731	0.0	885714	3643.1562652687917	1.6029682	1.85
10325.68381059061	750	33.08635459507663	0.0	405596	1636.400325430685	1.6020589	-0.3500000000000001
10330.879566937845	2850	31.890598247842206	0.0	1336050	5195.756347234423	1.5745556	0.75
10334.692892798554	1850	32.07727238713239	0.0	891604	3813.3258607098187	1.6299095	0.8500000000000001
10339.571783224215	2850	31.198381961470332	0.0	1468126	4878.890425662057	1.6139032	1.85
10349.174361040317	4300	25.595804145369467	0.0	2221506	9602.577816100862	1.6339115	2.8499999999999996
10356.62887888643	2850	22.14128629925725	0.0	1323990	7454.5178461122205	1.6264716	1.4000000000000001
10360.933812094821	1850	21.836353090865543	0.0	897976	4304.9332083917025	1.6085862	0.8500000000000001
10361.815573239537	300	24.95459194614995	0.0	153938	881.7611447155953	1.5824542	-1.25
10367.724656860648	1850	23.04550832503844	0.0	1076599	5909.0836211115075	1.4644716	0.30000000000000004
10369.769928009655	1200	25.000237176030723	0.0	487160	2045.2711490077213	1.5851138	0.5499999999999999
10370.485770437688	300	28.284394747998167	0.0	153605	715.8424280325528	1.5631098	-0.6000000000000001
10375.676745284147	1200	27.093419901537764	0.0	641447	5190.9748464604045	1.5144758	0.29999999999999993
10380.366056306011	1850	26.40410887967301	0.0	873429	4689.3110218647535	1.5701517	1.2000000000000002
10381.288207674974	300	29.481957510709623	0.0	157488	922.1513689633879	1.6090362	-1.25
10383.994077871457	1200	30.77608731422829	0.0	584349	2705.8701964813386	1.5400387	0.29999999999999993
10384.93303388129	300	33.8371313043948	0.0	163444	938.9560098334837	1.5989773	-0.6000000000000001
10392.575153973617	2850	30.195011212067868	0.0	1492672	7642.120092326937	1.576978	0.30000000000000027
10395.841371733506	1200	30.92879345218016	0.0	598727	3266.2177598877115	1.6193221	-0.44999999999999996
10399.732316936741	1850	31.03784824894392	0.0	728962	3890.945203236237	1.6148561	1.2000000000000002
10401.610607627243	750	33.15955755844267	0.0	361565	1878.2906905012535	1.6329039	-0.3500000000000001
10405.900510518903	1850	32.86965466678279	0.0	908665	4289.902891659877	1.6246128	0.75
10410.26753402697	2850	32.50263115871502	0.0	1402287	4367.023508067773	1.6411921	1.85
10411.513156960864	750	35.257008224821554	0.0	345516	1245.6229338934638	1.5756253	-1.35
10412.861292691554	750	37.9088724941313	0.0	384505	1348.1357306902498	1.6441205	0.75
10416.04379477361	1850	38.726370412074246	0.0	886255	3182.502082057055	1.6794761	0.75
10419.67238351105	1850	39.097781674634106	0.0	973972	3628.5887374401445	1.6398124	1.85
10425.106938477564	2850	37.663226708119474	0.0	1464921	5434.554966514633	1.6248174	1.85
10434.122147621072	4300	32.64801756461045	0.0	2246506	9015.209143509022	1.4919703	2.8499999999999996
10444.699970352445	4300	26.070194833238666	0.0	1961140	10577.822731371782	1.0345966	4.3
10455.628772428701	4300	19.141392756981954	0.0	2155012	10928.802076256714	1.3853325	4.3

