20977.706261667183	750	4.0	11.415819972284071	450283	11415.81997228407	1.6492002	-48.338025880821505
20980.529350739558	300	5.176910927625635	0.0	155580	2823.0890723743646	0.22991972	-0.15000000000000002
20982.825753251484	300	6.880508415700065	0.0	139857	2296.4025119255693	0.50563747	0.3
20989.379909063744	750	4.326352603435497	0.0	382355	6554.155812264568	0.735854	0.3
20992.740572273746	300	4.965689393434636	0.0	163442	3360.663210000861	0.15226024	-0.15000000000000002
21000.832026670643	750	4.0	3.1257650034605975	318564	8091.454396895234	0.4501623	-13.140789514880568
21005.874786032444	300	4.0	1.0427593618007267	153295	5042.759361800727	0.054556087	-4.633865255743125
21011.97672805452	300	4.0	2.1019420220788296	173849	6101.94202207883	0.030793905	-8.738350694938966
21017.00016350697	300	4.0	1.0234354524509355	150710	5023.435452450935	0.040629525	-4.100772445539023
21020.741417710506	300	4.258745796465281	0.0	139105	3741.254203534719	0.025006112	0.3
21025.278487798038	300	4.0	0.2783242910672434	141840	4537.070087532524	0.047883973	-0.8967944515891464
21030.616457837517	300	4.0	1.3379700394786442	156148	5337.970039478644	0.01714994	-5.45327116975817
21036.0042030776	300	4.0	1.3877452400806287	160746	5387.745240080629	0.018669985	-5.667304532346703
21040.605277120398	300	4.0	0.6010740427988694	179801	4601.074042798869	0.015905205	-2.284618384035139
21042.80133743572	300	5.803939684674313	0.0	140051	2196.060315325686	0.020513156	0.3
21044.131107399233	300	8.47416972116285	0.0	138313	1329.7699635114634	0.13697992	0.3
21047.237304759008	750	9.367972361387382	0.0	360831	3106.197359775468	0.7362314	0.3
21049.90882837907	750	10.696448741327313	0.0	372963	2671.5236200600707	0.9181798	0.75
21052.646193622564	750	11.95908349783434	0.0	405596	2737.3652434929727	1.0246661	0.75
21054.84781404668	750	13.757463073717245	0.0	350713	2201.620424117096	1.142411	0.75
21057.365647512917	750	15.23962960748343	0.0	386472	2517.833466233815	1.2802215	0.75
21058.476242188233	300	18.129034932166565	0.0	157812	1110.5946753168655	1.3456628	-0.15000000000000002
21065.41851532423	1850	15.186761796174126	0.0	968026	6942.2731359924355	1.3470057	0.30000000000000004
21068.52763204128	1200	16.0776450791198	0.0	536667	3109.116717054327	1.448674	0.5499999999999999
21069.252032063374	300	19.353245057029746	0.0	146754	724.4000220900573	1.4488292	-0.6000000000000001
21070.127768529816	300	22.477508590587764	0.0	153938	875.7364664419798	1.4270964	0.3
21071.94887507196	750	24.656402048439837	0.0	425781	1821.1065421479302	1.4345541	0.3
21082.038599735562	4300	18.566677384840077	0.0	1972048	10089.724663599758	1.5409076	0.75
21086.457946171977	1850	18.147330948423413	0.0	972798	4419.346436416665	1.588862	-0.6000000000000001
21088.073250041663	750	20.53202707873737	0.0	400508	1615.3038696860424	1.5407937	-0.3500000000000001
21088.76106525585	300	23.84421186455044	0.0	157421	687.8152141869301	1.543123	-0.15000000000000002
21089.53129429922	300	27.073982821181225	0.0	157488	770.2290433692173	1.4987153	0.3
21090.2312591766	300	30.3740179438047	0.0	143881	699.9648773765249	1.5217785	0.3
21093.175927618653	1200	31.429349501747616	0.0	670129	2944.6684420570814	1.5287417	0.29999999999999993
21094.806417836666	750	33.79885928373269	0.0	401088	1630.4902180149247	1.5957464	0.3
21101.3814039885	2850	31.223873131897882	0.0	1439896	6574.986151834803	1.6346583	0.75
21111.430261750324	4300	25.175015370074973	0.0	1919781	10048.857761822908	1.635136	2.8499999999999996
21123.07031933882	4300	17.5349577815777	0.0	2147467	11640.057588497275	1.6032487	4.3
21126.982378119883	1850	17.62289900051679	0.0	908665	3912.0587810609095	1.5918746	-0.6000000000000001
21133.065068453427	2850	15.540208666972525	0.0	1402287	6082.690333544263	1.5805495	1.85
21138.77896953241	2850	13.826307587988937	0.0	1339500	5713.9010789835875	1.5800755	2.85
21143.13123364188	1850	13.474043478519475	0.0	1025005	4352.264109469464	1.5529706	0.8500000000000001
21145.932819888516	1200	14.672457231885259	0.0	599477	2801.586246634214	1.5124543	0.5499999999999999
21147.849785742314	750	16.75549137808887	0.0	438281	1916.9658537963887	1.4881974	0.3
21152.819799027253	1850	15.78547809314706	0.0	958994	4970.013284941812	1.5159472	0.75
21155.84498593963	1200	16.76029118076616	0.0	638661	3025.1869123809015	1.5645639	0.5499999999999999
21160.00938924816	1850	16.59588787223916	0.0	830730	4164.403308526999	1.5535313	1.2000000000000002
21161.7693850138	750	18.83589210659853	0.0	314107	1759.9957656406355	1.5769957	-0.3500000000000001

