2158.300283825742	750	4.0	2.3226168467032533	450283	2322.6168467032535	1.4247223	-9.237252440823989
2159.3161311149897	300	6.984152710752376	0.0	155580	1015.8472892476235	0.7260094	-0.15000000000000002
2160.4542029470895	300	9.84608087865267	0.0	139857	1138.0718320997075	0.8828767	0.3
2164.4878049401304	1200	9.812478885611734	0.0	617681	4033.601993040934	0.988166	0.29999999999999993
2167.7318190181118	750	10.568464807630658	0.0	411561	3244.014077981076	1.1283933	0.3
2168.8744844389225	300	13.425799386819698	0.0	126289	1142.6654208109608	1.1242303	-0.15000000000000002
2172.331559150798	750	13.968724674944394	0.0	352642	3457.074711875304	1.1692164	0.3
2187.8779962122194	1850	4.0	1.5777123864768983	1060487	15546.437061421291	1.224517	-6.0341632618506615
2189.0653230601256	300	6.8126731520938035	0.0	150710	1187.3268479061965	0.66770095	-1.25
2192.0138210218324	750	7.864175190386688	0.0	362795	2948.4979617071153	0.857071	0.3
2195.897729515497	750	7.98026669672265	0.0	353220	3883.9084936640384	0.9615176	0.75
2198.288182232669	300	9.58981397955005	0.0	156148	2390.4527171726004	0.897026	-0.15000000000000002
2202.2026969945855	750	9.675299217633624	0.0	386351	3914.514761916425	0.9226967	0.3
2205.658325507929	750	10.219670704290216	0.0	434409	3455.628513343409	0.91739243	0.75
2208.0594678344473	750	11.818528377771583	0.0	337059	2401.142326518633	1.0562079	0.75
2209.1939931027878	300	14.684003109431147	0.0	138313	1134.525268340436	1.1943071	-0.15000000000000002
2210.3505397849467	300	17.52745642727262	0.0	143509	1156.546682158527	1.2070487	0.3
2214.916051808465	1200	16.961944403754483	0.0	581493	4565.5120235181375	1.3093492	0.29999999999999993
2216.0200765905774	300	19.857919621641543	0.0	165384	1104.024782112939	1.3918108	-0.6000000000000001
2216.877303680326	300	23.000692531893502	0.0	140881	857.2270897480413	1.3682214	0.3
2217.8757776372	300	26.002218575019306	0.0	157671	998.4739568741957	1.4390938	0.3
2219.1547876655704	300	28.723208546648806	0.0	157812	1279.0100283704999	1.4601456	0.3
2220.2505822362677	300	31.627413975951622	0.0	163927	1095.794570697183	1.4724122	0.3
2221.237236582226	300	34.640759629993205	0.0	137654	986.6543459584148	1.5052899	0.3
2226.4078008995257	1200	33.47019531269347	0.0	587236	5170.564317299738	1.5238231	0.29999999999999993
2231.9042824267676	1200	31.97371378545146	0.0	590335	5496.481527242009	1.5731649	1.2
2237.348708884314	750	30.529287327904697	0.0	425781	5444.426457546759	1.5474172	0.3
2245.3684855601027	1850	26.509510652116106	0.0	758197	8019.776675788593	1.5119402	0.75
2249.5369082647403	750	26.341087947478588	0.0	400396	4168.42270463752	1.5480765	-0.3500000000000001
2256.3541687923007	1200	23.523827419918145	0.0	641447	6817.260527560439	1.4820364	0.75
2258.345003306604	750	25.532992905615167	0.0	358218	1990.8345143029808	1.4840122	0.3
2260.616942767284	750	27.26105344493535	0.0	400322	2271.939460679816	1.5150583	0.75
2266.0157934355293	1850	25.862202776690047	0.0	885062	5398.8506682453035	1.5530255	0.75
2275.1856684110007	1850	20.692327801218863	0.0	1035329	9169.874975471183	1.5816735	1.85
2276.6206532277038	300	23.257342984515798	0.0	179328	1434.984816703066	1.5163639	-1.25
2284.440483206043	1850	19.437513006176328	0.0	943942	7819.8299783394705	1.479043	0.30000000000000004
2288.0662357590927	1200	19.811760453126706	0.0	487812	3625.7525530496227	1.5434719	0.5499999999999999
2290.5058560913744	750	21.372140120844524	0.0	361565	2439.620332282181	1.5293452	0.3
2296.5373595835554	1850	19.34063662866372	0.0	908665	6031.503492180803	1.5240982	0.75
2305.4630383275908	2850	14.414957884628205	0.0	1402287	8925.678744035517	1.5381745	1.85
2309.6872368677905	1850	14.190759344428116	0.0	858450	4224.198540200088	1.5073957	0.8500000000000001
2315.5801218736415	1850	12.297874338577092	0.0	1025005	5892.885005851023	1.5230343	1.85
2316.290977599992	300	15.587018612226673	0.0	145210	710.8557263504185	1.4629146	-1.25
2320.1313671559824	1200	15.746629056236605	0.0	634861	3840.389555990068	1.4215374	0.29999999999999993
2328.915893518922	1850	10.962102693296956	0.0	958994	8784.526362939649	1.5000125	1.2000000000000002
2331.000378326852	300	12.87761788536657	0.0	160064	2084.4848079303874	1.3658268	-1.25
2332.6743903573897	300	15.203605854829222	0.0	137507	1674.012030537348	1.2448117	0.3
2336.8521113836273	1200	15.025884828591584	0.0	550906	4177.721026237638	1.3159511	0.29999999999999993

