24867.675480144277	750	4.0	2.993897582587049	450283	2993.897582587049	1.141077	-12.12375960512431
24870.199319624906	750	5.4761605193743845	0.0	398865	2523.8394806256156	0.6485621	0.75
24870.83072854553	300	8.844751598748697	0.0	139857	631.4089206256874	0.84383446	-0.15000000000000002
24872.31830722967	750	11.357172914608425	0.0	382355	1487.5786841402712	1.0061494	0.3
24873.459694073852	750	14.215786070429555	0.0	411561	1141.386844178871	1.2506455	0.75
24874.448359826147	750	17.227120318135647	0.0	318564	988.6657522939063	1.4107611	0.75
24876.259646787228	1200	19.415833357055053	0.0	561791	1811.2869610805933	1.4602989	0.75
24879.560165999952	1850	20.11531414433335	0.0	1060487	3300.5192127217038	1.514501	1.2000000000000002
24880.092721818895	300	23.582758325393012	0.0	150710	532.5558189403388	1.5945779	-1.25
24881.300267265717	750	26.375212878568295	0.0	362795	1207.5454468247171	1.4641852	0.3
24882.89517020368	1200	28.780309940608415	0.0	607410	1594.9029379598787	1.528893	0.75
24884.814762586306	1200	30.86071755797887	0.0	594078	1919.5923826295445	1.5867137	1.2
24886.328542531002	750	33.346937613283195	0.0	386351	1513.7799446956774	1.588879	0.3
24887.05225791931	300	36.62322222497691	0.0	179801	723.7153883062929	1.5558685	-0.15000000000000002
24889.619524362504	1850	38.05595578178075	0.0	821631	2567.26644319615	1.5529858	0.30000000000000004
24891.808246837594	1200	39.86723330669254	0.0	587876	2188.7224750882087	1.6408702	0.5499999999999999
24893.101877329897	750	42.573602814389886	0.0	360831	1293.6304923026569	1.6130625	0.3
24894.494721335792	750	45.18075880849704	0.0	372963	1392.8440058928452	1.615502	0.75
24897.917262618175	1850	45.75821752611004	0.0	987708	3422.541282387004	1.6181042	0.75
24900.243344505023	1200	47.432135639263464	0.0	586839	2326.081886846571	1.6458127	0.5499999999999999
24902.84938690213	1200	48.82609324215598	0.0	601738	2606.0423971074824	1.6425213	1.2
24908.53171504047	2850	47.143765103816975	0.0	1468126	5682.328138339002	1.635756	1.2000000000000002
24910.309032246627	750	49.36644789766204	0.0	401853	1777.317206154928	1.6201079	-1.35
24911.879267631655	750	51.796212512633886	0.0	343800	1570.2353850281595	1.6467242	0.75
24915.280151984818	1850	52.39532815947062	0.0	897976	3400.884353163264	1.6426562	0.75
24918.50965918859	1850	53.16582095570118	0.0	905935	3229.5072037694435	1.6425002	1.85
24922.83080850744	1850	52.84467163684792	0.0	1076599	4321.149318853264	1.6328741	1.85
24927.081848714908	2850	52.59363142938115	0.0	1141971	4251.0402074667745	1.6304342	1.85
24933.505752400568	2850	50.16972774371647	0.0	1498470	6423.903685664668	1.537411	2.85
24942.203113536056	4300	45.47236660823026	0.0	2164140	8697.361135486213	1.5535507	2.8499999999999996
24951.56196494303	4300	40.11351520125807	0.0	2113193	9358.851406972197	1.2926264	4.3
24957.50844994201	1850	38.16703020227742	0.0	954453	5946.484998980649	1.4090986	-0.6000000000000001
24962.933571770212	1850	36.74190837407625	0.0	885062	5425.121828201168	1.6232173	1.85
24966.464817077627	1200	37.21066306666608	0.0	670129	3531.2453074101686	1.6181701	0.5499999999999999
24982.2068100315	4300	25.468670112790672	0.0	2307787	15741.992953875408	1.6214988	1.1999999999999997
24985.730882429456	1850	25.944597714834366	0.0	943942	3524.0723979563054	1.5892916	-0.6000000000000001
24987.658248228006	1200	28.017231916281023	0.0	487812	1927.3657985533412	1.6217062	0.5499999999999999
24989.14633554293	750	30.52914460135982	0.0	361565	1488.0873149212005	1.6193229	0.3
24992.814752849474	1850	30.860727294812516	0.0	908665	3668.417306547303	1.6212137	0.75
24995.364540622206	1200	32.310939522084375	0.0	587506	2549.7877727281466	1.6458619	0.5499999999999999
24997.774447466712	1200	33.901032677578186	0.0	566904	2409.9068445061876	1.6311269	1.2
25000.843111425263	1200	34.832368719029624	0.0	641452	3068.6639585485605	1.6292255	1.2
25005.88223678726	2850	33.79324335703377	0.0	1343002	5039.125361995859	1.6793875	1.2000000000000002
25009.801714867648	1850	33.873765276644185	0.0	973972	3919.478080389586	1.5555265	0.8500000000000001
25014.2659086689	1850	33.40957147539542	0.0	958994	4464.193801248765	1.649242	1.85
25018.948938114136	1850	32.7265420301567	0.0	982064	4683.029445238715	1.6468745	1.85
25026.657763431893	4300	29.0177167124003	0.0	1961140	7708.825317756399	1.6528269	1.8499999999999996
25034.47942138066	4300	25.19605876362909	0.0	2155012	7821.657948771207	1.1688943	4.3

