18190.770427598276	750	4.0	3.791441730238546	450283	3791.441730238546	1.3889349	-15.553199440025747
18192.157473852847	300	6.6129537454278156	0.0	155580	1387.046254572185	0.58013564	-0.15000000000000002
18193.174699917323	300	9.595727680951125	0.0	139857	1017.2260644766923	0.8160201	0.3
18194.127288170417	300	12.643139427858042	0.0	155432	952.5882530930813	0.94938433	0.3
18195.148111822276	300	15.622315775997306	0.0	163442	1020.8236518607367	1.1099778	0.3
18196.04405399924	300	18.72637359903397	0.0	126289	895.9421769633375	1.2783108	0.3
18204.059569211615	2850	14.710858386661247	0.0	1388403	8015.515212372725	1.3196119	0.30000000000000027
18204.709221750723	300	18.06120584754829	0.0	173849	649.6525391129521	1.4844117	-2.25
18205.232610931846	300	21.53781666642625	0.0	150710	523.3891811220433	1.404867	0.3
18207.352057232096	1200	23.41837036617779	0.0	560821	2119.446300248461	1.4496137	0.29999999999999993
18207.93521694341	300	26.835210654864547	0.0	141840	583.1597113132449	1.5496732	-0.6000000000000001
18209.489010288875	750	29.281417309398126	0.0	405134	1553.7933454664187	1.4758018	0.3
18215.124096005093	1850	27.6463315931794	0.0	946851	5635.085716218724	1.5308776	0.75
18217.659773048777	750	29.11065454949424	0.0	434409	2535.6770436851634	1.5724359	-0.3500000000000001
18220.40295863129	1200	30.367468966981587	0.0	526950	2743.1855825126563	1.5447626	0.75
18222.05152768451	750	32.71889991375917	0.0	366214	1648.5690532224212	1.5622252	0.3
18231.371549544994	2850	27.398878053276064	0.0	1491626	9320.0218604831	1.5505499	0.75
18232.570234197578	300	30.200193400692132	0.0	150616	1198.6846525839314	1.5976691	-2.25
18233.812663031676	300	32.95776456659498	0.0	165384	1242.4288340971466	1.4731197	0.3
18235.105592997537	300	35.66483460073336	0.0	140881	1292.9299658616208	1.5081428	0.3
18244.72362367315	1850	30.04680392511746	0.0	891604	9618.0306756159	1.5167729	0.30000000000000004
18253.533995620957	1850	25.236431977310808	0.0	955231	8810.371947806652	1.5548229	1.85
18259.867351697296	1850	22.903075900971984	0.0	968026	6333.356076338825	1.5201511	1.85
18266.231757491096	1850	20.538670107169274	0.0	874175	6364.405793802713	1.5563337	1.85
18271.3387307092	1850	19.431696889061772	0.0	897976	5106.9732181075	1.5624223	1.85
18281.010736603934	2850	13.759690994331542	0.0	1480464	9672.00589473023	1.5523988	1.85
18284.37640509022	750	14.394022508047172	0.0	425781	3365.6684862843695	1.4644192	-1.35
18285.259107423353	300	17.511320174912846	0.0	111155	882.7023331343264	1.3090385	-0.15000000000000002
18291.65370584379	1200	15.116721754476325	0.0	622896	6394.598420436521	1.3387007	0.29999999999999993
18293.40069396	300	17.369733638269597	0.0	149029	1746.9881162067265	1.342085	-0.6000000000000001
18295.1628276261	300	19.607599972166057	0.0	157421	1762.1336661035405	1.2938378	0.3
18304.069858692994	1850	14.700568905275482	0.0	954453	8907.031066890573	1.336522	0.30000000000000004
18313.491507071903	1850	9.278920526364946	0.0	885062	9421.648378910537	1.3997908	1.85
18318.4204970356	750	8.34993056267019	0.0	412837	4928.989963694756	1.2012285	-0.3500000000000001
18320.763679208078	300	10.00674839019441	0.0	179328	2343.1821724757783	0.90500486	-0.15000000000000002
18325.663845901952	750	9.106581696319838	0.0	365161	4900.166693874574	0.91737205	0.3
18327.617900049176	300	11.152527549093476	0.0	131610	1954.054147226362	0.93544537	-0.15000000000000002
18329.470619829404	300	13.299807768865529	0.0	124011	1852.719780227948	0.95608526	0.3
18335.96904250243	750	10.801385095840509	0.0	378327	6498.422673025018	1.0405093	0.3
18338.76177179851	300	12.008655799758172	0.0	149991	2792.7292960823384	0.959836	-0.15000000000000002
18342.756153875212	300	12.014273723056492	0.0	147968	3994.382076701679	0.9961066	0.3
18347.055733317913	300	11.7146942803564	0.0	161857	4299.579442700093	0.9533399	0.3
18350.26493781639	300	12.505489781874902	0.0	145210	3209.2044984814993	0.9235904	0.3
18352.97109005549	300	13.799337542778405	0.0	172312	2706.1522390964974	0.9768431	0.3
18354.686843913794	300	16.083583684473528	0.0	167025	1715.7538583048768	1.0337263	0.3
18356.269856772695	300	18.500570825570687	0.0	160064	1583.012858902839	1.1697578	0.3
18357.654538293016	300	21.11588930525102	0.0	137507	1384.6815203196675	1.3355392	0.3
18360.525684443484	750	22.244743154782235	0.0	314107	2871.1461504687873	1.4017104	0.3

