13922.087270128528	750	4.0	4.3779972098671385	450283	4377.997209867139	1.5213114	-18.075388002428696
13925.043665663172	750	5.043604465355893	0.0	398865	2956.3955346441076	0.53338635	0.75
13926.123851323824	300	7.963418804702806	0.0	139857	1080.1856606530878	0.78707135	-0.15000000000000002
13927.374942396316	300	10.712327732211211	0.0	155432	1251.091072491593	0.88379514	0.3
13930.607825442981	750	11.479444685547271	0.0	411561	3232.883046663941	0.99379337	0.3
13931.666821130913	300	14.420448997615209	0.0	126289	1058.9956879320619	1.130925	-0.15000000000000002
13932.964315639765	300	17.122954488761145	0.0	153295	1297.4945088540646	1.1826893	0.3
13936.248740210242	750	17.83852991828559	0.0	437162	3284.4245704755526	1.2554641	0.3
13940.184546304585	1200	17.902723823941162	0.0	584846	3935.806094344428	1.3747339	0.75
13943.888679640493	1200	18.198590488033872	0.0	560821	3704.13333590729	1.4433349	1.2
13951.272940569157	1850	14.81432955937004	0.0	939819	7384.260928663831	1.4487817	1.2000000000000002
13955.396150486995	750	14.691119641532309	0.0	405134	4123.209917837732	1.417205	-0.3500000000000001
13956.886642768932	300	17.200627359593526	0.0	160746	1490.4922819387814	1.2853665	-0.15000000000000002
13967.370655462651	1850	10.716614665876298	0.0	1036454	10484.01269371723	1.2879515	0.30000000000000004
13969.705009406422	300	12.38226072210521	0.0	140051	2334.353943771089	1.240828	-1.25
13973.633863334528	750	12.453406793998406	0.0	366214	3928.8539281068042	1.059941	0.3
13978.731254272816	1200	11.35601585570854	0.0	617242	5097.3909382898655	1.1229848	0.75
13982.193612067871	750	11.893658060655008	0.0	372963	3462.3577950535314	1.1749628	0.3
13985.566937210046	750	12.520332918480467	0.0	405596	3373.325142174543	1.1454419	0.75
13986.707181333217	300	15.380088795311075	0.0	140881	1140.2441231693915	1.1462412	-0.15000000000000002
13988.087874150178	300	17.999395978349657	0.0	157671	1380.6928169614166	1.2081075	0.3
13993.390703995505	1200	16.696566133021914	0.0	616206	5302.829845327741	1.3086184	0.29999999999999993
13994.875977032194	300	19.211293096333247	0.0	163927	1485.2730366886683	1.3669949	-0.6000000000000001
13997.51976207924	750	20.567508049286385	0.0	343800	2643.7850470468616	1.3451523	0.3
13998.703674978005	300	23.383595150522275	0.0	146754	1183.9128987641072	1.4372641	-0.15000000000000002
14001.434025235263	750	24.653244893262777	0.0	379700	2730.3502572594984	1.4158995	0.3
14011.340371234195	1850	18.74689889433197	0.0	1076599	9906.345998930808	1.4822998	0.75
14016.696556946776	1850	17.390713181752467	0.0	758197	5356.185712579504	1.4650395	1.85
14024.823046447935	1850	13.264223680591996	0.0	972798	8126.489501160472	1.4937459	1.85
14030.937445214406	1200	11.149824914120275	0.0	641447	6114.39876647172	1.398052	0.5499999999999999
14034.85996177911	750	11.227308349416424	0.0	358218	3922.5165647038525	1.2105261	0.3
14038.914078465028	750	11.173191663498335	0.0	400322	4054.1166859180894	1.1306765	0.75
14040.402578180036	300	13.684691948490661	0.0	143881	1488.499715007674	1.0879496	-0.15000000000000002
14041.916493510784	300	16.17077661774131	0.0	163444	1513.915330749349	1.1231893	0.3
14043.877781278768	300	18.209488849758127	0.0	179328	1961.287767983187	1.2443547	0.3
14045.584421184543	300	20.50284894398328	0.0	159914	1706.6399057748442	1.2912203	0.3
14046.963382793369	300	23.123887335157303	0.0	131610	1378.96160882598	1.4079021	0.3
14050.579090274476	750	23.50817985405026	0.0	361565	3615.707481107045	1.4379483	0.3
14056.093167866731	1200	21.994102261795035	0.0	605884	5514.077592255219	1.4899654	0.75
14068.568413026278	2850	13.5188571022467	0.0	1402287	12475.245159548336	1.514274	1.2000000000000002
14073.58434708093	1200	12.502923047594916	0.0	566904	5015.934054651785	1.422907	-0.44999999999999996
14078.207022076354	750	11.880248052171012	0.0	384505	4622.674995423903	1.2986541	0.3
14080.52656091166	300	13.560709216866881	0.0	145210	2319.5388353041326	1.1631275	-0.15000000000000002
14083.938428164152	300	14.148841964373984	0.0	172312	3411.867252492897	1.0920935	0.3
14088.981552072128	750	13.105718056397665	0.0	398987	5043.123907976317	1.1038827	0.3
14092.390717280974	750	13.696552847551931	0.0	393804	3409.165208845733	1.1177734	0.75
14095.214831792771	750	14.872438335755241	0.0	331053	2824.1145117966903	1.2564647	0.75
14098.040961360537	750	16.046308767990737	0.0	314107	2826.1295677645026	1.3473829	0.75

