13264.823598675657	750	4.0	5.775321338143219	450283	5775.321338143219	1.1139745	-24.08388175401584
13266.140758420523	300	6.682840255133825	0.0	155580	1317.159744866175	0.42090896	-0.15000000000000002
13270.622312698248	1200	6.2012859774095075	0.0	571051	4481.554277724317	0.94815564	0.29999999999999993
13273.909855051252	750	6.913743624404775	0.0	382355	3287.542353004733	1.0940236	0.3
13276.00603289929	300	8.817565776366486	0.0	163442	2096.177848038289	0.9945903	-0.15000000000000002
13279.495673002939	750	9.327925672717466	0.0	318564	3489.640103649019	0.9378766	0.3
13280.742164345329	300	12.08143433032828	0.0	153295	1246.4913423891874	1.0471358	-0.15000000000000002
13284.938899848989	750	11.88469882666922	0.0	437162	4196.73550365906	1.0904459	0.3
13289.072070033217	750	11.7515286424406	0.0	374758	4133.17018422862	1.1276795	0.75
13291.727006555306	750	13.096592120352467	0.0	362795	2654.936522088134	1.1159345	0.75
13293.448423327109	300	15.375175348550249	0.0	141840	1721.4167718022172	1.2216281	-0.15000000000000002
13294.793377809994	300	18.03022086566549	0.0	156148	1344.954482884757	1.1485218	0.3
13298.97667411718	1200	17.8469245584771	0.0	624282	4183.296307188391	1.2205253	0.29999999999999993
13307.670892485952	1200	13.15270618970613	0.0	687371	8694.218368770968	1.381193	1.2
13316.562656940452	1200	8.260941735204511	0.0	526950	8891.76445450162	1.1776775	1.2
13320.388915492022	750	8.434683183634737	0.0	366214	3826.2585515697747	0.9480449	0.3
13322.331228734947	300	10.492369940709693	0.0	143509	1942.3132429250427	0.9873682	-0.15000000000000002
13324.3356501896	300	12.487948486058006	0.0	150616	2004.4214546516891	0.97485524	0.3
13332.15368064454	1200	8.669918031117508	0.0	639204	7818.030454940497	1.0487974	0.29999999999999993
13339.823211722553	1200	5.000386953104011	0.0	586839	7669.531078013497	1.0350353	1.2
13341.48371266671	300	7.3398860089479685	0.0	157671	1660.5009441560421	0.44611123	-0.6000000000000001
13343.065439801785	300	9.758158873872087	0.0	157812	1581.7271350758815	0.6430667	0.3
13349.301453774888	750	7.522144900768129	0.0	401853	6236.013973103958	0.9454866	0.3
13354.596379222621	750	6.227219453036611	0.0	343800	5294.925447731519	0.58630705	0.75
13356.835629632496	300	7.987969043159316	0.0	146754	2239.2504098772956	0.39615834	-0.15000000000000002
13359.382349799986	300	9.441248875670636	0.0	153938	2546.7201674886787	0.57153326	0.3
13362.478118826186	300	10.3454798494698	0.0	181901	3095.769026200836	0.70479614	0.3
13369.751762073134	1200	7.071836602521625	0.0	487160	7273.643246948176	0.81199086	0.29999999999999993
13372.6920884552	300	8.131510220456098	0.0	153605	2940.3263820655266	0.64935416	-0.6000000000000001
13375.238905747216	300	9.584692928440019	0.0	149029	2546.817292016078	0.51096034	0.3
13377.639116884486	300	11.184481791171269	0.0	157421	2400.21113726875	0.72134954	0.3
13379.916661927891	300	12.906936747764073	0.0	157488	2277.5450434071945	0.94936514	0.3
13381.816723213102	300	15.006875462554081	0.0	143881	1900.0612852099935	1.0357705	0.3
13391.726234347778	1200	9.097364327880019	0.0	670129	9909.511134674061	1.1226104	0.29999999999999993
13393.658539687041	300	11.165058988615622	0.0	179328	1932.305339264398	0.8691919	-0.6000000000000001
13396.541321650087	750	12.282277025568915	0.0	365161	2882.781963046708	1.0042789	0.3
13399.671880105676	750	13.15171856998072	0.0	321064	3130.5584555881933	1.2140578	0.75
13404.079264546524	750	12.744334129132204	0.0	361565	4407.384440848516	1.2239255	0.75
13406.915347645237	300	13.908251030419185	0.0	144254	2836.0830987130184	1.1696563	-0.15000000000000002
13415.133300973286	750	9.690297702370755	0.0	390680	8217.95332804843	1.0994704	0.3
13416.744347004758	300	12.079251670898579	0.0	147968	1611.0460314721768	0.79503906	-0.15000000000000002
13422.6256498876	1200	10.19794878805693	0.0	641452	5881.302882841648	1.0845879	0.29999999999999993
13430.618579009637	1200	6.205019666019548	0.0	599477	7992.9291220373825	1.2021761	1.2
13434.366967285638	750	6.456631390019307	0.0	438281	3748.3882760002407	0.66869783	0.3
13438.749114944303	750	6.074483731352068	0.0	398987	4382.14765866724	0.7644686	0.75
13440.241279597369	300	8.582319078287378	0.0	160064	1492.164653064689	0.6003528	-0.15000000000000002
13443.705169596125	750	9.118429079528324	0.0	331053	3463.8899987590535	0.98114955	0.3
13444.903939935122	300	11.919658740533743	0.0	118421	1198.7703389945814	1.0938839	-0.15000000000000002

