8143.5817615690585	750	4.0	3.445995646227827	450283	3445.9956462278274	1.6154151	-14.067781278779655
8144.65164941149	300	6.930112157568032	0.0	155580	1069.8878424319682	0.6113471	-0.15000000000000002
8145.586705851555	300	9.995055717503444	0.0	139857	935.0564400645883	0.85244983	0.3
8148.472939164646	750	11.108822404412454	0.0	382355	2886.233313090989	0.9939391	0.3
8150.9280897720855	300	12.65367179697256	0.0	163442	2455.1506074398953	1.0973983	-0.15000000000000002
8169.316150042949	1850	4.0	5.734388473890036	801058	18388.060270862596	1.0831314	-24.35787043772715
8172.335635661302	300	4.980514381646205	0.0	153295	3019.485618353795	0.36561942	-1.25
8175.968047403154	300	5.348102639793967	0.0	173849	3632.4117418522383	0.41667753	0.3
8185.977150445095	1200	4.0	4.661000402146289	584846	10009.103041940256	0.4830792	-19.74230172922904
8188.872355033079	300	5.104795412014899	0.0	139105	2895.2045879851007	0.0848113	-0.6000000000000001
8192.594251227067	300	5.3828992180283	0.0	141840	3721.8961939865985	0.3860121	0.3
8194.706509951171	300	7.2706404939225475	0.0	156148	2112.2587241057527	0.048310388	0.3
8196.414902287384	300	9.562248157709382	0.0	160746	1708.3923362131648	0.33142036	0.3
8202.402191879668	750	7.574958565425774	0.0	434409	5987.289592283608	0.8487113	0.3
8204.745307757836	300	9.231842687259165	0.0	140051	2343.1158781666086	0.68930024	-0.15000000000000002
8206.972967763457	300	11.0041826816366	0.0	138313	2227.6600056225666	0.82784426	0.3
8211.226446288763	750	10.750704156330713	0.0	360831	4253.478525305887	0.8960773	0.3
8214.899164385957	750	11.077986059137565	0.0	372963	3672.718097193147	0.9689666	0.75
8216.454584532206	300	13.522565912887732	0.0	165384	1555.4201462498331	1.0255849	-0.15000000000000002
8219.996591442014	750	13.98055900308136	0.0	350713	3542.0069098063723	1.085092	0.3
8224.42444460062	750	13.55270584447412	0.0	386472	4427.85315860724	1.183391	0.75
8229.411120148116	750	12.566030296979864	0.0	399894	4986.675547494256	1.1423047	0.75
8231.421768279613	300	14.555382165481175	0.0	163927	2010.6481314986902	1.0774987	-0.15000000000000002
8234.445128646872	750	15.532021798223449	0.0	343800	3023.360367257727	1.1143109	0.3
8235.898081620106	300	18.079068824990063	0.0	146754	1452.952973233384	1.2799499	-0.15000000000000002
8241.470412114571	1200	16.506738330524723	0.0	590335	5572.330494465338	1.2786103	0.29999999999999993
8248.357940810241	1200	13.619209634854183	0.0	696376	6887.52869567054	1.3387349	1.2
8249.617802059176	300	16.359348385919464	0.0	111155	1259.8612489347204	1.2698263	-0.6000000000000001
8251.331373359679	300	18.645777085417013	0.0	153605	1713.5713005024527	1.2400609	0.3
8255.465518734178	750	18.511631710918177	0.0	400508	4134.145374498834	1.274562	0.3
8265.965838109727	1850	12.011312335370787	0.0	873429	10500.31937554739	1.3495023	0.75
8273.34176998256	750	8.635380462536952	0.0	400322	7375.931872833836	1.2543352	-0.3500000000000001
8279.783955155039	750	6.193195290058654	0.0	369834	6442.185172478298	0.8123896	0.75
8281.853613093464	300	8.123537351632887	0.0	163444	2069.6579384257666	0.22925778	-0.15000000000000002
8285.794562711228	750	8.18258773387008	0.0	401088	3940.9496177628084	0.60378385	0.3
8288.821945589963	750	9.155204855132949	0.0	365161	3027.3828787371313	0.85865957	0.75
8290.036230649474	300	11.94091979562409	0.0	131610	1214.2850595088578	0.96649545	-0.15000000000000002
8293.13902542531	750	12.83812501978746	0.0	361565	3102.79477583663	1.0426375	0.3
8294.502964213054	300	15.474186232042797	0.0	144254	1363.9387877446625	1.1832327	-0.15000000000000002
8295.905776598664	300	18.071373846433758	0.0	149991	1402.81238560904	1.2446147	0.3
8297.253534450692	300	20.72361599440439	0.0	147968	1347.7578520293673	1.3653467	0.3
8298.984121359163	300	22.993029085933802	0.0	161857	1730.5869084705887	1.4186654	0.3
8305.41937770032	1200	20.55777274477672	0.0	599477	6435.25634115708	1.4790479	0.29999999999999993
8310.99536110314	1200	18.981789341957867	0.0	634861	5575.983402818854	1.4741203	1.2
8316.238190939568	750	17.73895950552858	0.0	398987	5242.82983642929	1.4733106	0.3
8319.320973381582	750	18.656177063513507	0.0	393804	3082.782442015073	1.3895797	0.75
8327.04118193879	1850	14.9359685063051	0.0	830730	7720.208557208406	1.4724585	0.75
8328.649447909947	300	17.327702535148397	0.0	118421	1608.2659711567055	1.4538069	-1.25

