18010.95422981967	750	4.0	4.2446647119615655	450283	4244.664711961565	0.044758983	-17.50205826143473
18012.369017953202	300	6.5852118664659365	0.0	155580	1414.7881335340633	0.54332685	-0.15000000000000002
18013.632709285546	300	9.321520534123353	0.0	139857	1263.6913323425845	0.8089007	0.3
18015.010621833397	300	11.94360798627423	0.0	155432	1377.9125478491217	0.9157069	0.3
18016.497119869586	300	14.457109950084448	0.0	163442	1486.4980361897813	1.0246916	0.3
18018.75698860201	750	16.197241217662675	0.0	318564	2259.8687324217744	1.164995	0.3
18025.547182413047	1850	13.407047406620924	0.0	905515	6790.193811041751	1.301458	0.75
18030.747873935692	1200	12.20635588397945	0.0	709534	5200.691522641474	1.3565832	0.5499999999999999
18032.0071299805	300	14.947099839173287	0.0	150710	1259.2560448061624	1.2989933	-0.6000000000000001
18035.721772959947	750	15.232456859724254	0.0	362795	3714.6429794490327	1.2572757	0.3
18038.738332796132	750	16.215897023536602	0.0	353220	3016.559836187653	1.2846903	0.75
18039.71221956919	300	19.242010250481098	0.0	156148	973.886773055505	1.3144664	-0.15000000000000002
18041.516909101923	300	21.43732071775064	0.0	160746	1804.6895327304571	1.3492953	0.3
18047.190912413436	1200	19.763317406236084	0.0	687371	5674.003311514554	1.3354725	0.29999999999999993
18048.42155228056	300	22.532677539112292	0.0	140051	1230.6398671237898	1.454695	-0.6000000000000001
18053.176740257946	1200	21.77748956172623	0.0	587876	4755.187977386063	1.388075	0.29999999999999993
18057.00589768601	1200	21.94833213366428	0.0	617242	3829.157428061949	1.4578762	1.2
18057.856869305844	300	25.097360513826494	0.0	150616	850.9716198377857	1.5068623	-0.6000000000000001
18060.60100177611	750	26.353228043562495	0.0	405596	2744.1324702639986	1.4591702	0.3
18063.447194834036	750	27.50703498563617	0.0	350713	2846.193057926324	1.4966564	0.75
18068.323377880122	1200	26.630851939548702	0.0	601738	4876.183046087472	1.4957483	0.75
18069.605530601184	300	29.348699218486075	0.0	157812	1282.1527210626277	1.5344537	-0.6000000000000001
18072.490372935354	750	30.463856884317835	0.0	401853	2884.842334168241	1.4653003	0.3
18073.723037737447	300	33.231192082224396	0.0	137654	1232.6648020934424	1.5431511	-0.15000000000000002
18078.655204810697	1200	32.299025008973835	0.0	587236	4932.167073250565	1.5120144	0.29999999999999993
18087.005541640086	1850	27.94868817958457	0.0	905935	8350.336829389265	1.5551996	1.2000000000000002
18102.74215789759	1850	16.21207192208358	0.0	1076599	15736.61625750099	1.5471933	1.85
18104.407603460993	300	18.54662635867712	0.0	111155	1665.4455634064602	1.346311	-1.25
18114.36784682216	1200	12.586382997514772	0.0	622896	9960.24336116235	1.2955376	0.29999999999999993
18116.922301765273	300	14.031928054396833	0.0	149029	2554.454943117939	1.1347779	-0.6000000000000001
18121.56648882452	750	13.387740995150487	0.0	358218	4644.187059246346	1.0456549	0.3
18122.979501002068	300	15.974728817599601	0.0	157488	1413.0121775508849	1.1134558	-0.15000000000000002
18124.190161887887	300	18.764067931782442	0.0	143881	1210.660885817158	1.1324521	0.3
18131.724050415432	1850	15.230179404236805	0.0	1035329	7533.888527545637	1.2839833	0.30000000000000004
18134.32270550881	750	16.631524310859646	0.0	401088	2598.6550933771573	1.4329383	-0.3500000000000001
18138.08429146978	1200	16.869938349888614	0.0	598727	3761.585960971034	1.3627397	0.75
18140.53874748732	750	18.415482332345185	0.0	321064	2454.4560175434276	1.5080075	0.3
18144.62530461219	1200	18.32892520747796	0.0	575591	4086.557124867227	1.4440233	0.75
18150.40843115426	1850	16.545798665405282	0.0	908665	5783.126542072675	1.5100349	1.2000000000000002
18155.09103782412	1200	15.863191995548085	0.0	587506	4682.606669857198	1.5082514	0.5499999999999999
18156.99551762587	300	17.958712193800384	0.0	147968	1904.4798017477005	1.4591093	-0.6000000000000001
18161.52156309602	750	17.43266672364665	0.0	384505	4526.045470153729	1.3788558	0.3
18166.875771472576	1200	16.078458347089555	0.0	599477	5354.208376557096	1.4006194	0.75
18171.647459791384	1200	15.306770028283783	0.0	634861	4771.688318805772	1.4263915	1.2
18173.46218976213	300	17.492040057536887	0.0	167025	1814.729970746896	1.4341549	-0.6000000000000001
18175.293477529314	300	19.660752290353724	0.0	160064	1831.287767183161	1.3555063	0.3
18181.694326105993	1200	17.25990371367426	0.0	538612	6400.848576679466	1.4285486	0.29999999999999993
18186.978985868038	1200	15.975243951632187	0.0	550906	5284.659762042073	1.4295882	1.2

