13015.255337560298	750	4.0	3.13772266060829	450283	3137.72266060829	1.1917866	-12.742207440615646
13016.225187218257	300	7.0301503420424005	0.0	155580	969.8496579575992	0.63589734	-0.15000000000000002
13017.028471516343	300	10.22686604395588	0.0	139857	803.2842980865196	0.87022835	0.3
13018.65011982342	750	12.605217736878757	0.0	382355	1621.6483070771246	1.0349919	0.3
13020.708395304817	1200	14.546942255481577	0.0	652874	2058.2754813971787	1.2704972	0.75
13021.578197921435	750	17.677139638864393	0.0	318564	869.8026166171834	1.4569745	0.3
13022.335527875197	750	20.919809685102376	0.0	352642	757.3299537620134	1.47042	0.75
13024.14495516411	1200	23.110382396187777	0.0	709534	1809.4272889145975	1.5065452	0.75
13025.795067000667	1200	25.460270559632285	0.0	584846	1650.1118365554921	1.5825899	1.2
13028.768377252802	1850	26.486960307496545	0.0	913888	2973.3102521357396	1.5771446	1.2000000000000002
13029.611287340049	300	29.64405022024946	0.0	141840	842.9100872470847	1.6035941	-1.25
13031.933261619753	750	31.322075940543947	0.0	405134	2321.9742797055137	1.4786904	0.3
13034.459724685032	750	32.7956128752657	0.0	386351	2526.463065278251	1.5224001	0.75
13037.67898409206	750	33.57635346823808	0.0	434409	3219.2594070276086	1.515253	0.75
13044.539275605679	1200	30.71606195461723	0.0	526950	6860.291513620855	1.5337135	0.75
13052.509503709563	1850	26.745833850731756	0.0	923170	7970.228103885475	1.5165682	1.2000000000000002
13053.084572357968	300	30.17076520232886	0.0	143509	575.0686484028993	1.5455005	-1.25
13054.517609503358	750	32.73772805693775	0.0	372963	1433.037145391107	1.522343	0.3
13056.88080972921	1200	34.37452783108782	0.0	639204	2363.2002258499315	1.5664893	0.75
13059.716353761307	1850	35.53898379899016	0.0	923755	2835.5440320976672	1.6028064	1.2000000000000002
13061.074851971234	750	38.18048558906104	0.0	386472	1358.4982099291149	1.6149639	-0.3500000000000001
13063.125310111194	1200	40.130027449102066	0.0	616206	2050.4581399589733	1.5950695	0.75
13068.28589095807	2850	38.969446602226014	0.0	1505760	5160.580846876049	1.6333717	1.2000000000000002
13071.020358040752	1850	40.234979519544915	0.0	874175	2734.4670826811043	1.6325666	0.8500000000000001
13072.008847443716	750	43.24649011657941	0.0	359903	988.4894029655035	1.6446296	-0.3500000000000001
13076.873625861865	2850	42.38171169843108	0.0	1480464	4864.778418148324	1.6408437	0.75
13079.47048699552	1200	43.78485056477635	0.0	696376	2596.861133654729	1.6271896	-0.44999999999999996
13081.380128118957	1200	45.87520944133951	0.0	487160	1909.641123436846	1.662906	1.2
13082.886926627958	750	48.36841093233791	0.0	400396	1506.7985090015977	1.6464683	0.3
13085.842631649984	1850	49.41270591031235	0.0	975811	2955.7050220255605	1.6512413	0.75
13087.59816416601	1200	51.65717339428758	0.0	570392	1755.5325160247637	1.6512907	0.5499999999999999
13092.523213048433	4300	50.73212451186534	0.0	2147852	4925.048882422243	1.6669697	1.1999999999999997
13098.306695434001	4300	48.9486421262976	0.0	2191074	5783.482385567741	0.9541457	4.3
13104.828617202164	4300	46.426720358134645	0.0	2286761	6521.921768162955	0.91937923	4.3
13110.5051038928	4300	44.750233667498605	0.0	2307787	5676.486690636038	0.9889856	4.3
13112.723527013564	1850	46.53181054673407	0.0	943942	2218.4231207645385	0.919438	-0.6000000000000001
13114.610431801812	1850	48.644905758487795	0.0	728962	1886.9047882462787	1.5830874	1.85
13115.950341834974	1200	51.3049957253246	0.0	575591	1339.9100331631923	1.5860121	0.5499999999999999
13121.900860923937	4300	49.35447663636077	0.0	2133870	5950.519088963833	1.6652118	1.1999999999999997
13127.425553325633	4300	47.82978423466523	0.0	2146120	5524.692401695542	0.76559937	4.3
13133.734576468405	4300	45.52076109189374	0.0	2108491	6309.023142771491	0.7465677	4.3
13142.320745366591	4300	40.93459219370822	0.0	2184571	8586.168898185522	0.7763817	4.3
13150.886291762734	4300	36.36904579756524	0.0	2121928	8565.546396142978	0.89471203	4.3
13155.704045303086	2850	35.55129225721276	0.0	1587250	4817.7535403524835	1.0809572	1.4000000000000001
13161.840755802048	4300	33.41458175825	0.0	2124950	6136.710498962754	1.4687252	2.8499999999999996
13169.8867640588	4300	29.368573501497856	0.0	2246506	8046.008256752148	0.93331724	4.3
13177.157794746587	4300	26.097542813711552	0.0	1961140	7271.030687786303	1.0102576	4.3
13181.43119184456	2850	25.824145715738943	0.0	1364537	4273.397097972606	1.1805564	1.4000000000000001

