2944.962436179638	750	4.0	5.84241140162946	450283	5842.41140162946	1.314724	-24.372369027006677
2946.6957169253697	300	6.266719254268797	0.0	155580	1733.2807457312028	0.41436857	-0.15000000000000002
2947.8970049944496	300	9.065431185188647	0.0	139857	1201.2880690801505	0.75121367	0.3
2952.614467067421	1200	8.347969112217475	0.0	617681	4717.462072971171	1.0361792	0.29999999999999993
2953.763602312207	300	11.198833867431661	0.0	163442	1149.1352447858142	1.1712757	-0.6000000000000001
2957.3603011438995	1200	11.602135035738833	0.0	520315	3596.698831692829	1.1075581	0.29999999999999993
2958.3328699760837	300	14.629566203554573	0.0	153295	972.56883218426	1.2801397	-0.6000000000000001
2959.4972108836496	300	17.46522529598885	0.0	173849	1164.340907565722	1.195097	0.3
2960.4862109570213	300	20.47622522261685	0.0	150710	989.0000733719999	1.2229728	0.3
2963.7779976692314	1200	21.184438510407038	0.0	560821	3291.7867122098096	1.2692593	0.29999999999999993
2964.6658167383353	300	24.296619441302887	0.0	141840	887.8190691041538	1.4325114	-0.6000000000000001
2968.631322009972	1200	24.331114169666243	0.0	594078	3965.505271636643	1.3132591	0.29999999999999993
2972.214873003129	1200	24.74756317650921	0.0	624282	3583.550993157029	1.4427366	1.2
2974.620154391298	750	26.342281788339996	0.0	434409	2405.2813881692164	1.4617845	0.3
2977.2457150401406	750	27.716721139497253	0.0	337059	2625.5606488427425	1.4234062	0.75
2978.678923382219	300	30.28351279741885	0.0	138313	1433.2083420784002	1.4049083	-0.15000000000000002
2980.4046694017748	300	32.55776677786351	0.0	143509	1725.74601955534	1.3445358	0.3
2982.7255856490365	300	34.23685053060199	0.0	150616	2320.916247261519	1.3563086	0.3
2991.5707647174013	1200	29.39167146223667	0.0	639204	8845.179068365325	1.3590429	0.29999999999999993
3001.853994926096	1200	23.10844125354179	0.0	586839	10283.23020869488	1.4204664	1.2
3010.8264230169443	1850	18.136013162693548	0.0	891604	8972.428090848241	1.3323927	1.2000000000000002
3016.7145440034465	1200	16.247892176191193	0.0	616206	5888.120986502354	1.3973578	0.5499999999999999
3019.635590307566	750	17.326845872071686	0.0	401853	2921.0463041195035	1.3330352	0.3
3022.9554591532565	1200	18.006977026381	0.0	536667	3319.868845690686	1.3347192	0.75
3025.1470738619114	750	19.815362317725747	0.0	359903	2191.6147086552564	1.4317148	0.3
3033.947381818085	2850	15.015054361552284	0.0	1480464	8800.307956173463	1.3859537	0.75
3037.8518045718733	1200	15.110631607763914	0.0	696376	3904.4227537883717	1.5082053	-0.44999999999999996
3044.129282418889	1850	12.833153760748555	0.0	758197	6277.477847015358	1.3964818	1.2000000000000002
3045.2735861072147	300	15.688850072423161	0.0	153605	1144.3036883253938	1.365293	-1.25
3046.336824367159	300	18.625611812478724	0.0	149029	1063.2382599444356	1.2254506	0.3
3048.8172670390777	750	20.145169140560057	0.0	358218	2480.4426719186686	1.2797513	0.3
3053.756800213544	1200	19.205635966093567	0.0	620283	4939.533174466491	1.3792464	0.75
3058.9307211479527	1200	18.03171503168507	0.0	584349	5173.920934408497	1.4117703	1.2
3062.0348656040865	750	18.927570575551506	0.0	412837	3104.144456133567	1.3874377	0.3
3063.3753554667583	300	21.58708071287958	0.0	179328	1340.4898626719269	1.3669902	-0.15000000000000002
3064.515264277126	300	24.447171902512462	0.0	159914	1139.908810367118	1.3389503	0.3
3066.402805548456	750	26.559630631181953	0.0	321064	1887.5412713305095	1.3899233	0.3
3069.024877665653	750	27.937558513985326	0.0	361565	2622.0721171966293	1.5201861	0.75
3075.4719335376626	1850	25.490502641975834	0.0	908665	6447.055872009492	1.5156246	0.75
3079.1086334605325	1200	25.853802719105925	0.0	587506	3636.699922869907	1.6426326	0.5499999999999999
3082.0256504245735	750	26.93678575506476	0.0	345516	2917.0169640411646	1.6182904	0.3
3085.7079091775777	750	27.254527002060897	0.0	384505	3682.2587530038654	1.5308603	0.75
3093.194152272379	1200	23.768283907259402	0.0	599477	7486.243094801491	1.5329585	0.75
3096.9263198888752	1200	24.036116290763132	0.0	634861	3732.1676164962705	1.5058576	1.2
3099.3227296618657	750	25.63970651777294	0.0	398987	2396.4097729901946	1.6606102	0.3
3103.097285057562	1200	25.865151122075996	0.0	638661	3774.5553956969406	1.6239736	0.75
3106.0451305514657	1200	26.917305628172798	0.0	538612	2947.845493903199	1.6886277	1.2
3114.6389269274764	2850	22.32350925216222	0.0	1364537	8593.796376010578	1.6815107	1.2000000000000002

