7635.738470907118	750	4.0	10.535228578788095	450283	10535.228578788096	1.1457311	-44.551482888788804
7637.129317855651	300	6.609153051467327	0.0	155580	1390.8469485326723	0.060608536	-0.15000000000000002
7638.811909793749	300	8.926561113369436	0.0	139857	1682.5919380978908	0.7836353	0.3
7643.82658001729	750	7.911890889828095	0.0	382355	5014.670223541341	0.9742742	0.3
7646.076484591527	300	9.661986315591022	0.0	163442	2249.904574237073	0.9397101	-0.15000000000000002
7647.739335119435	300	11.999135787683688	0.0	126289	1662.8505279073347	0.9420177	0.3
7656.068312035408	1200	7.670158871710826	0.0	561791	8328.976915972862	1.0344282	0.29999999999999993
7666.6245895569755	750	4.0	2.886118649856311	437162	10556.277521567137	0.9164625	-12.110310194382137
7670.819119775052	300	4.0	0.19453021807727328	150710	4194.530218077273	0.033817396	-0.986479937732275
7673.367687955709	300	5.451431819343086	0.0	139105	2548.5681806569137	0.042880908	0.3
7675.750504050691	300	7.068615724360361	0.0	141840	2382.8160949827256	0.2162686	0.3
7678.614969765828	300	8.204150009223998	0.0	156148	2864.4657151363617	0.38032532	0.3
7681.71481953584	300	9.104300239211758	0.0	160746	3099.8497700122402	0.49747893	0.3
7684.669819781047	300	10.149299994004853	0.0	179801	2955.0002452069057	0.5871283	0.3
7687.303106752859	300	11.516013022192707	0.0	140051	2633.286971812145	0.75995046	0.3
7689.948151818734	300	12.870967956318097	0.0	138313	2645.0450658746104	0.9184393	0.3
7696.94674518853	750	9.872374586521337	0.0	360831	6998.593369796759	0.99605274	0.3
7698.767814545516	300	12.051305229535595	0.0	150616	1821.0693569857406	0.9034817	-0.15000000000000002
7705.523139397901	1200	9.295980377150318	0.0	639204	6755.324852385277	1.0215704	0.29999999999999993
7716.413447781581	1200	4.0	1.5943280065296166	586839	10890.308383679934	1.0876633	-5.655610428077351
7719.049147744943	300	5.364300036638235	0.0	157671	2635.699963361765	0.13073096	-0.6000000000000001
7721.630009407288	300	6.783438374294015	0.0	157812	2580.8616623442203	0.23718509	0.3
7724.025244405284	300	8.388203376297493	0.0	163927	2395.234997996521	0.37129664	0.3
7725.839909743406	300	10.573538038175244	0.0	137654	1814.6653381222493	0.6098851	0.3
7727.717216274315	300	12.69623150726536	0.0	146754	1877.3065309098833	0.92807734	0.3
7729.329417998372	300	15.084029783208717	0.0	153938	1612.2017240566443	1.0252775	0.3
7731.259589227926	300	17.153858553655343	0.0	181901	1930.1712295533741	1.1131026	0.3
7732.6796443031735	300	19.733803478407353	0.0	111155	1420.0550752479905	1.1678302	0.3
7734.602239539422	300	21.811208242159083	0.0	153605	1922.595236248271	1.2167519	0.3
7736.997687113071	300	23.415760668510174	0.0	149029	2395.4475736489085	1.2543818	0.3
7745.626374191288	750	18.787073590293335	0.0	358218	8628.68707821684	1.2689275	0.3
7760.165267761095	1200	8.248180020486615	0.0	620283	14538.89356980672	1.1965338	0.75
7771.477612456079	750	4.0	3.064164674498383	369834	11312.344694984997	0.3715437	-12.875908100343045
7775.691915210383	300	4.0	0.2143027543033304	163444	4214.30275430333	0.012613456	-1.0715018435043207
7779.320302616013	300	4.371612594370456	0.0	179328	3628.387405629544	0.017196434	0.3
7782.69984451976	300	4.992070690623549	0.0	159914	3379.541903746908	0.022401255	0.3
7784.474248364465	300	7.217666845917471	0.0	131610	1774.4038447060773	0.035761967	0.3
7786.75036071457	300	8.941554495813353	0.0	124011	2276.1123501041184	0.32621202	0.3
7790.116661065011	300	9.575254145373002	0.0	144254	3366.3003504403514	0.49013287	0.3
7793.991965223471	300	9.69994998691129	0.0	149991	3875.3041584617094	0.45833933	0.3
7797.499388602236	300	10.19252660814773	0.0	147968	3507.42337876356	0.49530712	0.3
7804.270329848106	750	7.421585362276978	0.0	384505	6770.941245870754	0.679072	0.3
7806.359092774319	300	9.332822436064001	0.0	145210	2088.762926212975	0.4484678	-0.15000000000000002
7809.193961409247	300	10.497953801135099	0.0	172312	2834.8686349289037	0.8234215	0.3
7811.432204429488	300	12.259710780895347	0.0	167025	2238.2430202397522	0.9731502	0.3
7813.130926875326	300	14.56098833505696	0.0	160064	1698.7224458383857	1.0956088	0.3
7814.393389334146	300	17.29852587623697	0.0	137507	1262.4624588199902	1.2353661	0.3
7816.010585629112	300	19.681329581270997	0.0	118421	1617.1962949659708	1.3373841	0.3

