5625.69350305919	750	4.0	6.3928079957343495	450283	6392.80799573435	1.0718305	-26.7390743816577
5626.76259066893	300	6.93091239026107	0.0	155580	1069.0876097389298	0.4094458	-0.15000000000000002
5628.248365385414	300	9.445137673777062	0.0	139857	1485.7747164840077	0.8271861	0.3
5630.291924741196	300	11.40157831799436	0.0	155432	2043.559355782702	0.9098854	0.3
5632.327435594711	300	13.366067464480084	0.0	163442	2035.5108535142779	0.9567898	0.3
5633.298743620623	300	16.39475943856815	0.0	126289	971.3080259119344	1.064661	0.3
5637.374698548007	1200	16.318804511184634	0.0	561791	4075.954927383519	1.2054727	0.29999999999999993
5638.694968924758	300	18.9985341344334	0.0	173849	1320.2703767512357	1.3443906	-0.6000000000000001
5639.795571273992	300	21.897931785199205	0.0	150710	1100.6023492341915	1.3471618	0.3
5640.927403790235	300	24.766099268955088	0.0	139105	1131.8325162441195	1.3793923	0.3
5646.575845631813	1200	23.117657427377683	0.0	607410	5648.441841577406	1.4010602	0.29999999999999993
5650.908351295411	1200	22.785151763779197	0.0	594078	4332.505663598484	1.4626853	1.2
5655.792319803724	1200	21.90118325546694	0.0	624282	4883.968508312261	1.4801955	1.2
5659.801424898009	750	21.89207816118186	0.0	434409	4009.1050942850784	1.4665828	0.3
5660.838353083737	300	24.855149975453365	0.0	140051	1036.928185728495	1.4382308	-0.15000000000000002
5663.08801726428	750	26.605485794910486	0.0	366214	2249.6641805428794	1.4242228	0.3
5663.9254910724585	300	29.7680119867332	0.0	143509	837.4738081772865	1.4871435	-0.15000000000000002
5670.350332353391	1850	27.34317070579982	0.0	885714	6424.841280933379	1.4820342	0.30000000000000004
5677.613094885607	1200	24.080408173584235	0.0	639204	7262.762532215586	1.5722675	0.5499999999999999
5678.5826961410785	300	27.11080691811355	0.0	140881	969.601255470683	1.4734974	-0.6000000000000001
5684.383987403831	1850	25.309515655360293	0.0	891604	5801.291262753256	1.4781893	0.30000000000000004
5695.264561880107	2850	18.428941179084635	0.0	1468126	10880.57447627566	1.5742981	1.85
5701.8003473258195	1850	15.893155733371769	0.0	968026	6535.785445712867	1.5357683	0.8500000000000001
5707.04054546786	1850	14.652957591331585	0.0	874175	5240.1981420401835	1.4865841	1.85
5709.972625294698	1200	15.720877764493338	0.0	587236	2932.0798268382478	1.464145	0.5499999999999999
5713.103180837543	1200	16.590322221649163	0.0	590335	3130.5555428441744	1.4679084	1.2
5717.826603106193	750	15.866899952998562	0.0	425781	4723.422268650602	1.4737865	0.3
5720.600312458053	750	17.093190601138406	0.0	277716	2773.709351860158	1.3392382	0.75
5724.991830929108	750	16.701672130083757	0.0	400396	4391.51847105465	1.3515239	0.75
5728.5266905119215	750	17.166812547269924	0.0	400508	3534.859582813831	1.3329918	0.75
5731.763895265516	1200	17.92960779367518	0.0	570392	3237.204753594743	1.3852693	0.75
5732.710985346558	300	20.982517712632124	0.0	157488	947.0900810430563	1.4925827	-0.6000000000000001
5733.911607559303	300	23.781895499887852	0.0	143881	1200.6222127442754	1.4453491	0.3
5737.024108762171	750	24.669394297019956	0.0	412837	3112.5012028678943	1.4538007	0.3
5738.464092947487	300	27.229410111704226	0.0	179328	1439.9841853157288	1.5050666	-0.15000000000000002
5741.215497683955	750	28.47800537523642	0.0	365161	2751.404736467805	1.5023117	0.3
5750.874197896844	1850	22.81930516234691	0.0	728962	9658.700212889511	1.5736843	0.75
5764.271956736275	1200	13.42154632291532	0.0	575591	13397.75883943159	1.5307088	0.5499999999999999
5770.090339785649	1200	11.603163273541155	0.0	605884	5818.383049374166	1.1850052	1.2
5773.3468989117155	750	12.346604147475107	0.0	390680	3256.559126066048	1.2265933	0.3
5776.1304366350205	750	13.563066424170257	0.0	345516	2783.5377233048494	1.229461	0.75
5777.366841338686	300	16.326661720505008	0.0	161857	1236.4047036652503	1.2780205	-0.15000000000000002
5780.176978278667	750	17.5165247805239	0.0	372093	2810.1369399811088	1.323139	0.3
5784.128072710029	1200	17.565430349162032	0.0	634861	3951.0944313618693	1.3767887	0.75
5786.017056045204	750	19.676447013986056	0.0	398987	1888.9833351759723	1.4849241	0.3
5790.814672026737	1850	18.878831032453878	0.0	982064	4797.615981532183	1.5612531	0.75
5795.677025974413	1850	18.016477084777943	0.0	830730	4862.353947675934	1.6016246	1.85
5797.978022942359	750	19.71548011683182	0.0	314107	2300.9969679461237	1.5814806	-0.3500000000000001

