25337.63042002101	750	4.0	6.6911010369313795	450283	6691.10103693138	1.2428111	-28.021734458804932
25339.469482541313	300	6.160937479695716	0.0	155580	1839.0625203042848	0.32848173	-0.15000000000000002
25340.838504062656	300	8.791915958355675	0.0	139857	1369.0215213400395	0.67845035	0.3
25342.085263392644	300	11.545156628364916	0.0	155432	1246.7593299907599	1.0040529	0.3
25348.173097301802	1200	9.457322719206022	0.0	652874	6087.833909158892	1.1033641	0.29999999999999993
25356.7374711054	1200	4.892948915609046	0.0	520315	8564.373803596976	1.1532483	1.2
25361.2013470705	300	4.429072950510144	0.0	153295	4463.875965098901	0.4504528	-0.6000000000000001
25365.039598562427	300	4.5908214585852365	0.0	173849	3838.2514919249084	0.12552993	0.3
25370.20899530737	300	4.0	0.5785752863591288	150710	5169.396744944365	0.09712398	-2.187873731344254
25375.060501330827	300	4.0	0.8515060234540152	139105	4851.506023454015	0.02775088	-3.361475900852265
25379.148498564413	300	4.0	0.08799723359008976	141840	4087.9972335900898	0.017953321	-0.07838810443738597
25383.463217349014	300	4.0	0.31471878460000335	156148	4314.718784600003	0.017943384	-1.0532907737800143
25387.508809655825	300	4.0	0.04559230680963628	160746	4045.5923068096363	0.012859447	0.10395308071856399
25390.988554102045	300	4.520255553781037	0.0	179801	3479.7444462189637	0.011316119	0.3
25393.335594665456	300	6.173214990368964	0.0	140051	2347.040563412073	0.02120087	0.3
25395.701185197988	300	7.807624457839187	0.0	138313	2365.590532529777	0.16564664	0.3
25404.02419379297	750	4.0	0.5153841371465296	360831	8323.008594985717	0.34493893	-1.9161517897300773
25406.077277964145	300	5.946915828828344	0.0	150616	2053.0841711716557	0.019072404	-0.15000000000000002
25407.331715879664	300	8.692477913308617	0.0	165384	1254.4379155197291	0.20254609	0.3
25408.287173450914	300	11.737020342058784	0.0	140881	955.4575712498314	0.812449	0.3
25409.189360819266	300	14.834832973707856	0.0	157671	902.1873683509273	1.0552344	0.3
25413.23724742546	1200	14.786946367514927	0.0	616206	4047.8866061929284	1.1829203	0.29999999999999993
25415.703919527856	750	16.320274265121085	0.0	401853	2466.67210239384	1.3282838	0.3
25416.686330618857	300	19.337863174118116	0.0	137654	982.4110910029727	1.2949113	-0.15000000000000002
25419.19361243256	750	20.83058136041785	0.0	359903	2507.2818137002705	1.2409301	0.3
25425.331931156285	1850	18.6922626366895	0.0	905935	6138.318723728348	1.3561656	0.75
25431.45698176275	1850	16.567212030224987	0.0	1076599	6125.050606464513	1.473466	1.85
25433.213222225342	750	18.810971567632222	0.0	277716	1756.2404625927632	1.4682419	-0.3500000000000001
25435.2765979681	750	20.74759582487488	0.0	400396	2063.3757427573396	1.367933	0.75
25437.496504256844	750	22.527689536126893	0.0	400508	2219.9062887479877	1.4194337	0.75
25438.31725366009	300	25.706940132882984	0.0	157421	820.7494032439093	1.4314711	-0.15000000000000002
25439.170921210603	300	28.853272582371478	0.0	157488	853.6675505115041	1.4002905	0.3
25439.97831755673	300	32.04587623624098	0.0	143881	807.3963461305048	1.4231421	0.3
25442.11636898859	750	33.907824804381306	0.0	412837	2138.0514318596724	1.450618	0.3
25444.373984616494	750	35.65020917648326	0.0	401088	2257.6156278980475	1.5731899	0.75
25446.60238583481	750	37.42180795816565	0.0	365161	2228.4012183176073	1.5968989	0.75
25451.849738976267	1850	36.1744548167104	0.0	728962	5247.353141455248	1.624061	0.75
25454.67188625013	750	37.352307542843974	0.0	361565	2822.1472738664256	1.647766	-0.3500000000000001
25459.85596775683	1200	36.16822603614395	0.0	605884	5184.08150670003	1.6243358	0.75
25465.058929048515	1850	34.96526474445965	0.0	930577	5202.9612916842925	1.6881194	1.2000000000000002
25473.773803633456	2850	30.250390159520933	0.0	1339500	8714.874584938718	1.4231378	1.85
25486.719374179873	4300	21.304819613104172	0.0	2184571	12945.570546416759	1.0963192	2.8499999999999996
25494.771199249943	2850	17.252994543037172	0.0	1343002	8051.825070067	1.1731057	1.4000000000000001
25501.011266842346	1850	15.01292695063414	0.0	973972	6240.067592403032	1.5639886	0.8500000000000001
25509.215954693973	1850	10.808239099006318	0.0	958994	8204.687851627823	1.5733838	1.85
25510.335031744944	300	13.689162048034529	0.0	160064	1119.0770509717893	1.3466341	-1.25
25513.71631948197	1200	14.30787431101153	0.0	538612	3381.2877370229985	1.3135638	0.29999999999999993
25519.9250666605	1850	12.099127132480472	0.0	846370	6208.747178531057	1.5268366	1.2000000000000002

