15372.822805226746	750	4.0	2.8275693741498356	450283	2827.5693741498358	0.79355603	-11.408548308844292
15373.655405623269	300	7.167399603477153	0.0	155580	832.600396522847	0.66450936	-0.15000000000000002
15374.370656664863	300	10.452148561881389	0.0	139857	715.2510415957636	0.8983472	0.3
15375.027575395503	300	13.79522983124204	0.0	155432	656.918730639351	1.077314	0.3
15375.840579222364	300	16.982226004379303	0.0	163442	813.0038268627351	1.2642618	0.3
15378.51815977668	750	18.30464545006293	0.0	318564	2677.580554316372	1.3550564	0.3
15381.544451386824	300	19.27835383991891	0.0	153295	3026.2916101440246	1.37849	-0.15000000000000002
15383.862761593227	300	20.960043633514335	0.0	173849	2318.3102064045734	1.2707679	0.3
15386.737954924381	300	22.08485030235998	0.0	150710	2875.1933311543567	1.3351835	0.3
15393.50555152898	750	19.317253697760897	0.0	362795	6767.59660459908	1.3225887	0.3
15400.172692884744	750	16.650112341998252	0.0	353220	6667.141355762648	1.2941889	0.75
15415.192050406153	1200	5.630754820588851	0.0	594078	15019.3575214094	1.2150636	0.75
15417.933701238217	300	6.889103988525174	0.0	160746	2741.6508320636763	0.36449048	-0.6000000000000001
15421.365038090467	300	7.457767136275257	0.0	179801	3431.3368522499163	0.51528156	0.3
15428.806067261252	750	4.016737965491051	0.0	337059	7441.029170784206	0.5915263	0.3
15431.964826696107	300	4.857978530637149	0.0	138313	3158.759434853902	0.018893402	-0.15000000000000002
15434.69923663255	300	6.123568594194841	0.0	143509	2734.409936442308	0.068000115	0.3
15437.316413997325	300	7.506391229419992	0.0	150616	2617.1773647748487	0.06610501	0.3
15440.389026097519	300	8.433779129225062	0.0	165384	3072.6121001949305	0.31519338	0.3
15447.624438407847	750	5.198366818896913	0.0	350713	7235.412310328149	0.6725566	0.3
15453.00344017607	300	4.0	0.1806349493252992	157671	5379.001768222212	0.10794005	-0.9267302820987865
15455.881155685129	300	5.122284490940584	0.0	157812	2877.715509059416	0.025431618	0.3
15457.380937669195	300	7.622502506874596	0.0	163927	1499.7819840659877	0.08448093	0.3
15458.598528243147	300	10.40491193292321	0.0	137654	1217.590573951388	0.6366171	0.3
15462.017346964547	750	10.986093211521776	0.0	359903	3418.8187214014333	0.92525315	0.3
15465.427470109804	750	11.57597006626649	0.0	379700	3410.1231452552856	1.017774	0.75
15470.895632031263	750	10.107808144808073	0.0	425781	5468.161921458418	1.0449018	0.75
15472.631453582859	300	12.371986593212181	0.0	111155	1735.8215515958934	0.9913417	-0.15000000000000002
15475.091452256162	300	13.91198791990935	0.0	153605	2459.9986733028313	1.0044416	0.3
15479.800063594535	1200	13.203376581536228	0.0	641447	4708.6113383731235	1.0625293	0.29999999999999993
15483.798511653687	1200	13.204928522384025	0.0	570392	3998.448059152203	1.2841972	1.2
15490.22552542049	1200	10.777914755581621	0.0	620283	6427.013766802404	1.3201302	1.2
15497.948278616412	750	7.05516155966159	0.0	369834	7722.753195920031	1.1481798	0.3
15500.683337647648	300	8.320102528425403	0.0	163444	2735.0590312361865	0.50966275	-0.15000000000000002
15503.613297402018	300	9.390142774055041	0.0	179328	2929.959754370362	0.7484334	0.3
15507.691306685076	750	9.312133490998596	0.0	365161	4078.0092830564445	0.8205339	0.3
15508.860364611122	300	12.143075564951864	0.0	131610	1169.05792604673	0.9559013	-0.15000000000000002
15510.1265084409	300	14.876931735173532	0.0	124011	1266.143829778333	1.0721529	0.3
15512.818026840878	750	16.185413335195012	0.0	378327	2691.5183999785204	1.172045	0.3
15513.535154286175	300	19.46828588989705	0.0	149991	717.1274452979615	1.3484516	-0.15000000000000002
15518.214692779586	1850	18.78874739648766	0.0	858450	4679.538493409389	1.477083	0.30000000000000004
15522.36005376897	750	18.64338640710416	0.0	384505	4145.360989383504	1.5561934	-0.3500000000000001
15524.564833663468	300	20.438606512607805	0.0	145210	2204.779894496355	1.457316	-0.15000000000000002
15527.237435599283	300	21.766004576791037	0.0	172312	2672.60193581677	1.4229125	0.3
15538.297513302889	1200	14.705926873185863	0.0	630203	11060.077703605175	1.4293919	0.29999999999999993
15541.67293227002	300	15.330507906054686	0.0	160064	3375.4189671311765	1.2833543	-0.6000000000000001
15546.483040330158	300	14.520399845915723	0.0	137507	4810.108060138963	1.2267426	0.3
15549.860899443162	300	15.142540732913782	0.0	118421	3377.8591130019413	1.1054589	0.3

