8751.266605964445	750	4.0	4.8551176236478435	450283	4855.117623647843	1.1944993	-20.127005781685725
8752.763818065458	300	6.502787898988277	0.0	155580	1497.2121010117223	0.52546954	-0.15000000000000002
8754.051123050296	300	9.215482914147731	0.0	139857	1287.3049848405465	0.8964356	0.3
8756.763833850811	750	10.502772113631469	0.0	382355	2712.7108005162636	1.0354685	0.3
8760.82098262896	1200	10.445623335483841	0.0	652874	4057.148778147627	1.1820656	0.75
8761.606614958651	300	13.659991005793156	0.0	126289	785.6323296906844	1.269666	-0.6000000000000001
8762.542965910323	300	16.7236400541212	0.0	153295	936.3509516719536	1.1935031	0.3
8765.417016159641	750	17.84958980480431	0.0	437162	2874.0502493168938	1.2342505	0.3
8769.294362132718	1200	17.972243831727223	0.0	584846	3877.3459730770833	1.3049172	0.75
8771.005027869516	750	20.261578094926467	0.0	362795	1710.665736800756	1.3789579	0.3
8771.758246875721	300	23.508359088723545	0.0	141840	753.2190062029222	1.3843077	-0.15000000000000002
8775.093401567075	1200	24.173204397367936	0.0	594078	3335.1546913556094	1.3281183	0.29999999999999993
8780.387474326577	1200	22.879131637866823	0.0	624282	5294.072759501112	1.4603027	1.2
8781.780343726656	300	25.48626223778754	0.0	179801	1392.8694000792852	1.4079624	-0.6000000000000001
8785.468469401361	1200	25.798136563082412	0.0	526950	3688.1256747051275	1.323141	0.29999999999999993
8788.341218766529	750	26.925387197914766	0.0	366214	2872.749365167647	1.460863	0.3
8791.156451088187	750	28.110154876257223	0.0	360831	2815.232321657541	1.4009247	0.75
8792.245986610165	300	31.02061935427964	0.0	150616	1089.5355219775847	1.413282	-0.15000000000000002
8798.088998913227	1200	29.177607051217187	0.0	639204	5843.012303062451	1.3802569	0.29999999999999993
8800.626460402846	750	30.64014556159726	0.0	350713	2537.461489619923	1.4655044	0.3
8804.24479867356	1200	31.02180729088223	0.0	601738	3618.3382707150336	1.4438268	0.75
8811.366862878911	1850	27.899743085532197	0.0	955231	7122.0642053500305	1.5375322	1.2000000000000002
8815.263081368259	1200	28.00352459618587	0.0	656471	3896.2184893463264	1.550301	0.5499999999999999
8823.134492725356	1850	24.132113239088007	0.0	874175	7871.411357097863	1.5204203	1.2000000000000002
8830.238260535632	1200	21.028345428810653	0.0	587236	7103.767810277358	1.4930985	0.5499999999999999
8835.395191898482	1850	19.87141406596233	0.0	905935	5156.93136284832	1.376306	1.2000000000000002
8839.572089264497	1200	19.6945166999473	0.0	696376	4176.8973660150305	1.5328957	0.5499999999999999
8843.75937465819	1850	19.50723130625518	0.0	758197	4187.285393692119	1.454982	1.2000000000000002
8846.186952097247	750	21.079653867198157	0.0	400396	2427.5774390570236	1.5464385	-0.3500000000000001
8848.747237817428	750	22.51936814701818	0.0	400508	2560.285720179977	1.4102621	0.75
8851.359190883242	750	23.90741508120393	0.0	358218	2611.9530658142517	1.4204673	0.75
8862.14431404408	1850	17.122291920365466	0.0	954453	10785.12316083846	1.4214526	0.75
8865.551243487005	750	17.7153624774398	0.0	369834	3406.9294429256665	1.3369739	-0.3500000000000001
8867.455857574409	300	19.810748390037755	0.0	163444	1904.6140874020482	1.3222055	-0.15000000000000002
8873.53726358314	750	17.72934238130571	0.0	401088	6081.406008732045	1.2713983	0.3
8876.299820289092	750	18.966785675353357	0.0	365161	2762.5567059523523	1.2670246	0.75
8882.867205870047	1850	16.39940009439875	0.0	728962	6567.385580954607	1.3959852	0.75
8887.811887147442	1200	15.45471881700442	0.0	575591	4944.681277394329	1.4702146	0.5499999999999999
8893.91678094543	1200	13.349825019015908	0.0	605884	6104.89379798851	1.3881805	1.2
8905.090743637118	1200	6.175862327326924	0.0	587506	11173.962691688985	1.2969766	1.2
8908.929643185957	300	6.336962778489822	0.0	147968	3838.899548837102	0.4167	-0.6000000000000001
8912.265494235502	300	7.00111172894347	0.0	161857	3335.8510495463524	0.29994804	0.3
8915.0013811092	300	8.265224855247684	0.0	145210	2735.886873695785	0.39250723	0.3
8918.908012541631	300	8.358593422815728	0.0	172312	3906.631432431958	0.6064001	0.3
8923.589623686814	300	7.676982277632446	0.0	167025	4681.611145183282	0.52686036	0.3
8935.777461989057	750	4.0	4.510856024609114	393804	12187.83830224156	0.3646742	-19.09668090581919
8938.570447303871	300	5.207014685186054	0.0	137507	2792.985314813946	0.010015495	-0.15000000000000002
8940.492344454915	300	7.285117534141839	0.0	118421	1921.8971510442152	0.06518042	0.3

