380.7343675849816	750	4.0	6.619212714537035	450283	6619.212714537035	1.3051895	-27.71261467250925
382.84532992923255	300	5.8890376557490836	0.0	155580	2110.9623442509164	0.3375172	-0.15000000000000002
384.6513919330218	300	8.082975651959863	0.0	139857	1806.0620037892206	0.5808962	0.3
387.36897984413747	300	9.365387740844167	0.0	155432	2717.587911115697	0.92943394	0.3
393.0289888811672	750	7.705378703814394	0.0	411561	5660.009037029772	0.9294989	0.3
394.8570362100783	300	9.877331374903251	0.0	126289	1828.0473289111428	0.85610557	-0.15000000000000002
398.4044389109863	300	10.329928673995266	0.0	153295	3547.4027009079846	0.9491522	0.3
404.8072250343509	750	7.927142550630688	0.0	437162	6402.786123364578	0.90637916	0.3
406.72848477406114	300	10.005882810920426	0.0	150710	1921.259739710261	0.72132605	-0.15000000000000002
411.1462390705286	750	9.588128514452947	0.0	362795	4417.754296467479	0.9471618	0.3
412.7172569433986	300	12.017110641582983	0.0	141840	1571.017872869963	1.018097	-0.15000000000000002
417.09494385199196	750	11.63942373298961	0.0	405134	4377.686908593373	1.0462085	0.3
418.28827068459185	300	14.446096900389733	0.0	160746	1193.3268325998756	1.1029254	-0.15000000000000002
425.01752254393176	1200	11.716845041049817	0.0	687371	6729.251859339916	1.1750942	0.29999999999999993
427.9800955723686	750	12.754272012613018	0.0	337059	2962.573028436798	1.1869973	0.3
429.1068074287794	300	15.627560156202206	0.0	138313	1126.7118564108139	1.1859181	-0.15000000000000002
431.63217538889137	750	17.102192196090286	0.0	360831	2525.367960111919	1.1934494	0.3
432.73146379640855	300	20.00290378857309	0.0	150616	1099.2884075171964	1.308933	-0.15000000000000002
440.39004466616746	1850	16.344322918814164	0.0	987708	7658.580869758928	1.2707958	0.30000000000000004
448.1788416657766	1850	12.55552591920508	0.0	923755	7788.796999609084	1.4012094	1.85
450.21013271538885	300	14.524234869592819	0.0	157671	2031.2910496122602	1.3151917	-1.25
457.06799726896764	1200	11.66637031601402	0.0	616206	6857.864553578797	1.1243271	0.29999999999999993
467.83075875309316	1200	4.903608831888443	0.0	656471	10762.761484125578	1.1720536	1.2
470.2799093045799	300	6.45445828040176	0.0	137654	2449.150551486683	0.28370765	-0.6000000000000001
472.43861219203166	300	8.29575539295002	0.0	146754	2158.7028874517396	0.39181238	0.3
476.34077516816717	750	8.393592416814442	0.0	379700	3902.1629761355784	0.697407	0.3
477.83946392860156	300	10.894903656380079	0.0	181901	1498.6887604343651	0.94715023	-0.15000000000000002
478.7160136609473	300	14.01835392403439	0.0	111155	876.5497323456902	1.019353	0.3
479.9301933097752	300	16.804174275206478	0.0	153605	1214.1796488279113	1.1488099	0.3
481.23233661655684	300	19.502030968424798	0.0	149029	1302.1433067816806	1.2027447	0.3
482.5302038405089	300	22.204163744472794	0.0	157421	1297.8672239520067	1.2295133	0.3
484.2436225974181	300	24.490744987563566	0.0	157488	1713.4187569092278	1.291632	0.3
492.9762964547949	1200	19.758071130186696	0.0	584349	8732.673857376865	1.3023134	0.29999999999999993
501.3554216863209	1200	15.3789458986608	0.0	670129	8379.125231525897	1.3160506	1.2
506.09568615273236	750	14.638681432249333	0.0	401088	4740.264466411468	1.251783	0.3
512.5394103639688	1200	12.194957221012817	0.0	598727	6443.7242112365175	1.2231526	0.75
516.32509642362	750	12.409271161361643	0.0	321064	3785.6860596511747	1.2259855	0.3
525.2999900607982	1200	7.434377524183439	0.0	575591	8974.893637178204	1.1749641	0.75
527.7542877191634	300	8.980079865818338	0.0	144254	2454.2976583651025	0.7771545	-0.6000000000000001
530.0884848122467	300	10.645882772734893	0.0	149991	2334.1970930834445	0.8076882	0.3
537.5948273777261	1200	7.1395402072556085	0.0	566904	7506.3425654792845	0.9967444	0.29999999999999993
546.3050198026535	1200	4.0	1.5706522176719317	641452	8710.19242492754	0.80533934	-5.553804535989306
548.5489586724564	300	5.756061130197202	0.0	145210	2243.938869802798	0.17477849	-0.6000000000000001
551.5748558555921	300	6.730163947061465	0.0	172312	3025.897183135737	0.3116212	0.3
554.6893633994823	300	7.615656403171232	0.0	167025	3114.5075438902322	0.3578213	0.3
557.4802158465743	300	8.824803956079238	0.0	160064	2790.852447091994	0.42732388	0.3
560.4550648080781	300	9.849954994575457	0.0	137507	2974.8489615037815	0.6725542	0.3
563.7000366813288	300	10.604983121324832	0.0	118421	3244.9718732506253	0.7964934	0.3

