9216.809964630773	750	4.0	6.212365695121308	450283	6212.365695121308	1.4489285	-25.963172489021623
9218.317053884788	300	6.492910745984942	0.0	155580	1507.089254015058	0.4189121	-0.15000000000000002
9219.886601385384	300	8.923363245387266	0.0	139857	1569.547500597674	0.7831335	0.3
9226.259992242942	750	6.549972387829626	0.0	382355	6373.3908575576415	0.8731803	0.3
9228.066101948003	300	8.743862682769413	0.0	163442	1806.109705060213	0.7525831	-0.15000000000000002
9232.529246200116	750	8.280718430655625	0.0	318564	4463.144252113789	0.8837958	0.3
9234.494436265873	300	10.315528364898439	0.0	153295	1965.190065757186	0.8652022	-0.15000000000000002
9236.477452375319	300	12.33251225545177	0.0	173849	1983.016109446669	0.9068525	0.3
9240.552612318059	750	12.257352312711784	0.0	374758	4075.159942739986	1.0481733	0.3
9241.50722218983	300	15.302742440940946	0.0	139105	954.6098717708368	1.0702202	-0.15000000000000002
9245.698334348652	1200	15.111630282118597	0.0	607410	4191.11215882235	1.2133172	0.29999999999999993
9246.969419613437	300	17.84054501733331	0.0	156148	1271.0852647852903	1.3650758	-0.6000000000000001
9248.306009231603	300	20.503955399167523	0.0	160746	1336.5896181657838	1.2970386	0.3
9258.94368999228	1200	13.86627463848869	0.0	687371	10637.680760678833	1.3478967	0.29999999999999993
9270.85487035651	1200	5.955094274260438	0.0	526950	11911.180364228252	1.2075379	1.2
9274.533598637146	300	6.276365993622827	0.0	138313	3678.728280637611	0.7102284	-0.6000000000000001
9278.263622401277	300	6.546342229493098	0.0	143509	3730.0237641297276	0.48820144	0.3
9280.977989711248	300	7.83197491952308	0.0	150616	2714.3673099700186	0.3630446	0.3
9282.432246419985	300	10.37771821078492	0.0	165384	1454.2567087381594	0.64964986	0.3
9283.690351376332	300	13.119613254437406	0.0	140881	1258.104956347515	0.9087596	0.3
9287.196245757372	750	13.613718873398797	0.0	386472	3505.894381038608	1.0148503	0.3
9292.425140104075	1200	12.384824526695379	0.0	616206	5228.89434670342	1.1399704	0.75
9295.691690002446	750	13.11827462832256	0.0	401853	3266.5498983728176	1.2061394	0.3
9298.628241340235	750	14.181723290535205	0.0	343800	2936.5513377873563	1.1942109	0.75
9299.965734884106	300	16.844229746664947	0.0	146754	1337.4935438702553	1.2588218	-0.15000000000000002
9303.57259610756	750	17.237368523209504	0.0	379700	3606.861223455441	1.2753886	0.3
9306.0842249728	300	18.725739657971847	0.0	181901	2511.6288652376584	1.3292656	-0.15000000000000002
9317.017726541739	1200	11.792238089031807	0.0	487160	10933.50156894004	1.3000207	0.29999999999999993
9321.675311028692	300	11.134653602079597	0.0	153605	4657.584486952209	1.0691874	-0.6000000000000001
9326.636328493572	300	10.173636137197942	0.0	149029	4961.0174648816555	0.9015943	0.3
9331.256908220845	300	9.553056409926572	0.0	157421	4620.57972727137	0.8611168	0.3
9335.380251602586	300	9.429713028185024	0.0	157488	4123.343381741548	0.6836272	0.3
9344.546078536145	1200	4.263886094626274	0.0	584349	9165.82693355875	0.76977557	0.29999999999999993
9346.912402982136	300	5.897561648635681	0.0	163444	2366.324445990593	0.024262568	-0.6000000000000001
9350.972780818218	300	5.83718381255318	0.0	179328	4060.3778360825013	0.07469908	0.3
9353.586212232494	300	7.223752398277052	0.0	159914	2613.431414276127	0.050976314	0.3
9355.598427046883	300	9.21153758388754	0.0	131610	2012.214814389512	0.20177388	0.3
9357.354527572812	300	11.45543705795977	0.0	124011	1756.1005259277706	0.75865585	0.3
9359.319380027151	300	13.490584603622068	0.0	144254	1964.8524543377018	0.9102062	0.3
9366.711287233924	750	10.098677396849178	0.0	390680	7391.90720677289	1.0468588	0.3
9371.846041850908	750	8.963922779866738	0.0	345516	5134.754616982441	0.9195341	0.75
9373.42799559353	300	11.381969037243394	0.0	161857	1581.9537426233444	0.8705542	-0.15000000000000002
9374.578683901645	300	14.231280729128615	0.0	145210	1150.6883081147794	1.0203352	0.3
9378.774768591218	750	14.035196039555972	0.0	438281	4196.084689572644	1.1573554	0.3
9380.586474212145	300	16.223490418629144	0.0	167025	1811.7056209268305	1.2471246	-0.15000000000000002
9383.803241240395	750	17.006723390379744	0.0	393804	3216.7670282494	1.2476096	0.3
9388.140454220596	750	16.66951041017842	0.0	331053	4337.212980201321	1.3922243	0.75
9390.583750888669	300	18.226213742107554	0.0	118421	2443.296668070866	1.3688978	-0.15000000000000002

