24408.482932399584	750	4.0	5.558065529459364	450283	5558.065529459364	1.0020077	-23.149681776675266
24411.29065153143	300	5.192280868151962	0.0	155580	2807.719131848038	0.44319123	-0.15000000000000002
24412.67618386605	300	7.8067485335352504	0.0	139857	1385.5323346167118	0.41711572	0.3
24414.240728553574	300	10.24220384601217	0.0	155432	1564.5446875230796	0.95496064	0.3
24416.467481362186	300	12.015451037399814	0.0	163442	2226.7528086123575	1.0292752	0.3
24420.649567996705	750	11.83336440288421	0.0	318564	4182.086634515604	1.0495185	0.3
24423.188286163368	300	13.29464623621914	0.0	153295	2538.7181666650704	1.1128895	-0.15000000000000002
24429.084540182022	750	11.398392217564059	0.0	437162	5896.2540186550805	1.0535244	0.3
24431.51007193604	750	12.972860463547352	0.0	374758	2425.5317540167052	1.0525761	0.75
24435.731984665388	1200	12.750947734200794	0.0	560821	4221.912729346559	1.2342533	0.75
24438.297682270742	750	14.185250128845816	0.0	353220	2565.6976053549784	1.2892177	0.3
24442.480675715004	1200	14.00225668458469	0.0	594078	4182.993444261125	1.2532481	0.75
24449.42986745842	1850	11.053064941164568	0.0	946851	6949.191743420122	1.3265159	1.2000000000000002
24454.563782084955	1200	9.919150314627958	0.0	687371	5133.91462653661	1.3065127	0.5499999999999999
24457.150453791142	750	11.332478608443031	0.0	337059	2586.6717061849263	1.194044	0.3
24461.885184094426	1200	10.597748305157866	0.0	587876	4734.730303285165	1.1677781	0.75
24468.04809376632	1200	8.434838633261693	0.0	617242	6162.909671896172	1.2112241	1.2
24470.316764232266	300	10.166168167316345	0.0	150616	2268.6704659453503	1.0842949	-0.6000000000000001
24472.978414190675	300	11.504518208905926	0.0	165384	2661.649958410416	0.94763637	0.3
24474.240923816316	300	14.24200858326648	0.0	140881	1262.5096256394463	0.9832959	0.3
24477.725696092333	750	14.757236307249725	0.0	386472	3484.7722760167558	1.1463827	0.3
24481.84862762073	1200	14.634304778851327	0.0	616206	4122.931528398398	1.2324165	0.75
24484.781680049586	750	15.701252349993196	0.0	401853	2933.052428858132	1.3466332	0.3
24493.04970582675	1850	11.433226572828131	0.0	874175	8268.025777165065	1.2785915	0.75
24494.78374416779	300	13.699188231791421	0.0	146754	1734.038341036711	1.2606688	-1.25
24498.795082095665	750	13.687850303915981	0.0	379700	4011.3379278754405	1.1052092	0.3
24500.639175755583	300	15.84375664399611	0.0	181901	1844.0936599198706	1.1878296	-0.15000000000000002
24502.96099063245	750	17.521941767127142	0.0	277716	2321.814876868964	1.1893665	0.3
24506.785589690222	750	17.697342709356093	0.0	400396	3824.5990577710504	1.3161857	0.75
24512.82113816464	1200	15.66179423494052	0.0	641447	6035.548474415573	1.2920921	0.75
24516.118301203325	750	16.36463119625371	0.0	358218	3297.1630386868096	1.3154495	0.3
24518.025017439588	300	18.457914959988965	0.0	157488	1906.7162362647457	1.2762624	-0.15000000000000002
24531.21309412479	1850	9.269838274787439	0.0	885062	13188.076685201526	1.2263039	0.30000000000000004
24536.580060815868	750	7.902871583710978	0.0	412837	5366.96669107646	1.0492039	-0.3500000000000001
24540.699201263116	750	7.783731136463614	0.0	401088	4119.140447247364	0.7385978	0.75
24542.57159325074	300	9.911339148837666	0.0	159914	1872.3919876259483	0.87952304	-0.15000000000000002
24545.906186923698	750	10.576745475880998	0.0	321064	3334.593672956668	0.9798664	0.3
24551.985152193967	1200	8.497780205612589	0.0	575591	6078.965270268409	1.1050607	0.75
24556.74001368811	750	7.742918711471347	0.0	378327	4754.8614941412425	1.094114	0.3
24558.542156584717	300	9.940775814864843	0.0	149991	1802.1428966065046	0.8166431	-0.15000000000000002
24560.385300822538	300	12.097631577045282	0.0	147968	1843.1442378195597	0.9688325	0.3
24565.21208929852	750	11.270843101064278	0.0	384505	4826.788475981004	1.0783281	0.3
24568.194441534848	750	12.288490864737826	0.0	372093	2982.3522363264524	1.1172631	0.75
24571.503789210816	750	12.979143188768914	0.0	438281	3309.3476759689115	1.2535169	0.75
24573.289061264935	300	15.193871134648063	0.0	167025	1785.27205412085	1.2965311	-0.15000000000000002
24580.556436718885	1200	11.926495680698759	0.0	638661	7267.375453949304	1.2470288	0.29999999999999993
24583.404962531844	750	13.07796986774198	0.0	331053	2848.5258129567815	1.236152	0.3
24584.559849705318	300	15.923082694266936	0.0	118421	1154.8871734750428	1.3151109	-0.15000000000000002

