3475.028279015967	750	4.0	4.851455205977005	450283	4851.455205977005	1.679459	-20.11125738570112
3477.231943895671	300	5.796335120296149	0.0	155580	2203.664879703851	0.52588964	-0.15000000000000002
3482.773595159424	750	4.254683856543219	0.0	350812	5541.65126375293	0.6039316	0.3
3485.29121946377	300	5.737059552197051	0.0	155432	2517.624304346168	0.32328847	-0.15000000000000002
3488.711959343808	300	6.316319672159689	0.0	163442	3420.7398800373617	0.38673696	0.3
3491.478844200786	300	7.549434815181241	0.0	126289	2766.884856978448	0.36637935	0.3
3493.5184001488924	300	9.509878867075088	0.0	153295	2039.5559481061532	0.5166723	0.3
3495.040716936997	300	11.98756207897076	0.0	173849	1522.316788104328	0.90412104	0.3
3496.2641776091336	300	14.764101406834	0.0	150710	1223.4606721367597	1.0480611	0.3
3499.7643708479827	750	15.263908167984642	0.0	362795	3500.193238849357	1.1507843	0.3
3504.8558891858274	750	14.172389830140112	0.0	353220	5091.518337844531	1.2132325	0.75
3517.577614478816	1200	5.450664537151662	0.0	594078	12721.725292988449	1.1494975	0.75
3519.64976738923	300	7.378511626737281	0.0	160746	2072.152910414381	0.23260106	-0.6000000000000001
3526.005743938086	750	5.022535077881375	0.0	434409	6355.976548855907	0.60167235	0.3
3527.500578195219	300	7.527700820748523	0.0	140051	1494.834257132852	0.28801918	-0.15000000000000002
3528.886435764971	300	10.141843250996892	0.0	138313	1385.8575697516299	0.6862001	0.3
3530.2785389124106	300	12.74974010355741	0.0	143509	1392.1031474394795	0.9724395	0.3
3531.637171033082	300	15.391107982886005	0.0	150616	1358.6321206714058	1.0749336	0.3
3535.9645157643045	750	15.063763251663076	0.0	405596	4327.344731222928	1.1566302	0.3
3537.6861450322212	300	17.34213398374614	0.0	140881	1721.6292679169349	1.1851285	-0.15000000000000002
3539.6742808005815	300	19.35399821538628	0.0	157671	1988.1357683598605	1.1769588	0.3
3541.3103118026934	300	21.71796721327473	0.0	157812	1636.0310021115495	1.2025964	0.3
3546.235428397698	1200	20.79285061826995	0.0	656471	4925.116595004782	1.2616785	0.29999999999999993
3546.9958503601893	300	24.03242865577869	0.0	137654	760.4219624912583	1.4151016	-0.6000000000000001
3547.745774672034	300	27.2825043439341	0.0	146754	749.9243118445921	1.3533037	0.3
3549.934190924498	750	29.09408809146953	0.0	379700	2188.4162524645676	1.3955688	0.3
3556.2849147585803	1200	26.74336425738748	0.0	696376	6350.723834082052	1.4629458	0.75
3560.7101600763776	750	26.318118939590516	0.0	277716	4425.24531779696	1.4572406	0.3
3565.600040019877	750	25.42823899609114	0.0	400396	4889.87994349938	1.3713089	0.75
3576.5702027867405	1200	18.458076229227483	0.0	641447	10970.162766863654	1.3793888	0.75
3578.2007333645574	300	20.827545651410592	0.0	157421	1630.530577816891	1.244762	-0.6000000000000001
3582.6710853424083	1200	20.3571936735598	0.0	620283	4470.3519778507925	1.2888881	0.29999999999999993
3587.386702930332	1850	19.641576085636387	0.0	885062	4715.6175879234115	1.4537381	1.2000000000000002
3605.095052913662	2850	5.933226102306202	0.0	1587293	17708.349983330187	1.5659938	1.85
3612.1137120783046	750	4.0	1.0854330623361101	401088	7018.659164642312	0.9044929	-6.017362168045274
3613.518416081443	300	6.595295996861705	0.0	159914	1404.704003138295	0.11316023	-0.15000000000000002
3616.111125540453	750	8.002586537851732	0.0	321064	2592.709459009973	0.58748865	0.3
3617.462844946762	300	10.650867131543217	0.0	124011	1351.7194063085158	1.0338868	-0.15000000000000002
3622.6450047657195	750	9.468707312585028	0.0	378327	5182.159818958189	1.0221406	0.3
3625.239604966456	300	10.874107111848605	0.0	149991	2594.6002007364227	0.99946505	-0.15000000000000002
3633.5266541808787	750	6.587057897425946	0.0	345516	8287.04921442266	0.9698003	0.3
3636.4467459546568	300	7.666966123647859	0.0	161857	2920.091773778087	0.22553992	-0.15000000000000002
3638.367709679631	300	9.74600239867377	0.0	145210	1920.963724974088	0.4514577	0.3
3641.172030679245	300	10.941681399059599	0.0	172312	2804.3209996141723	0.94513977	0.3
3646.1530845558714	750	9.960627522433207	0.0	398987	4981.053876626392	1.0026026	0.3
3652.1459179879735	1200	7.967794090331047	0.0	638661	5992.833432102158	1.069987	0.75
3658.414287038771	1200	5.699425039533557	0.0	538612	6268.369050797491	1.1107211	1.2
3661.3890618777195	750	6.724650200584998	0.0	314107	2974.7748389485587	0.71378785	0.3

