3665.705780085414	750	4.0	4.316718207694552	450283	4316.718207694552	0.8333868	-17.81188829308657
3666.501188113819	300	7.204591971595131	0.0	155580	795.4080284048688	0.6020047	-0.15000000000000002
3668.6566065506627	750	9.049173534751091	0.0	350812	2155.41843684404	1.0952528	0.3
3673.0720654161337	1200	8.633714669280192	0.0	617681	4415.4588654709	1.1917075	0.75
3677.188420213267	750	8.51735987214677	0.0	411561	4116.354797133421	1.1995323	0.3
3678.237901378595	300	11.46787870681876	0.0	126289	1049.481165328009	1.0424254	-0.15000000000000002
3679.5166765568697	300	14.18910352854388	0.0	153295	1278.7751782748815	1.0883707	0.3
3681.3807322584744	300	16.32504782693931	0.0	173849	1864.055701604569	1.1655775	0.3
3683.6385786043575	300	18.06720148105638	0.0	150710	2257.846345882931	1.1713151	0.3
3692.2060083365636	1200	13.499771748850232	0.0	560821	8567.429732206145	1.1851956	0.29999999999999993
3696.568184089214	750	13.137595996199908	0.0	353220	4362.175752650327	1.1800008	0.3
3700.5533958152005	750	13.152384270213306	0.0	405134	3985.211725986601	1.1529741	0.75
3704.2769475615523	750	13.428832523861706	0.0	386351	3723.5517463516003	1.1834679	0.75
3708.2283363036568	750	13.477443781756913	0.0	434409	3951.3887421047925	1.2038897	0.75
3713.3082615253925	1200	12.397518560021178	0.0	526950	5079.925221735735	1.2128087	0.75
3722.2411275947275	1200	7.4646524906863725	0.0	587876	8932.866069334805	1.2511213	1.2
3723.7480955958376	300	9.95768448957654	0.0	143509	1506.9680011098344	0.8822209	-0.6000000000000001
3728.7015502490344	750	9.00422983637972	0.0	372963	4953.454653196818	0.9712915	0.3
3731.800958030229	300	9.904822055185512	0.0	165384	3099.407781194207	0.97999996	-0.15000000000000002
3736.7361255201145	750	8.969654565300093	0.0	350713	4935.167489885417	0.895134	0.3
3743.375667385391	750	6.330112700023649	0.0	386472	6639.541865276446	0.9586107	0.75
3745.2918713278964	300	8.41390875751807	0.0	157812	1916.2039425055775	0.400091	-0.15000000000000002
3747.3642508228036	300	10.341529262611022	0.0	163927	2072.3794949070484	0.742823	0.3
3750.829389468027	750	10.876390617387479	0.0	343800	3465.138645223543	0.939607	0.3
3756.252237409835	750	9.453542675579396	0.0	359903	5422.8479418080815	1.0788344	0.75
3757.7372289055593	300	11.968551179855016	0.0	153938	1484.9914957243795	0.9473006	-0.15000000000000002
3759.1723100301924	300	14.53347005522163	0.0	181901	1435.081124633387	1.0389259	0.3
3763.1720514585445	1200	14.533728626869866	0.0	487160	3999.7414283517624	1.1646854	0.29999999999999993
3764.368536487294	300	17.337243598120672	0.0	153605	1196.485028749191	1.3146873	-0.6000000000000001
3770.200111485608	1200	15.505668599806857	0.0	641447	5831.574998313817	1.2308898	0.29999999999999993
3771.227253879811	300	18.478526205603572	0.0	157421	1027.1423942032866	1.314031	-0.6000000000000001
3776.223219499711	1200	17.48256058570368	0.0	620283	4995.965619899893	1.2797272	0.29999999999999993
3778.6452827113153	750	19.060497374099178	0.0	369834	2422.063211604504	1.3776164	0.3
3783.0719396189934	1200	18.633840466420835	0.0	670129	4426.656907678341	1.376219	0.75
3787.0935712205232	1200	18.61220886489118	0.0	690253	4021.6316015296547	1.4420907	1.2
3793.250314664199	1850	16.455465421215184	0.0	943942	6156.743443675998	1.471928	1.2000000000000002
3795.2173409028887	750	18.48843918252548	0.0	321064	1967.0262386897034	1.4965935	-0.3500000000000001
3795.950851870067	300	21.75492821534698	0.0	124011	733.5109671784983	1.4236702	-0.15000000000000002
3800.9488576974272	1850	20.756922387986727	0.0	908665	4998.005827360251	1.4019171	0.30000000000000004
3803.8804808195814	1200	21.825299265832424	0.0	587506	2931.6231221543035	1.6317372	0.5499999999999999
3804.771763501538	300	24.934016583876033	0.0	147968	891.282681956392	1.6029191	-0.6000000000000001
3806.795667085321	750	26.910113000092778	0.0	384505	2023.9035837832578	1.4691972	0.3
3808.8221132235726	750	28.883666861841377	0.0	372093	2026.4461382514007	1.6118985	0.75
3816.194229829359	2850	25.51155025605537	0.0	1587250	7372.116605786007	1.6418763	0.75
3829.140732270008	4300	16.56504781540642	0.0	2124950	12946.502440648952	0.96459186	2.8499999999999996
3844.8603015785743	4300	4.845478506839992	0.0	2246506	15719.569308566426	1.4582938	4.3
3846.4238003547684	750	7.2819797306459	0.0	331053	1563.498776194092	1.2894247	-2.8
3849.3756749369145	1200	8.330105148499925	0.0	550906	2951.874582145976	1.2555348	0.75

