12473.359052785207	750	4.0	7.947206251782381	450283	7947.2062517823815	1.4651915	-33.42298688266424
12476.117445309374	300	5.241607475832228	0.0	155580	2758.392524167771	0.33909866	-0.15000000000000002
12479.284493951358	300	6.07455883384848	0.0	139857	3167.048641983749	0.5661381	0.3
12483.81037294384	300	5.548679841364558	0.0	155432	4525.878992483921	0.62527937	0.3
12486.524812963155	300	6.834239822051922	0.0	163442	2714.4400193126367	0.29965252	0.3
12493.04747788714	750	4.311574898068075	0.0	318564	6522.664923983846	0.74326867	0.3
12495.88249384257	300	5.4765589426375385	0.0	153295	2835.0159554305374	0.12705933	-0.15000000000000002
12499.384198134849	300	5.974854650359521	0.0	173849	3501.704292278018	0.24009712	0.3
12503.49858266429	300	5.860470120917559	0.0	150710	4114.384529441962	0.34529603	0.3
12507.860006081282	300	5.499046703925229	0.0	139105	4361.42341699233	0.2113176	0.3
12511.614709661155	300	5.744343124053541	0.0	141840	3754.7035798716875	0.21254018	0.3
12516.893961144808	300	4.465091640401086	0.0	156148	5279.251483652455	0.1533132	0.3
12521.099152818479	300	4.259899966729921	0.0	160746	4205.191673671165	0.051156413	0.3
12525.098152141882	300	4.260900643325676	0.0	179801	3998.999323404246	0.039607666	0.3
12526.816755917624	300	6.542296867584179	0.0	140051	1718.603775741496	0.053161338	0.3
12528.29233374384	300	9.066719041367392	0.0	138313	1475.5778262167858	0.34266746	0.3
12534.78027862759	750	6.578774157618451	0.0	360831	6487.944883748942	0.8192955	0.3
12537.95288390193	300	7.406168883277653	0.0	150616	3172.6052743407977	0.41890022	-0.15000000000000002
12541.255184173746	300	8.10386861146166	0.0	165384	3302.3002718159933	0.5364386	0.3
12543.661587387605	300	9.69746539760321	0.0	140881	2406.4032138584503	0.65866846	0.3
12548.1600269881	750	9.199025797106819	0.0	386472	4498.439600496391	0.8280555	0.3
12549.643098105596	300	11.715954679610197	0.0	157812	1483.0711174966225	0.9016741	-0.15000000000000002
12553.360289994564	750	11.998762790642944	0.0	401853	3717.1918889672534	0.97738844	0.3
12554.646072039048	300	14.712980746158705	0.0	137654	1285.7820444842391	1.0886717	-0.15000000000000002
12558.353620776483	750	15.005432008724608	0.0	359903	3707.548737434098	1.1270423	0.3
12560.054650708302	300	17.30440207690531	0.0	153938	1701.029931819299	1.2339219	-0.15000000000000002
12562.925601831108	300	18.433450954097882	0.0	181901	2870.9511228074266	1.2109693	0.3
12568.33178683313	1200	17.027265952077055	0.0	487160	5406.18500202083	1.2737482	0.29999999999999993
12578.537266569203	1200	10.821786216003755	0.0	622896	10205.4797360733	1.3544208	1.2
12585.15362332871	1200	8.205429456496148	0.0	641447	6616.356759507607	1.0393876	1.2
12588.286385335681	750	9.072667449523367	0.0	358218	3132.762006972781	0.96794266	0.3
12593.380519464234	750	7.978533320972112	0.0	400322	5094.134128551255	0.973248	0.75
12599.14412123983	750	6.214931545375348	0.0	369834	5763.601775596763	0.7764538	0.75
12601.332761110914	300	8.026291674289615	0.0	163444	2188.639871085734	0.27546102	-0.15000000000000002
12603.53488233399	300	9.824170451214798	0.0	179328	2202.1212230748183	0.48750764	0.3
12605.674936814434	300	11.684115970771323	0.0	159914	2140.054480443475	0.80099475	0.3
12607.142145829343	300	14.216906955861573	0.0	131610	1467.2090149097512	1.0006462	0.3
12608.319870652844	300	17.039182132360352	0.0	124011	1177.7248235012187	1.1257472	0.3
12609.602720734296	300	19.756332050907197	0.0	144254	1282.8500814531537	1.2650198	0.3
12613.32976022883	750	20.029292556373534	0.0	390680	3727.0394945336634	1.3720965	0.3
12614.449178448695	300	22.90987433651005	0.0	147968	1119.4182198634837	1.4483924	-0.15000000000000002
12617.071456684947	750	24.28759610025618	0.0	384505	2622.2782362538687	1.4686314	0.3
12629.556806385957	1850	15.802246399246938	0.0	886255	12485.349701009243	1.5507028	0.75
12649.619169682595	1850	4.0	4.260116897393106	973972	20062.363296640044	1.394856	-16.468502658790353
12653.427827552798	300	4.191342129798557	0.0	167025	3808.6578702014435	0.110749684	-1.25
12658.194237503436	300	4.0	0.5750678208399841	160064	4766.409950638541	0.052261885	-2.1727916296119316
12662.197788284917	300	4.0	0.0035507814812217476	137507	4003.5507814812217	0.017568134	0.2847316396307465
12665.377751254151	300	4.82003703076489	0.0	118421	3179.9629692351095	0.009862676	0.3

