23803.076101919898	750	4.0	7.528019682657206	450283	7528.0196826572055	1.595629	-31.62048463542598
23805.372456172965	300	5.7036457469296495	0.0	155580	2296.3542530703508	0.3562306	-0.15000000000000002
23810.877502829117	750	4.198599090779997	0.0	350812	5505.046656149652	0.6626823	0.3
23813.875826424075	300	5.20027549582201	0.0	155432	2998.3235949579876	0.38007087	-0.15000000000000002
23816.750632548847	300	6.325469371047966	0.0	163442	2874.806124774043	0.32120177	0.3
23821.922155601267	750	5.153946318625641	0.0	318564	5171.523052422325	0.70197624	0.3
23824.092335167425	300	6.983766752470307	0.0	153295	2170.1795661553338	0.27780163	-0.15000000000000002
23831.28753882492	1200	4.0	0.2114369050249261	709534	7195.203657495233	0.6733125	-0.6091786916071823
23833.105277543193	300	6.182261281728968	0.0	150710	1817.7387182710324	0.20280361	-0.6000000000000001
23834.503546851938	300	8.783991972982385	0.0	139105	1398.269308746582	0.545969	0.3
23835.92544423236	300	11.36209459255435	0.0	141840	1421.8973804280358	0.87586623	0.3
23837.64071773416	300	13.646821090757218	0.0	156148	1715.2735017971315	0.9653125	0.3
23841.877138819746	750	13.410400005172447	0.0	386351	4236.421085584771	1.0915602	0.3
23844.0602691798	300	15.227269645116445	0.0	179801	2183.130360056003	1.1125977	-0.15000000000000002
23845.712691705143	300	17.57484711977937	0.0	140051	1652.422525337073	1.1583449	0.3
23850.328094472636	750	16.959444352286017	0.0	366214	4615.402767493351	1.2501034	0.3
23855.126180121486	750	16.16135870343689	0.0	360831	4798.085648849126	1.2582061	0.75
23861.032891541043	750	14.254647283882386	0.0	372963	5906.711419554505	1.2512536	0.75
23869.446744535435	1200	9.840794289490624	0.0	639204	8413.852994391762	1.1065015	0.75
23870.899490633332	300	12.388048191593466	0.0	140881	1452.7460978971599	0.9916206	-0.6000000000000001
23872.661177641916	300	14.626361183006765	0.0	157671	1761.6870085867017	1.0369923	0.3
23877.541321594308	750	13.746217230613961	0.0	399894	4880.143952392803	1.1074225	0.3
23879.474215961218	300	15.813322863703656	0.0	163927	1932.894366910307	1.1031456	-0.15000000000000002
23885.698027882743	1200	13.589510942178928	0.0	536667	6223.811921524728	1.1546425	0.29999999999999993
23887.501511867395	300	15.786026957528167	0.0	146754	1803.4839846507607	1.1959966	-0.6000000000000001
23889.413520227474	300	17.87401859744704	0.0	153938	1912.008360081127	1.1468933	0.3
23891.59651164639	300	19.691027178532035	0.0	181901	2182.991418915002	1.246088	0.3
23892.86082772531	300	22.42671109961321	0.0	111155	1264.3160789188246	1.2923949	0.3
23894.64372730249	300	24.643811522436216	0.0	153605	1782.8995771769962	1.3533878	0.3
23899.66883476446	750	23.618704060464392	0.0	400508	5025.107461971826	1.3885045	0.3
23901.413526225042	300	25.87401259988046	0.0	157421	1744.6914605839354	1.4079185	-0.15000000000000002
23905.779263534125	750	25.50827529079727	0.0	400322	4365.737309083189	1.4318596	0.3
23913.153076384126	1200	22.13446244079533	0.0	584349	7373.81285000194	1.461871	0.75
23915.21495974161	300	24.072579083313016	0.0	163444	2061.8833574823097	1.4298885	-0.6000000000000001
23917.245009428603	300	26.042529396321903	0.0	179328	2030.0496869911099	1.4143951	0.3
23919.10234002713	300	28.185198797792946	0.0	159914	1857.3305985289571	1.4444329	0.3
23920.6228095523	300	30.664729272624736	0.0	131610	1520.4695251682099	1.4853532	0.3
23921.745601191797	300	33.54193763312981	0.0	124011	1122.7916394949243	1.5108953	0.3
23923.099433188563	300	36.1881056363656	0.0	144254	1353.831996764217	1.534955	0.3
23932.548896925302	1850	30.738641899626543	0.0	930577	9449.463736739053	1.566263	0.30000000000000004
23939.005560368852	1200	28.28197845607662	0.0	566904	6456.66344354992	1.5864664	0.5499999999999999
23940.52670646294	300	30.760832361985564	0.0	161857	1521.1460940910542	1.5503792	-0.6000000000000001
23945.753917121565	1200	29.533621703364	0.0	599477	5227.210658621566	1.5623802	0.29999999999999993
23955.544751020676	1850	23.742787804249208	0.0	973972	9790.833899114792	1.5814859	1.2000000000000002
23960.046794199807	750	23.240744625122215	0.0	398987	4502.043179126993	1.5449393	-0.3500000000000001
23963.142714292615	750	24.144824532310427	0.0	393804	3095.9200928117857	1.4890571	0.75
23965.405424481487	750	25.882114343437305	0.0	331053	2262.7101888731245	1.5391482	0.75
23971.45653858484	1850	23.831000240085757	0.0	846370	6051.11410335155	1.5905676	0.75

