1835.9810218820821	750	4.0	3.666539248000215	450283	3666.5392480002147	1.2707136	-15.016118766400924
1836.913269701156	300	7.067752180926023	0.0	155580	932.2478190739762	0.71821886	-0.15000000000000002
1837.9684769551723	300	10.012544926909626	0.0	139857	1055.2072540163974	1.0552913	0.3
1843.1332111369447	1200	8.847810745137213	0.0	617681	5164.734181772413	1.0974821	0.29999999999999993
1852.7320168492272	2850	4.0	0.7509949671452396	1472558	9598.805712282452	1.1760879	-2.02927835872453
1854.502922034644	750	6.2290948145833935	0.0	318564	1770.905185416606	1.2011411	-1.35
1857.0373077331922	750	7.694709116035117	0.0	352642	2534.3856985482767	1.058793	0.75
1858.1027766426212	300	10.629240206606	0.0	173849	1065.4689094291198	1.0557442	-0.15000000000000002
1859.9598101016807	750	12.77220674754657	0.0	374758	1857.033459059429	1.083225	0.3
1861.6858531005678	750	15.046163748659547	0.0	362795	1726.0429988870228	1.2791893	0.75
1864.4099450199803	750	16.32207182924694	0.0	353220	2724.091919412608	1.3231977	0.75
1866.140559038875	300	18.59145781035245	0.0	156148	1730.614018894493	1.2705321	-0.15000000000000002
1868.3713280114405	300	20.360688837786746	0.0	160746	2230.768972565699	1.1982795	0.3
1873.3730881329584	750	19.358928716268892	0.0	434409	5001.760121517853	1.2174398	0.3
1878.1451797577126	1200	18.586837091514596	0.0	526950	4772.091624754296	1.2794671	0.75
1881.4673407699506	1200	19.2646760792767	0.0	587876	3322.161012237897	1.3644618	1.2
1883.961338402046	750	20.770678447181023	0.0	360831	2493.9976320956766	1.4311944	0.3
1886.7616883603878	750	21.970328488839428	0.0	372963	2800.349958341596	1.35899	0.75
1891.5097886575925	1200	21.22222819163465	0.0	639204	4748.100297204777	1.3638127	0.75
1899.2459857647539	1200	17.486031084473172	0.0	586839	7736.197107161474	1.4214382	1.2
1913.5788117937386	1200	7.153205055488341	0.0	601738	14332.826028984831	1.293451	1.2
1915.3805125972194	300	9.351504252007606	0.0	157812	1801.7008034807359	0.34770185	-0.6000000000000001
1919.0891038075742	750	9.642913041652879	0.0	401853	3708.5912103547275	0.9155719	0.3
1920.476228432881	300	12.255788416346023	0.0	137654	1387.1246253068555	1.0607121	-0.15000000000000002
1921.7692088399592	300	14.96280800926766	0.0	146754	1292.9804070783641	1.0727187	0.3
1923.0209434481276	300	17.711073401099306	0.0	153938	1251.7346081683527	1.1789596	0.3
1924.601189033357	300	20.130827815869875	0.0	181901	1580.245585229431	1.2311163	0.3
1928.2769318111848	1200	20.45508503804209	0.0	487160	3675.7427778277856	1.2625654	0.29999999999999993
1929.5037160683657	300	23.22830078086109	0.0	153605	1226.784257181001	1.4122202	-0.6000000000000001
1933.5713314645177	1200	23.160685384709335	0.0	641447	4067.6153961517525	1.3097885	0.29999999999999993
1937.8190536004017	1850	22.912963248825346	0.0	873429	4247.7221358839915	1.4762002	1.2000000000000002
1939.7598346550694	750	24.97218219415751	0.0	400322	1940.7810546678345	1.6051245	-0.3500000000000001
1940.5357348442703	300	28.196282004956654	0.0	143881	775.9001892008553	1.4753523	-0.15000000000000002
1942.6018513982096	750	30.130165451017533	0.0	412837	2066.116553939122	1.4270309	0.3
1943.75393320822	300	32.97808364100718	0.0	179328	1152.0818100103488	1.5447204	-0.15000000000000002
1950.2445373745195	1850	30.48747947470756	0.0	943942	6490.60416629962	1.4710597	0.30000000000000004
1958.688195269295	2850	26.043821579932118	0.0	1139291	8443.657894775437	1.6731652	1.85
1962.8469413485352	1200	25.88507550069189	0.0	575591	4158.746079240227	1.572775	-0.44999999999999996
2002.0139928961437	4300	4.0	13.281976046916498	2133870	39167.05154760839	1.578729	-55.91249700174094
2005.9058474578899	300	4.108145438253743	0.0	149991	3891.854561746257	0.098399095	-3.7
2009.2608430016273	300	4.753149894516308	0.0	147968	3354.995543737435	0.061715957	0.3
2012.5323441227272	300	5.481648773416577	0.0	161857	3271.5011210997313	0.08655677	0.3
2015.1270083754912	300	6.886984520652537	0.0	145210	2594.66425276404	0.13738683	0.3
2017.7476408225514	300	8.266352073592305	0.0	172312	2620.632447060232	0.34550044	0.3
2022.7940569194466	750	7.219935976697114	0.0	398987	5046.416096895191	0.56397533	0.3
2024.3377585605908	300	9.676234335552948	0.0	160064	1543.7016411441643	0.5498795	-0.15000000000000002
2028.4682989445369	750	9.545693951607078	0.0	331053	4130.5403839458695	0.87179816	0.3
2033.74932289152	750	8.264670004623783	0.0	314107	5281.023946983295	1.0686703	0.75

