5214.392055290173	750	4.0	1.9120480482224669	450283	1912.0480482224668	0.14774	-7.471806607356607
5216.241480931963	750	6.150574358208762	0.0	398865	1849.425641791238	1.118273	0.75
5216.909862936285	300	9.482192353887395	0.0	139857	668.382004321365	1.1762884	-0.15000000000000002
5221.702545802278	1200	8.689509487894702	0.0	617681	4792.682865992694	1.1717601	0.29999999999999993
5228.822569211953	750	5.569486078220128	0.0	411561	7120.023409674574	1.1919657	0.3
5229.868340374711	300	8.52371491546267	0.0	126289	1045.771162757458	0.47967762	-0.15000000000000002
5234.295826816152	1200	8.096228474021537	0.0	561791	4427.486441441132	0.9753945	0.29999999999999993
5240.027323268032	1200	6.364732022142045	0.0	709534	5731.496451879492	1.1452353	1.2
5240.988576000238	300	9.403479289936142	0.0	150710	961.2527322059025	1.0242968	-0.6000000000000001
5244.167082351631	1200	10.224972938543234	0.0	560821	3178.506351392908	1.0312399	0.29999999999999993
5244.862834152279	300	13.529221137893922	0.0	141840	695.7518006493112	1.2703718	-0.6000000000000001
5246.81515710154	750	15.576898188633745	0.0	405134	1952.3229492601772	1.2050517	0.3
5248.786167906361	750	17.605887383812952	0.0	386351	1971.0108048207908	1.3163443	0.75
5249.760454041807	300	20.631601248366955	0.0	179801	974.2861354459958	1.341624	-0.15000000000000002
5254.206066456188	1850	20.185988833986574	0.0	821631	4445.612414380379	1.2949866	0.30000000000000004
5258.402223872885	750	19.989831417288777	0.0	366214	4196.157416697799	1.5089225	-0.3500000000000001
5261.760178308852	750	20.63187698132202	0.0	360831	3357.9544359667548	1.2952363	0.75
5266.873318218059	750	19.51873707211536	0.0	372963	5113.139909206661	1.3246824	0.75
5269.76860991424	300	20.62344537593427	0.0	165384	2895.291696181086	1.2774704	-0.15000000000000002
5278.438507188585	750	15.953548101588941	0.0	350713	8669.89727434533	1.227722	0.3
5285.4956268655105	1200	12.896428424664109	0.0	601738	7057.119676924833	1.1280851	0.75
5288.087961719281	750	14.304093570893501	0.0	399894	2592.334853770608	1.2056259	0.3
5293.973862957774	1200	12.418192332400423	0.0	656471	5885.901238493078	1.2826917	0.75
5299.44516529239	750	10.946889997784387	0.0	343800	5471.302334616038	1.2475591	0.3
5303.826418471127	750	10.565636819047235	0.0	359903	4381.253178737151	1.0395843	0.75
5307.514562708375	750	10.877492581798935	0.0	379700	3688.1442372482998	1.0513977	0.75
5308.8599774574595	300	13.53207783271446	0.0	181901	1345.4147490844755	1.0964972	-0.15000000000000002
5311.672753432375	1200	14.71930185779828	0.0	487160	2812.7759749161805	1.1576943	0.29999999999999993
5313.294357706517	750	17.097697583656473	0.0	400396	1621.604274141807	1.3895181	0.3
5316.505875476625	1200	17.886179813548303	0.0	641447	3211.5177701081698	1.4090084	0.75
5318.246482921632	750	20.145572368541266	0.0	358218	1740.6074450070394	1.4530606	0.3
5321.128110526047	1200	21.26394476412649	0.0	620283	2881.6276044147794	1.4170924	0.75
5323.432304965842	1200	22.959750324330592	0.0	584349	2304.1944397958973	1.5079732	1.2
5330.01903658101	2850	20.373018709162512	0.0	1587293	6586.731615168081	1.5658854	1.2000000000000002
5334.4103154488585	1850	19.981739841314152	0.0	1026056	4391.2788678483585	1.5854568	0.8500000000000001
5338.3705074474055	1850	20.021547842767657	0.0	943942	3960.1919985464942	1.6222662	1.85
5359.727340650534	4300	4.0	1.3352853603595214	1919781	21356.83320312718	1.6443372	-3.891727049545942
5360.586664754544	300	7.140675895990234	0.0	124011	859.3241040097664	1.0021255	-3.7
5362.646157334863	750	9.08118331567093	0.0	378327	2059.4925803193028	0.95097136	0.3
5363.52755919606	300	12.1997814544743	0.0	149991	881.4018611966309	1.2046783	-0.15000000000000002
5364.310635278569	300	15.416705371965449	0.0	147968	783.0760825088516	1.2315077	0.3
5365.211792776529	300	18.51554787400448	0.0	161857	901.1574979609728	1.3419372	0.3
5368.569362954239	1200	19.15797769629443	0.0	599477	3357.5701777100453	1.399103	0.29999999999999993
5376.366949161281	2850	15.360391489252846	0.0	1587250	7797.586207041584	1.5633671	1.2000000000000002
5379.623968209393	1200	16.103372441141786	0.0	630203	3257.0190481110612	1.6139436	-0.44999999999999996
5381.949367196107	750	17.777973454427137	0.0	393804	2325.398986714648	1.5507493	0.3
5383.830098664085	750	19.897241986449135	0.0	331053	1880.7314679780038	1.5051802	0.75
5386.883014528624	1200	20.844326121911045	0.0	550906	3052.91586453809	1.5609248	0.75

