19121.570076094384	750	4.0	2.7039540741785544	450283	2703.9540741785545	1.6912912	-10.877002518967783
19122.430302971003	300	7.139773123385195	0.0	155580	860.2268766148045	0.97637355	-0.15000000000000002
19125.111293755086	1200	8.45878233930163	0.0	571051	2680.9907840835667	1.0811166	0.29999999999999993
19125.83268223682	300	11.73739385756567	0.0	155432	721.3884817359599	1.3149853	-0.6000000000000001
19132.61248184535	1850	8.957594249037566	0.0	996749	6779.799608528105	1.2164679	0.30000000000000004
19133.782774464955	300	11.787301629431328	0.0	126289	1170.2926196062385	1.2903863	-1.25
19134.807293617778	300	14.762782476607532	0.0	153295	1024.519152823796	1.0986404	0.3
19135.946582011926	300	17.623494082457498	0.0	173849	1139.2883941500327	1.2025303	0.3
19137.47301643136	300	20.097059663026005	0.0	150710	1526.4344194314926	1.2383643	0.3
19142.27098340174	750	19.299092692643704	0.0	362795	4797.966970382304	1.237553	0.3
19146.20379805137	1200	19.36627804301331	0.0	607410	3932.8146496303925	1.2707895	0.75
19151.49230992476	1850	18.077766169628195	0.0	917428	5288.511873385116	1.4052802	1.2000000000000002
19156.080233179502	1850	17.489842914886662	0.0	946851	4587.923254741532	1.4705945	1.85
19156.980232543265	300	20.589843551126183	0.0	179801	899.9993637604814	1.4895378	-1.25
19158.485165757585	750	23.084910336802956	0.0	337059	1504.9332143232225	1.3240895	0.3
19163.35036233623	1850	22.21971375815988	0.0	923170	4865.196578643079	1.4311419	0.75
19171.68858981352	1850	17.881486280869918	0.0	966699	8338.22747728996	1.5337723	1.85
19173.84841128202	750	19.72166481237073	0.0	372963	2159.8214684991867	1.400967	-0.3500000000000001
19179.47778250962	1850	18.092293584767354	0.0	987708	5629.3712276033775	1.3741478	0.75
19188.78475894558	1200	12.78531714880798	0.0	586839	9306.976435959374	1.4837945	0.5499999999999999
19192.944553561883	750	12.625522532502014	0.0	386472	4159.794616305966	1.138253	0.3
19194.031698354793	300	15.538377739595045	0.0	157812	1087.1447929069695	1.1545053	-0.15000000000000002
19198.563076204737	750	15.006999889650265	0.0	401853	4531.377849944781	1.2254177	0.3
19201.246081091136	750	16.323995003251614	0.0	343800	2683.0048863986513	1.2259783	0.75
19202.285654478364	300	19.28442161602534	0.0	146754	1039.573387226273	1.2950909	-0.15000000000000002
19205.01171174982	750	20.55836434457208	0.0	379700	2726.057271453261	1.2819096	0.3
19209.395227232057	1200	20.174848862332276	0.0	696376	4383.515482239804	1.3641988	0.75
19217.239075078058	2850	16.331001016329743	0.0	1141971	7843.847846002534	1.4388326	1.2000000000000002
19223.49349405908	1850	14.076582035311521	0.0	972798	6254.4189810182215	1.5332559	0.8500000000000001
19229.529208235872	1200	12.040867858519453	0.0	641447	6035.714176792068	1.4144363	0.5499999999999999
19233.001399088396	1200	12.56867700599246	0.0	570392	3472.190852526993	1.2191671	1.2
19234.15460928902	300	15.415466805369213	0.0	157488	1153.2102006232476	1.3331249	-0.6000000000000001
19238.659807373297	1200	14.910268721094623	0.0	584349	4505.198084274591	1.2264458	0.29999999999999993
19241.029064596416	750	16.541011497977102	0.0	412837	2369.257223117522	1.3567787	0.3
19241.95573157186	300	19.61434452253238	0.0	179328	926.6669754447194	1.370965	-0.15000000000000002
19244.029457633453	750	21.540618460937928	0.0	365161	2073.7260615944547	1.3609748	0.3
19245.68919467086	300	23.880881423530926	0.0	131610	1659.7370374070013	1.4600852	-0.15000000000000002
19254.811938007584	1200	18.758138086805317	0.0	575591	9122.74333672561	1.333294	0.29999999999999993
19257.24553049462	300	20.324545599773312	0.0	144254	2433.592487032006	1.3208646	-0.6000000000000001
19265.19618012827	1200	16.3738959661237	0.0	587506	7950.649633649608	1.2866267	0.29999999999999993
19270.753226478355	1200	14.816849616039086	0.0	566904	5557.046350084616	1.3220193	1.2
19275.21258391475	1200	14.357492179642719	0.0	641452	4459.357436396366	1.3682936	1.2
19277.473004588413	750	16.097071505976874	0.0	372093	2260.4206736658443	1.4336518	0.3
19279.981110183147	750	17.588965911244394	0.0	438281	2508.105594732478	1.4440315	0.75
19284.76071244422	1850	16.809363650171477	0.0	958994	4779.602261072921	1.4891982	0.75
19287.79236149341	1200	17.777714600978857	0.0	638661	3031.6490491926197	1.6403886	0.5499999999999999
19288.433867187512	300	21.136208906879038	0.0	137507	641.505694099819	1.6155646	-0.6000000000000001
19289.974527010683	750	23.59554908370693	0.0	314107	1540.659823172106	1.5309408	0.3

