3607.966161143091	750	4.0	3.995068697861578	450283	3995.068697861578	0.64337295	-16.428795400804784
3609.4584332304216	300	6.507727912669612	0.0	155580	1492.2720873303876	0.56292015	-0.15000000000000002
3612.563131602913	750	7.40302954017788	0.0	350812	3104.6983724917322	0.8045419	0.3
3617.604392436699	1200	6.361768706391916	0.0	617681	5041.260833785964	0.8805258	0.75
3620.9938952471	750	6.972265895990709	0.0	411561	3389.5028104012076	0.8821054	0.3
3622.3163657028363	300	9.649795440254795	0.0	126289	1322.4704557359146	0.90212363	-0.15000000000000002
3624.1648169454775	300	11.801344197613837	0.0	153295	1848.4512426409588	0.94640356	0.3
3626.429252560609	300	13.536908582482111	0.0	173849	2264.4356151317265	1.0223882	0.3
3629.2144035470997	300	14.751757595991283	0.0	150710	2785.1509864908276	1.1126331	0.3
3638.3431994480597	1200	9.622961695031194	0.0	560821	9128.795900960089	1.107734	0.29999999999999993
3640.8478490451157	300	11.11831209797531	0.0	141840	2504.6495970558844	0.9886222	-0.6000000000000001
3645.8334949110363	750	10.132666232054326	0.0	405134	4985.645865920983	0.9531264	0.3
3650.138235752683	750	9.827925390407565	0.0	386351	4304.740841646761	0.9582957	0.75
3654.375120683924	750	9.591040459166942	0.0	434409	4236.884931240623	0.925809	0.75
3655.589215777778	300	12.376945365312567	0.0	140051	1214.095093854375	0.97314423	-0.15000000000000002
3659.6531068377462	750	12.313054305344346	0.0	366214	4063.8910599682204	1.02131	0.3
3661.2221103307797	300	14.744050812310975	0.0	143509	1569.0034930333711	1.0740678	-0.15000000000000002
3665.9604296046386	750	14.005731538451725	0.0	372963	4738.3192738592525	1.1247603	0.3
3668.139195692179	300	15.82696545091168	0.0	165384	2178.7660875400425	1.1397381	-0.15000000000000002
3679.0868391916306	1200	8.879321951460081	0.0	586839	10947.6434994516	1.1526148	0.29999999999999993
3684.6784969037512	750	7.287664239339434	0.0	386472	5591.6577121206465	0.934105	0.3
3687.6409221996405	300	8.325238943449886	0.0	157812	2962.425295889548	0.7358132	-0.15000000000000002
3692.461385203203	300	7.5047759398869065	0.0	163927	4820.463003562979	0.8091514	0.3
3696.8574565640833	300	7.108704579006791	0.0	137654	4396.071360880115	0.34225234	0.3
3700.536990088285	300	7.429171054805028	0.0	146754	3679.5335242017627	0.4006137	0.3
3704.665129198501	300	7.301031944588918	0.0	153938	4128.139110216111	0.26997072	0.3
3709.009708522753	300	6.956452620336795	0.0	181901	4344.579324252123	0.19775179	0.3
3711.267997302102	300	8.698163840987958	0.0	111155	2258.2887793488367	0.20039538	0.3
3714.3633951461056	300	9.602765996984447	0.0	153605	3095.397844003511	0.6038415	0.3
3718.176901797093	300	9.789259345996696	0.0	149029	3813.506650987751	0.71409917	0.3
3721.5309525917373	300	10.435208551352455	0.0	157421	3354.050794644241	0.72079074	0.3
3735.456287359986	1200	4.0	3.4901262168961713	620283	13925.334768248626	0.8022045	-14.707542732653538
3737.9685468726025	300	5.487740487383688	0.0	143881	2512.259512616312	0.026097152	-0.6000000000000001
3740.4451226135716	300	7.011164746414442	0.0	163444	2476.5757409692446	0.10175682	0.3
3743.253176150727	300	8.20311120925916	0.0	179328	2808.053537155283	0.32852218	0.3
3746.358034209863	300	9.098253150123316	0.0	159914	3104.8580591358423	0.3882147	0.3
3754.27795786469	750	5.1783294952961425	0.0	321064	7919.923654827175	0.7898014	0.3
3756.2288339823363	300	7.227453377649883	0.0	124011	1950.8761176462592	0.029423907	-0.15000000000000002
3761.210137482113	750	6.246149877873188	0.0	378327	4981.3034997766945	0.28219122	0.3
3762.4783818229844	300	8.977905537002083	0.0	149991	1268.2443408711054	0.22194098	-0.15000000000000002
3763.968629226182	300	11.487658133804322	0.0	147968	1490.2474031977608	0.84107417	0.3
3767.5036939380675	750	11.952593421918836	0.0	384505	3535.0647118854845	1.027599	0.3
3770.8106555553804	750	12.645631804606086	0.0	372093	3306.96161731275	1.1127309	0.75
3774.308072572507	750	13.14821478747986	0.0	438281	3497.4170171262244	1.1777216	0.75
3777.5964928052285	750	13.859794554758217	0.0	398987	3288.4202327216435	1.2467896	0.75
3779.1943600286586	300	16.261927331328327	0.0	160064	1597.867223429891	1.2998344	-0.15000000000000002
3783.277052433297	750	16.17923492668995	0.0	331053	4082.692404638375	1.3648854	0.3
3793.337807726922	1200	10.118479633065133	0.0	550906	10060.755293624818	1.3709631	0.75

