14459.104981726632	750	4.0	6.275717151967713	450283	6275.717151967713	1.489321	-26.235583753461167
14461.279664444988	300	5.825317281643536	0.0	155580	2174.6827183564637	0.4155304	-0.15000000000000002
14463.365588949388	300	7.7393927772440305	0.0	139857	2085.924504399506	0.70440036	0.3
14467.29255478519	300	7.812426941441434	0.0	155432	3926.9658358025963	0.8059844	0.3
14469.097898774498	300	10.00708295213319	0.0	163442	1805.343989308242	0.7598914	0.3
14473.041898447793	750	10.06308327883913	0.0	318564	3943.9996732940594	0.91421986	0.3
14476.241352239873	300	10.86362948675867	0.0	153295	3199.4537920804614	0.9376773	-0.15000000000000002
14483.058434069964	750	8.046547656667247	0.0	437162	6817.081830091422	0.8971503	0.3
14485.537539437477	300	9.567442289155624	0.0	150710	2479.105367511623	0.8471293	-0.15000000000000002
14487.418176086294	300	11.686805640338124	0.0	139105	1880.636648817502	0.85957897	0.3
14489.212568489018	300	13.892413237612876	0.0	141840	1794.3924027252467	0.96353066	0.3
14493.331752974307	750	13.77322875232451	0.0	405134	4119.184485288366	1.0260726	0.3
14497.219645219546	750	13.885336507085984	0.0	386351	3887.8922452385264	1.1312093	0.75
14499.289010807348	300	15.815970919282499	0.0	179801	2069.365587803485	1.124449	-0.15000000000000002
14501.7215431081	300	17.38343861853137	0.0	140051	2432.5323007511324	1.1662399	0.3
14504.693228687687	300	18.411753038944646	0.0	138313	2971.68557958672	1.176343	0.3
14508.1983189295	300	18.90666279713128	0.0	143509	3505.0902418133714	1.1765757	0.3
14519.944780919333	1200	11.160200807298466	0.0	581493	11746.461989832811	1.1862915	0.29999999999999993
14529.568485581643	750	5.536496144989413	0.0	405596	9623.704662309054	0.9646288	0.3
14532.31333892939	300	6.791642797243665	0.0	140881	2744.853347745748	0.21769343	-0.15000000000000002
14534.804826814508	300	8.300154912125356	0.0	157671	2491.4878851183094	0.45689476	0.3
14542.223913091375	750	4.881068635258233	0.0	399894	7419.086276867123	0.5781157	0.3
14545.551583103776	300	5.553398622857183	0.0	163927	3327.67001240105	0.06518357	-0.15000000000000002
14548.90091513064	300	6.204066595993511	0.0	137654	3349.3320268636726	0.071551435	0.3
14552.028933706491	300	7.076048020139935	0.0	146754	3128.018575853576	0.066667475	0.3
14555.260596635877	300	7.844385090756529	0.0	153938	3231.6629293834058	0.15792291	0.3
14559.368088858326	300	7.736892868308179	0.0	181901	4107.49222244835	0.50498694	0.3
14560.991578277857	300	10.113403448775228	0.0	111155	1623.4894195329505	0.4434255	0.3
14562.83218947918	300	12.27279224745139	0.0	153605	1840.6112013238376	0.83411515	0.3
14564.47802956951	300	14.626952157122258	0.0	149029	1645.8400903291324	0.95062673	0.3
14570.385326105226	1200	12.71965562140601	0.0	570392	5907.296535716247	1.0768207	0.29999999999999993
14581.101943346835	1200	6.003038379795444	0.0	620283	10716.617241610567	1.164205	1.2
14583.759641804043	300	7.345339922587335	0.0	143881	2657.6984572081087	0.3521881	-0.6000000000000001
14586.304578022475	300	8.800403704156265	0.0	163444	2544.9362184310708	0.5562403	0.3
14588.935109855764	300	10.169871870866938	0.0	179328	2630.5318332893257	0.74802214	0.3
14591.704907383873	300	11.40007434275738	0.0	159914	2769.797528109558	0.8690327	0.3
14594.886489844215	300	12.218491882414627	0.0	131610	3181.5824603427545	0.9662848	0.3
14601.324368471378	750	9.780613255252032	0.0	361565	6437.878627162595	0.9238325	0.3
14607.204171842819	750	7.900809883810793	0.0	378327	5879.803371441239	0.85794	0.75
14609.131883112403	300	9.973098614227835	0.0	149991	1927.711269582958	0.6225949	-0.15000000000000002
14611.090700204095	300	12.014281522535208	0.0	147968	1958.817091692627	0.9048949	0.3
14615.409841334598	750	11.695140392031771	0.0	384505	4319.141130503435	0.9860479	0.3
14622.678993578278	1200	8.425988148352603	0.0	599477	7269.152243679168	1.0665023	0.75
14624.854651496604	300	10.250330230026874	0.0	172312	2175.65791832573	0.91688514	-0.6000000000000001
14627.032444553226	300	12.072537173404932	0.0	167025	2177.7930566219416	0.90760595	0.3
14632.32450601394	750	10.780475712692184	0.0	393804	5292.061460712748	1.0290182	0.3
14634.444792129172	300	12.660189597459716	0.0	137507	2120.286115232467	1.0458462	-0.15000000000000002
14636.416752523339	300	14.688229203294062	0.0	118421	1971.9603941656537	1.0728956	0.3

