9768.056572506517	750	4.0	4.146410706663652	450283	4146.4107066636525	0.9697361	-17.079566038653706
9769.176875008672	300	6.879697497844862	0.0	155580	1120.3025021551377	0.5508576	-0.15000000000000002
9770.205818170294	300	9.850754336222511	0.0	139857	1028.9431616223508	0.8382197	0.3
9771.326763579984	300	12.729808926533472	0.0	155432	1120.945409689039	0.9664524	0.3
9774.11111103182	750	13.945461474697433	0.0	411561	2784.34745183604	1.095565	0.3
9775.204912895102	300	16.851659611414274	0.0	126289	1093.8018632831581	1.265985	-0.15000000000000002
9776.531492273567	300	19.525080232948493	0.0	153295	1326.5793784657787	1.2681556	0.3
9779.911267077778	750	20.145305428738173	0.0	437162	3379.7748042103226	1.3020557	0.3
9781.096131872959	300	22.960440633556633	0.0	150710	1184.8647951815367	1.4112437	-0.15000000000000002
9782.198680279522	300	25.857892226994327	0.0	139105	1102.5484065623054	1.3922347	0.3
9785.734571838198	750	26.32200066831708	0.0	353220	3535.891558677249	1.4211684	0.3
9787.595171472358	300	28.461401034156918	0.0	156148	1860.5996341601588	1.4505322	-0.15000000000000002
9794.27775621138	750	25.77881629513304	0.0	386351	6682.584739023878	1.4219306	0.3
9802.812309064895	750	21.244263441619406	0.0	434409	8534.552853513636	1.374386	0.75
9804.941076152501	300	23.11549635401323	0.0	140051	2128.767087606175	1.3039101	-0.15000000000000002
9809.768950038342	750	22.287622468173765	0.0	366214	4827.873885839466	1.3529747	0.3
9812.98802757197	750	23.068544934545205	0.0	360831	3219.077533628563	1.3572041	0.75
9818.278869861007	1200	21.77770264550821	0.0	581493	5290.842289036997	1.4042702	0.75
9821.73405408324	750	22.32251842327559	0.0	405596	3455.18422223262	1.4369123	0.3
9827.571998298958	750	20.48457420755658	0.0	350713	5837.944215719008	1.3936776	0.75
9834.232371201579	750	17.824201304935986	0.0	386472	6660.372902620595	1.3384641	0.75
9836.504080858676	300	19.55249164783801	0.0	157812	2271.709657097975	1.2332488	-0.15000000000000002
9850.184094442126	1850	9.87247806438824	0.0	968026	13680.01358344977	1.2509828	0.30000000000000004
9851.93633865182	300	12.120233854694852	0.0	137654	1752.2442096933871	1.0697252	-1.25
9853.826424598394	300	14.23014790812062	0.0	146754	1890.0859465742333	1.0002893	0.3
9863.998870123238	750	8.057702383276657	0.0	379700	10172.445524843963	1.0991282	0.3
9872.039648227597	750	4.016924278918055	0.0	425781	8040.778104358602	0.32436183	0.75
9873.373300031806	300	6.683272474709019	0.0	111155	1333.6518042090352	0.05481909	-0.15000000000000002
9875.421897397488	300	8.634675109025876	0.0	153605	2048.597365683143	0.17857069	0.3
9880.170611470121	750	7.885961036392109	0.0	400508	4748.7140726337675	0.5764584	0.3
9882.171664823622	300	9.8849076828919	0.0	157421	2001.0533535002103	0.6861859	-0.15000000000000002
9887.100910528769	750	8.955661977745851	0.0	400322	4929.245705146048	0.8594825	0.3
9888.527471938436	300	11.52910056807638	0.0	143881	1426.561409669469	0.8090018	-0.15000000000000002
9890.246155804829	300	13.810416701683971	0.0	163444	1718.6838663924107	0.9684837	0.3
9892.335788907136	300	15.720783599379397	0.0	179328	2089.6331023045745	1.1176243	0.3
9904.330795133084	1850	7.72577737343069	0.0	943942	11995.006225948706	1.1787417	0.30000000000000004
9908.604540861641	750	7.452031644874801	0.0	321064	4273.7457285558885	1.0419675	-0.3500000000000001
9913.43412119139	750	6.622451315124551	0.0	361565	4829.580329750251	0.75901055	0.75
9915.021555716137	300	9.035016790377078	0.0	144254	1587.4345247474726	0.5532604	-0.15000000000000002
9916.87279554255	300	11.183776963964362	0.0	149991	1851.2398264127146	0.8159846	0.3
9918.570910168826	300	13.485662337686502	0.0	147968	1698.11462627786	1.018905	0.3
9919.923804750368	300	16.132767756144684	0.0	161857	1352.8945815418197	1.0741094	0.3
9921.010388868282	300	19.04618363823095	0.0	145210	1086.5841179137376	1.253425	0.3
9923.957609162595	750	20.098963343917326	0.0	438281	2947.220294313622	1.3920194	0.3
9927.356756894485	750	20.699815612026274	0.0	398987	3399.14773189105	1.4920819	0.75
9932.553973659253	1200	19.50259884725939	0.0	638661	5197.216764766886	1.499088	0.75
9936.813692049142	1200	19.242880457370816	0.0	538612	4259.718389888574	1.5156744	1.2
9940.068863381619	750	19.987709124894675	0.0	314107	3255.17133247614	1.5245283	0.3

