10837.652782606514	750	4.0	6.240793125191714	450283	6240.793125191714	1.0809681	-26.08541043832437
10843.940037473794	750	4.0	2.287254867278996	398865	6287.254867278996	0.3736274	-9.085195929299683
10846.954059510455	300	4.98597796334023	0.0	139857	3014.0220366597705	0.23907219	-0.15000000000000002
10849.949739220418	300	5.990298253376277	0.0	155432	2995.6797099639525	0.24950711	0.3
10852.7582044023	300	7.18183307149433	0.0	163442	2808.465181881948	0.32065794	0.3
10854.877026158762	300	9.063011315033252	0.0	126289	2118.8217564610763	0.48408693	0.3
10857.553501698752	300	10.386535775042224	0.0	153295	2676.4755399910287	0.814024	0.3
10861.418068496821	300	10.521968976973385	0.0	173849	3864.56679806884	0.90637434	0.3
10868.433890378888	750	7.506147094905611	0.0	374758	7015.821882067774	0.8342121	0.3
10871.091572729201	300	8.848464744592686	0.0	139105	2657.6823503129262	0.5024204	-0.15000000000000002
10874.342766791891	300	9.597270681903485	0.0	141840	3251.1940626892015	0.72850496	0.3
10882.261670835873	750	5.678366637921121	0.0	405134	7918.904043982364	0.80648875	0.3
10884.68214132517	300	7.257896148626695	0.0	160746	2420.470489294426	0.25724912	-0.15000000000000002
10887.285936187069	300	8.654101286727128	0.0	179801	2603.794861899566	0.4954715	0.3
10889.546912631762	300	10.393124842033798	0.0	140051	2260.9764446933295	0.74314636	0.3
10892.068559718648	300	11.871477755146822	0.0	138313	2521.6470868869774	0.9206975	0.3
10897.180691129945	750	10.75934634384885	0.0	360831	5112.13141129797	0.9638517	0.3
10899.452921130973	300	12.487116342822533	0.0	150616	2272.230001026318	1.0193744	-0.15000000000000002
10901.51113817804	300	14.428899295752442	0.0	165384	2058.2170470700903	1.0113634	0.3
10914.568727872946	1850	5.3713096008483685	0.0	923755	13057.589694904074	1.0912251	0.30000000000000004
10916.08734758555	300	7.852689888243969	0.0	157671	1518.6197126043992	0.48295668	-1.25
10919.36160489942	750	8.578432574372092	0.0	399894	3274.2573138718762	0.78477764	0.3
10923.517766981871	750	8.422270491921655	0.0	401853	4156.162082450439	1.0289588	0.75
10930.941551915916	1200	4.9984855578776815	0.0	536667	7423.7849340439725	0.98076856	0.75
10932.672100146847	300	7.2679373269473535	0.0	146754	1730.5482309303281	0.40302074	-0.6000000000000001
10936.121884328273	300	7.818153145519598	0.0	153938	3449.784181427756	0.57598114	0.3
10939.984227852161	300	7.955809621632677	0.0	181901	3862.3435238869206	0.44102916	0.3
10941.945870632693	300	9.994166841099288	0.0	111155	1961.6427805333901	0.37475958	0.3
10950.383121349025	750	5.556916124766027	0.0	400396	8437.250716333261	0.8186741	0.3
10955.064981996662	300	4.875055477128333	0.0	149029	4681.860647637694	0.13147546	-0.15000000000000002
10960.375615970377	300	4.0	0.4355784965865023	157421	5310.6339737148355	0.038139638	-1.5729875353219596
10965.089606023064	300	4.0	0.7139900526873525	157488	4713.9900526873525	0.01185896	-2.770157226555616
10968.860099543092	300	4.229506479972352	0.0	143881	3770.4935200276477	0.010768441	0.3
10974.410106045805	300	4.0	1.3205000227409638	163444	5550.006502713316	0.012095222	-5.378150097786144
10980.790437672013	300	4.0	2.380331626208371	179328	6380.331626208371	0.0069344505	-9.935425992695993
10984.849643160256	300	4.0	0.05920548824192474	159914	4059.2054882419247	0.0054532443	0.045416400559723624
10988.077658668313	300	4.7719844919432814	0.0	131610	3228.015508056718	0.007246688	0.3
10991.104195535356	300	5.7454476249006134	0.0	124011	3026.536867042668	0.013800802	0.3
10994.16194630746	300	6.687696852796525	0.0	144254	3057.7507721040893	0.040644787	0.3
10996.873412372277	300	7.976230787979606	0.0	149991	2711.466064816919	0.12535137	0.3
10999.482205848386	300	9.367437311868803	0.0	147968	2608.793476110802	0.33853784	0.3
11001.689302147963	300	11.160341012293497	0.0	161857	2207.096299575307	0.55800015	0.3
11008.143392858452	750	8.706250301804433	0.0	372093	6454.090710489062	0.98017836	0.3
11012.48491057565	300	8.36473258460639	0.0	172312	4341.517717198044	0.67663765	-0.15000000000000002
11015.801165708173	300	9.04847745208294	0.0	167025	3316.255132523451	0.46852997	0.3
11018.077886601332	300	10.771756558925835	0.0	160064	2276.7208931571035	0.65378326	0.3
11019.698250826837	300	13.151392333419075	0.0	137507	1620.3642255067602	1.0279943	0.3
11023.747028005291	750	13.102615154965795	0.0	314107	4048.777178453279	1.1720384	0.3

