16408.654939111573	750	4.0	0.848125509873515	450283	848.1255098735149	1.5661656	-2.8969396924561144
16409.007132186336	300	7.647806925237956	0.0	155580	352.1930747620443	1.3192319	-0.15000000000000002
16409.334573613454	300	11.320365498118758	0.0	139857	327.441427119197	1.2772515	0.3
16409.716010594675	300	14.938928516898624	0.0	155432	381.43698122013376	1.3162133	0.3
16410.112713448852	300	18.54222566272147	0.0	163442	396.70285417715513	1.3517396	0.3
16411.141592964254	1200	21.51334614732091	0.0	520315	1028.8795154005602	1.384804	0.29999999999999993
16411.52066509074	300	25.134274020833452	0.0	153295	379.0721264874582	1.5555512	-0.6000000000000001
16411.95525247673	300	28.69968663483998	0.0	173849	434.5873859934673	1.4169012	0.3
16412.872584067194	750	31.78235504437696	0.0	374758	917.3315904630225	1.43494	0.3
16413.956844190077	1200	34.698094921494466	0.0	560821	1084.2601228824956	1.5297985	0.75
16416.54938858767	2850	36.10555052390018	0.0	1354548	2592.5443975942826	1.6578699	1.2000000000000002
16420.539845274157	4300	36.11509383741431	0.0	2102452	3990.456686485871	1.0766941	2.8499999999999996
16424.649809575745	4300	36.005129535826946	0.0	2209463	4109.964301587359	0.47815388	4.3
16428.805470148247	4300	35.84946896332584	0.0	2275376	4155.660572501108	0.4375106	4.3
16432.580821678403	4300	36.074117433169945	0.0	2005399	3775.351530155898	0.3958301	4.3
16436.726825065354	4300	35.928114046216095	0.0	2152483	4146.003386953849	0.37522888	4.3
16441.295002111365	4300	35.35993700020677	0.0	2289689	4568.177046009328	0.37177816	4.3
16444.899631176562	4300	35.755307935007835	0.0	2059512	3604.6290651989448	0.37158033	4.3
16449.43004171023	4300	35.224897401339426	0.0	2220726	4530.410533668407	0.3606534	4.3
16453.396768138715	4300	35.25817097285722	0.0	2156729	3966.7264284822013	0.3673312	4.3
16457.31286091962	4300	35.34207819194872	0.0	2039773	3916.0927809085083	0.3614297	4.3
16461.868691587304	4300	34.7862475242675	0.0	2176469	4555.830667681219	0.36061865	4.3
16465.977439438404	4300	34.67749967316957	0.0	2221506	4108.747851097928	0.36525753	4.3
16469.772554262552	4300	34.882384849020546	0.0	2044075	3795.1148241490246	0.35861078	4.3
16473.829400035822	4300	34.82553907575081	0.0	2186790	4056.8457732697398	0.3565865	4.3
16477.66637049977	4300	34.98856861180479	0.0	2105231	3836.9704639460233	0.35553956	4.3
16481.87191047402	4300	34.78302863755262	0.0	2395588	4205.5399742521695	0.35295692	4.3
16485.78504506603	4300	34.86989404554252	0.0	1972048	3913.1345920100935	0.35053867	4.3
16489.906339366422	4300	34.74859974515076	0.0	2134614	4121.294300391759	0.3534617	4.3
16494.35698041284	4300	34.29795869873671	0.0	2164140	4450.641046414059	0.3514007	4.3
16498.28272169225	4300	34.37221741932377	0.0	2113193	3925.74127941294	0.35359427	4.3
16502.116362437962	4300	34.53857667360983	0.0	2147852	3833.640745713934	0.3482034	4.3
16506.015529444237	4300	34.63940966733717	0.0	2191074	3899.167006272666	0.34527192	4.3
16510.498948184788	4300	34.1559909267855	0.0	2286761	4483.41874055167	0.34276327	4.3
16514.684983288935	4300	33.96995582263841	0.0	2307787	4186.035104147088	0.3442972	4.3
16518.66986269568	4300	33.9850764158956	0.0	2143948	3984.8794067428066	0.33952162	4.3
16522.48685689133	4300	34.16808222024453	0.0	1919781	3816.994195651071	0.3371823	4.3
16526.558208834827	4300	34.096730276745845	0.0	2147467	4071.351943498686	0.33606315	4.3
16530.591389322497	4300	34.063549789076546	0.0	2133870	4033.180487669298	0.33364087	4.3
16534.522187028273	4300	34.13275208330198	0.0	2146120	3930.7977057745684	0.33121338	4.3
16538.40093330491	4300	34.254005806662605	0.0	2108491	3878.7462766393705	0.32833767	4.3
16542.537514439337	4300	34.11742467223739	0.0	2184571	4136.581134425212	0.32645494	4.3
16546.86852768451	4300	33.786411427062994	0.0	2121928	4331.013245174403	0.32551262	4.3
16551.025833448788	4300	33.62910566278601	0.0	2219102	4157.305764276988	0.32599714	4.3
16554.737773683566	4300	33.91716542800679	0.0	2124950	3711.940234779216	0.32284853	4.3
16559.315116606518	4300	33.339822505055885	0.0	2246506	4577.342922950907	0.31955877	4.3
16562.956729477053	4300	33.69820963451989	0.0	1961140	3641.6128705359956	0.32211924	4.3
16567.209221937905	4300	33.44571717366897	0.0	2155012	4252.492460850917	0.3181903	4.3

