24031.699237997214	750	4.0	6.835416697573638	450283	6835.416697573638	0.39653692	-28.642291799566642
24035.005776219277	300	4.693461777936518	0.0	155580	3306.5382220634815	0.31116638	-0.15000000000000002
24037.19209357722	300	6.507144419993679	0.0	139857	2186.3173579428385	0.28705442	0.3
24039.227909351066	300	8.471328646148999	0.0	155432	2035.8157738446798	0.53954333	0.3
24041.001219751626	300	10.698018245588635	0.0	163442	1773.310400560364	0.89454657	0.3
24046.234814349526	1200	9.464423647690229	0.0	520315	5233.594597898407	1.014262	0.29999999999999993
24047.633345340484	300	12.065892656732139	0.0	153295	1398.5309909580894	1.1392269	-0.6000000000000001
24050.58082753638	750	13.11841046083211	0.0	437162	2947.482195900031	1.0636977	0.3
24051.577047452807	300	16.12219054440672	0.0	150710	996.2199164253868	1.2147317	-0.15000000000000002
24052.632247691166	300	19.066990306048588	0.0	139105	1055.200238358133	1.2060745	0.3
24053.578154259507	300	22.121083737708055	0.0	141840	945.9065683405355	1.2423313	0.3
24057.824079582693	1200	21.875158414520293	0.0	594078	4245.92532318776	1.2863818	0.29999999999999993
24061.78632445549	1200	21.912913541726034	0.0	624282	3962.24487279426	1.415813	1.2
24065.92813219738	1200	21.77110579983316	0.0	687371	4141.807741892873	1.4282043	1.2
24069.68991923614	1200	22.009318761071	0.0	526950	3761.7870387621606	1.4371151	1.2
24074.046864935066	1200	21.652373062148342	0.0	587876	4356.945698922661	1.4283476	1.2
24075.754009750992	300	23.94522824622469	0.0	143509	1707.1448159236495	1.421173	-0.6000000000000001
24080.36907722841	1200	23.330160768806742	0.0	581493	4615.067477417951	1.2869409	0.29999999999999993
24084.864657221722	1200	22.834580775492118	0.0	639204	4495.5799933146245	1.4370875	1.2
24088.46057371858	1200	23.23866427863379	0.0	586839	3595.9164968583295	1.4432518	1.2
24089.56552348229	300	26.133714514923486	0.0	157671	1104.9497637103068	1.4650853	-0.6000000000000001
24090.61317524908	300	29.086062748134776	0.0	157812	1047.6517667887097	1.3508279	0.3
24092.675798536955	750	31.02343946026118	0.0	401853	2062.623287873597	1.3812258	0.3
24094.527347230818	750	33.17189076639926	0.0	343800	1851.5486938619188	1.491191	0.75
24095.29537901109	300	36.403858986127844	0.0	146754	768.031780271412	1.5041786	-0.15000000000000002
24096.340231607828	300	39.35900638939142	0.0	153938	1044.8525967364294	1.4641545	0.3
24099.72710224627	1200	39.97213575095152	0.0	696376	3386.8706384398947	1.4613198	0.29999999999999993
24106.44244841575	2850	37.25678958147154	0.0	1141971	6715.346169479986	1.6830367	1.2000000000000002
24125.328793628203	4300	22.370444369015924	0.0	2134614	18886.345212455613	1.2715476	2.8499999999999996
24131.76275324265	1850	19.936484754572973	0.0	975811	6433.9596144429515	1.4962981	-0.6000000000000001
24139.124625922126	1850	16.574612075096216	0.0	873429	7361.872679476756	1.517465	1.85
24145.91782848758	1200	13.781409509638172	0.0	620283	6793.202565458043	1.4357476	0.5499999999999999
24147.38067222397	300	16.318565773249375	0.0	143881	1462.8437363887952	1.2598203	-0.6000000000000001
24153.220350739542	1200	14.478887257675476	0.0	670129	5839.678515573901	1.229934	0.29999999999999993
24159.63010136014	1200	12.069136637074381	0.0	690253	6409.750620601096	1.3286725	1.2
24164.67890601759	1200	11.020331979625805	0.0	598727	5048.804657448576	1.236084	1.2
24168.288115635994	1200	11.411122361221885	0.0	487812	3609.20961840392	1.235274	1.2
24169.125981984944	300	14.573256012274461	0.0	124011	837.8663489474238	1.297811	-0.6000000000000001
24170.184530752947	300	17.51470724427363	0.0	144254	1058.548768000829	1.2543325	0.3
24177.40042490494	1850	14.298813092282371	0.0	930577	7215.8941519912605	1.3089494	0.30000000000000004
24182.110694024144	750	13.58854397307647	0.0	345516	4710.269119205902	1.4482362	-0.3500000000000001
24184.800560705244	750	14.898677291977537	0.0	384505	2689.8666810989334	1.2122817	0.75
24192.536038596554	1850	11.163199400668221	0.0	886255	7735.477891309315	1.3669151	0.75
24200.84087523328	1850	6.858362763940635	0.0	973972	8304.836636727587	1.3367444	1.85
24208.71612628187	1200	4.0	1.016888284647728	630203	7875.251048588363	1.1602914	-3.8226196239852306
24211.234596998795	300	5.4815292830718265	0.0	160064	2518.4707169281737	0.38606262	-0.6000000000000001
24213.474065944378	300	7.242060337492081	0.0	137507	2239.468945579745	0.36115554	0.3
24215.59201059507	300	9.124115686795497	0.0	118421	2117.944650696585	0.5770066	0.3

