6546.181047989659	750	4.0	4.955564253110452	450283	4955.564253110451	1.4664277	-20.55892628837494
6549.2829181865145	300	4.898129803144833	0.0	155580	3101.870196855167	0.4932145	-0.15000000000000002
6559.6225567960555	750	4.0	5.441508806395576	350812	10339.638609540409	0.55232656	-23.098487867500975
6563.343725825453	300	4.278830970603279	0.0	155432	3721.1690293967213	0.20488685	-0.15000000000000002
6566.7104040416525	300	4.912152754402804	0.0	163442	3366.6782162004747	0.17054649	0.3
6569.944640148563	300	5.677916647491909	0.0	126289	3234.2361069108956	0.3519653	0.3
6573.4788351063635	300	6.143721689691338	0.0	153295	3534.19495780057	0.2130773	0.3
6587.6249636614	750	4.0	8.002406865345364	437162	14146.128555036701	0.39741212	-34.11034952098507
6590.561250401717	300	5.063713259682697	0.0	150710	2936.286740317303	0.02678213	-0.15000000000000002
6592.736474056888	300	6.888489604511667	0.0	139105	2175.2236551710293	0.10241146	0.3
6594.470432174155	300	9.154531487245018	0.0	141840	1733.9581172666497	0.41539732	0.3
6596.687952616247	300	10.937011045153193	0.0	156148	2217.520442091825	0.7705599	0.3
6602.888948374541	750	8.736015286858605	0.0	386351	6200.995758294587	0.9040661	0.3
6604.319121655146	300	11.305842006253872	0.0	179801	1430.173280604733	0.735057	-0.15000000000000002
6605.4035983427475	300	14.221365318652364	0.0	140051	1084.476687601507	0.9753229	0.3
6606.705599524663	300	16.919364136737386	0.0	138313	1302.0011819149793	1.1523576	0.3
6608.209157673093	300	19.415805988307213	0.0	143509	1503.5581484301747	1.2241931	0.3
6609.557626970553	300	22.06733669084575	0.0	150616	1348.4692974614627	1.305835	0.3
6617.896807583628	1850	17.728156077771185	0.0	987708	8339.180613074564	1.3387458	0.30000000000000004
6622.180411797825	750	17.444551863574347	0.0	350713	4283.604214196838	1.4386191	-0.3500000000000001
6637.291065170677	1200	6.333898490721838	0.0	601738	15110.653372852508	1.3349926	0.75
6640.756379302004	300	6.868584359395372	0.0	157812	3465.3141313264664	0.62782866	-0.6000000000000001
6646.11736789918	750	5.50759576221844	0.0	401853	5360.988597176933	0.53005195	0.3
6648.015648689186	300	7.609314972213311	0.0	137654	1898.280790005129	0.4069769	-0.15000000000000002
6649.884177449346	300	9.740786212052956	0.0	146754	1868.5287601603534	0.3932295	0.3
6651.391874521875	300	12.233089139523521	0.0	153938	1507.6970725294352	0.87689096	0.3
6653.596471654833	300	14.0284920065653	0.0	181901	2204.5971329582235	0.94201344	0.3
6655.434981425845	300	16.189982235553426	0.0	111155	1838.509771011873	1.0708818	0.3
6662.365491473332	1850	13.25947218806608	0.0	972798	6930.510047487344	1.1298548	0.30000000000000004
6665.292812636766	750	14.33215102463217	0.0	400508	2927.32116343391	1.3398567	-0.3500000000000001
6666.33030568719	300	17.29465797420808	0.0	157421	1037.4930504240933	1.2936019	-0.15000000000000002
6669.539927393074	750	18.08503626832422	0.0	400322	3209.621705883857	1.3461021	0.3
6677.471985444695	1200	14.152978216703813	0.0	584349	7932.058051620407	1.3990904	0.75
6678.574582188063	300	17.050381473336515	0.0	163444	1102.596743367302	1.275591	-0.6000000000000001
6681.103033121295	750	18.52193054010365	0.0	401088	2528.450933232864	1.3220342	0.3
6682.116913411589	300	21.508050249809727	0.0	159914	1013.8802902939229	1.4474471	-0.15000000000000002
6682.807299859814	300	24.817663801585617	0.0	131610	690.3864482241091	1.4939982	0.3
6686.028675647582	1200	25.596288013817546	0.0	575591	3221.3757877680746	1.5272598	0.29999999999999993
6692.469409809253	1850	23.155553852145882	0.0	908665	6440.734161671662	1.5782431	1.2000000000000002
6696.738387429413	1200	22.886576231986187	0.0	587506	4268.977620159699	1.5803815	0.5499999999999999
6702.1979611919405	1850	21.427002469458674	0.0	858450	5459.573762527509	1.5873206	1.2000000000000002
6719.464759910678	2850	8.160203750720738	0.0	1527299	17266.798718737937	1.5776076	1.85
6721.284583791908	300	10.340379869491334	0.0	145210	1819.8238812294044	1.2574197	-2.25
6723.450687859262	300	12.174275802137313	0.0	172312	2166.104067354022	1.0641618	0.3
6732.020523450355	1200	7.6044402110444205	0.0	630203	8569.835591092891	1.1363215	0.29999999999999993
6733.606051169629	300	10.018912491770903	0.0	160064	1585.527719273518	0.55248934	-0.6000000000000001
6736.023665169816	750	11.601298491582385	0.0	331053	2417.614000188518	1.0371113	0.3
6738.402654282391	750	13.222309379008243	0.0	314107	2378.9891125741437	1.1715984	0.75

