1473.1932768870995	750	4.0	2.3226168467032533	450283	2322.6168467032535	1.4041878	-9.237252440823989
1477.3915365567661	1200	4.0	0.19825966966653596	611087	4198.259669666536	1.0554671	-0.10251657956610466
1478.285189789976	300	7.106346766790086	0.0	139857	893.6532332099143	1.057172	-0.6000000000000001
1479.3349993952545	300	10.05653716151161	0.0	155432	1049.8096052784772	1.0065017	0.3
1482.5680811665065	750	10.823455390259587	0.0	411561	3233.0817712520216	1.0938023	0.3
1485.6619119048303	750	11.729624651935934	0.0	318564	3093.8307383236543	1.1684676	0.75
1487.1021073466748	300	14.289429210091534	0.0	153295	1440.1954418443995	1.1644726	-0.15000000000000002
1494.1426883852637	750	11.248848171502333	0.0	437162	7040.581038589199	1.1558079	0.3
1500.6734821875582	750	8.718054369207843	0.0	374758	6530.79380229449	1.0217277	0.75
1501.976425916646	300	11.415110640120051	0.0	139105	1302.9437290877902	0.87155545	-0.15000000000000002
1506.7324373073623	1200	10.659099249403788	0.0	607410	4756.011390716265	1.0500249	0.29999999999999993
1511.2048372739835	750	10.186699282782396	0.0	405134	4472.39996662139	1.2205731	0.3
1513.5556131134697	300	11.835923443296204	0.0	160746	2350.7758394861917	1.0564663	-0.15000000000000002
1515.5288660903268	300	13.86267046643907	0.0	179801	1973.2529768571337	1.0128171	0.3
1520.0608666817216	1200	13.330669875044348	0.0	526950	4532.0005913947225	1.115567	0.29999999999999993
1524.2757873489552	1200	13.11574920781062	0.0	587876	4214.920667233729	1.2795202	1.2
1531.3125977982422	1850	10.078938758523497	0.0	966699	7036.810449287122	1.2939872	1.2000000000000002
1533.871492055722	750	11.520044501043644	0.0	372963	2558.894257479852	1.2797204	-0.3500000000000001
1536.6161896510177	750	12.775346905747993	0.0	405596	2744.6975952956523	1.1912102	0.75
1540.0818012649006	750	13.309735291865005	0.0	350713	3465.6116138829875	1.2309201	0.75
1541.2949304099354	300	16.096606146830236	0.0	157671	1213.1291450347694	1.1929868	-0.15000000000000002
1547.2429846919006	1200	14.148551864865205	0.0	616206	5948.054281965031	1.2113665	0.29999999999999993
1549.3040576528795	300	16.087478903886453	0.0	163927	2061.072960978753	1.2758152	-0.6000000000000001
1551.2301960516163	300	18.161340505149848	0.0	137654	1926.1383987366044	1.167127	0.3
1558.045832635184	1200	15.345703921581963	0.0	587236	6815.636583567886	1.197369	0.29999999999999993
1559.50139017444	300	17.890146382326012	0.0	153938	1455.557539255951	1.2740804	-0.6000000000000001
1563.7404769237298	750	17.651059633036326	0.0	425781	4239.086749289688	1.2277929	0.3
1569.3162225106068	1200	16.075314046159242	0.0	487160	5575.745586877085	1.2854489	0.75
1572.3035297580216	750	17.08800679874458	0.0	400396	2987.307247414663	1.3133607	0.3
1575.8124476821708	1200	17.579088874595136	0.0	641447	3508.9179241494408	1.31764	0.75
1576.8653463628195	300	20.526190193946686	0.0	157421	1052.8986806484531	1.4425577	-0.6000000000000001
1577.902465021908	300	23.489071534857946	0.0	157488	1037.1186590887364	1.3147402	0.3
1580.2129792974167	750	25.17855725934925	0.0	369834	2310.5142755086954	1.3485143	0.3
1589.1751601447825	1850	20.216376411983596	0.0	1035329	8962.180847365651	1.4535121	0.75
1597.68407181183	1850	15.707464744935805	0.0	1026056	8508.911667047792	1.455105	1.85
1602.1672096656675	1200	15.224326891098508	0.0	598727	4483.137853837297	1.4029857	0.5499999999999999
1605.4449289384004	1200	15.94660761836555	0.0	487812	3277.719272732959	1.3936826	1.2
1607.6579504215083	750	17.733586135257546	0.0	361565	2213.0214831080034	1.4444118	0.3
1611.933314277682	1200	17.45822227908402	0.0	605884	4275.363856173523	1.4221429	0.75
1614.2040250542282	750	19.187511502537678	0.0	390680	2270.7107765463447	1.4688212	0.3
1618.0453559044036	1200	19.346180652362445	0.0	566904	3841.3308501752326	1.4736899	0.75
1621.8409233494374	1200	19.55061320732879	0.0	641452	3795.567445033652	1.5220047	1.2
1623.6094390033268	750	21.78209755343944	0.0	372093	1768.5156538893536	1.5519211	0.3
1627.4956246266495	1200	21.89591193011665	0.0	634861	3886.185623322789	1.5709449	0.75
1629.7695290548677	750	23.622007501898295	0.0	398987	2273.9044282183545	1.6090468	0.3
1633.085339615635	1200	24.306196941131287	0.0	638661	3315.8105607670127	1.5923665	0.75
1643.143459730945	2850	18.24807682582117	0.0	1231456	10058.120115310117	1.6852727	1.2000000000000002
1651.3082108258805	1850	14.083325730885674	0.0	846370	8164.751094935495	1.6236391	0.8500000000000001

