15674.581005887836	750	4.0	6.8100179178166504	450283	6810.017917816651	1.5472988	-28.533077046611595
15675.745321188155	300	6.835684699681131	0.0	155580	1164.3153003188686	0.3142442	-0.15000000000000002
15676.703454739578	300	9.877551148259398	0.0	139857	958.1335514217336	0.97968125	0.3
15681.104488216979	1200	9.476517670858465	0.0	617681	4401.033477400931	1.1000755	0.29999999999999993
15682.296531003287	300	12.284474884551427	0.0	163442	1192.042786307038	1.221244	-0.6000000000000001
15684.559220685544	750	14.02178520229413	0.0	318564	2262.6896822572976	1.1404938	0.3
15685.742661779766	300	16.838344108071325	0.0	153295	1183.4410942228062	1.2541374	-0.15000000000000002
15688.869788943955	750	17.7112169438826	0.0	437162	3127.127164188722	1.2068808	0.3
15690.020019818754	300	20.560986069083473	0.0	150710	1150.2308747991299	1.2924293	-0.15000000000000002
15691.218314393825	300	23.362691494011933	0.0	139105	1198.2945750715355	1.2612572	0.3
15696.574460485745	1200	22.006545402091774	0.0	607410	5356.146091920162	1.2813499	0.29999999999999993
15697.78718766125	300	24.79381822658815	0.0	156148	1212.7271755036222	1.3913512	-0.6000000000000001
15700.797473104205	750	25.78353278363198	0.0	386351	3010.2854429561708	1.3081255	0.3
15704.15085358171	750	26.43015230612705	0.0	434409	3353.380477504933	1.3852006	0.75
15706.930398835928	750	27.650607051910452	0.0	337059	2779.5452542165986	1.3953091	0.75
15709.829572365112	750	28.751433522724984	0.0	366214	2899.173529185468	1.4011198	0.75
15713.539702203581	750	29.041303684256647	0.0	360831	3710.129838468336	1.4128551	0.75
15724.219518573287	1850	22.3614873145501	0.0	885714	10679.816369706547	1.4007695	0.75
15725.723869064268	300	24.85713682356971	0.0	165384	1504.3504909803873	1.4019194	-1.25
15734.65055908532	1850	19.930446802517864	0.0	923755	8926.690021051845	1.3224854	0.30000000000000004
15736.3499241038	300	22.23108178403729	0.0	157671	1699.3650184805724	1.4224163	-1.25
15740.015688925621	750	22.565316962214848	0.0	399894	3665.7648218224413	1.2907208	0.3
15741.917825572289	300	24.663180315548182	0.0	163927	1902.1366466666648	1.3663561	-0.15000000000000002
15749.652739389365	1850	20.928266498471995	0.0	874175	7734.913817076187	1.3089148	0.30000000000000004
15754.603658326316	750	19.97734756152125	0.0	359903	4950.918936950748	1.4628768	-0.3500000000000001
15756.85030743984	300	21.730698447999284	0.0	153938	2246.6491135219653	1.3002558	-0.15000000000000002
15761.532325177253	750	21.04868071058488	0.0	425781	4682.017737414405	1.2660902	0.3
15766.788320343778	1200	19.792685544061893	0.0	487160	5255.995166522985	1.3372072	0.75
15768.51765575798	300	22.063350129859085	0.0	153605	1729.3354142028093	1.3876709	-0.6000000000000001
15785.494121068736	1850	9.08688481910334	0.0	975811	16976.465310755746	1.291053	0.30000000000000004
15788.766764553737	300	9.81424133410316	0.0	157421	3272.643485000179	0.7639112	-1.25
15791.13540088046	300	11.445605007381007	0.0	157488	2368.636326722155	0.7643807	0.3
15792.522068429083	300	14.058937458758734	0.0	143881	1386.667548622273	0.99232334	0.3
15793.649199372025	300	16.931806515816294	0.0	163444	1127.130942942442	1.1502093	0.3
15802.498169096873	1850	12.082836790968734	0.0	1026056	8848.969724847559	1.2645638	0.30000000000000004
15806.34658945604	1200	12.234416431801336	0.0	598727	3848.4203591673986	1.301291	0.5499999999999999
15807.20445013672	300	15.376555751123146	0.0	131610	857.8606806781904	1.3351457	-0.6000000000000001
15809.269385227619	750	17.31162066022447	0.0	361565	2064.9350908986726	1.2505103	0.3
15811.553634747344	750	19.027371140498982	0.0	378327	2284.249519725492	1.4125818	0.75
15815.701165401093	1200	18.879840486749956	0.0	587506	4147.530653749024	1.4422579	0.75
15822.993129948996	1850	15.587875938847075	0.0	858450	7291.9645479028795	1.4944612	1.2000000000000002
15831.91219735186	1850	10.668808535982505	0.0	1025005	8919.06740286457	1.4682094	1.85
15833.080859146756	300	13.500146741087338	0.0	145210	1168.6617948951682	1.2761122	-1.25
15834.193726210484	300	16.387279677357366	0.0	172312	1112.8670637299754	1.2429723	0.3
15839.985807317815	1200	14.595198570027321	0.0	630203	5792.081107330042	1.3618122	0.29999999999999993
15844.813143644922	1200	13.767862242918985	0.0	638661	4827.336327108337	1.4000462	1.2
15849.410899038976	1200	13.17010684886485	0.0	538612	4597.7553940541375	1.4302566	1.2
15853.628343246039	1200	12.952662641802345	0.0	550906	4217.444207062505	1.4042646	1.2

