19600.448371178365	750	4.0	1.256359210868177	450283	1256.359210868177	1.5589207	-4.652344606733161
19600.983703581234	300	7.464667597133497	0.0	155580	535.3324028665032	0.84648603	-0.15000000000000002
19601.50029157252	300	10.948079605846688	0.0	139857	516.5879912868086	1.044033	0.3
19603.66134750381	1200	12.78702367455491	0.0	617681	2161.055931291778	1.2313752	0.29999999999999993
19604.207881984003	300	16.24048919436335	0.0	163442	546.5344801915606	1.3886721	-0.6000000000000001
19605.593425692092	1200	18.85494548627208	0.0	520315	1385.543708091272	1.3961552	0.29999999999999993
19607.531777963246	1200	20.91659321511769	0.0	561791	1938.35227115439	1.5349213	1.2
19610.983667453547	1200	21.46470372481699	0.0	709534	3451.889490300702	1.5258546	1.2
19611.52994126971	300	24.91842990865127	0.0	150710	546.2738161657162	1.5168875	-0.6000000000000001
19612.90378127727	750	27.54458990109239	0.0	362795	1373.8400075588795	1.4482754	0.3
19618.6978007831	2850	25.75057039526462	0.0	1354548	5794.019505827769	1.5273013	0.75
19624.216360062423	2850	24.232011115937734	0.0	1519951	5518.559279326889	1.6228023	2.85
19625.64187096446	750	26.806500213903146	0.0	386351	1425.510902034588	1.6153724	-1.35
19628.51245464096	1200	27.93591653740264	0.0	687371	2870.5836765005056	1.5264386	0.75
19629.164766502134	300	31.283604676229423	0.0	140051	652.3118611732158	1.5795411	-0.6000000000000001
19632.228415608268	1850	32.21995557009633	0.0	923170	3063.649106133094	1.5094761	0.30000000000000004
19634.54932636399	1850	33.89904481437199	0.0	966699	2320.9107557243424	1.602469	1.85
19634.93225905479	300	37.5161121235764	0.0	150616	382.9326907955907	1.6279655	-1.25
19636.01383385666	750	40.43453732170239	0.0	405596	1081.5748018740028	1.5932457	0.3
19636.86769948853	750	43.58067168982971	0.0	350713	853.8656318726837	1.6355666	0.75
19640.112949451817	2850	44.33542172654073	0.0	1415116	3245.249963288979	1.6454903	0.75
19643.07098594121	1850	45.37738523714981	0.0	955231	2958.036489390924	1.6090348	0.8500000000000001
19647.45393057289	2850	44.99444060546939	0.0	1505760	4382.944631680419	1.6552038	1.85
19650.551861040938	1850	45.89651013741979	0.0	874175	3097.930468049596	1.6178304	0.8500000000000001
19651.64968506809	750	48.798686110268875	0.0	359903	1097.8240271509117	1.6660281	-0.3500000000000001
19654.254871536345	1850	50.193499642013236	0.0	905935	2605.1864682556384	1.6610792	0.75
19655.48617676165	750	52.962194416709764	0.0	425781	1231.3052253034784	1.656455	-0.3500000000000001
19657.523787688464	1850	54.92458348989478	0.0	758197	2037.6109268149823	1.6813126	0.75
19660.219533943557	1850	56.22883723480081	0.0	972798	2695.746255093974	1.6352367	1.85
19664.28392685544	2850	56.16444432291488	0.0	1561263	4064.392911885921	1.6313982	1.85
19671.332489941782	2850	53.115881236571546	0.0	1341201	7048.563086343335	1.384426	2.85
19677.89221698435	2850	50.556154194005885	0.0	1497683	6559.72704256567	1.5550239	2.85
19683.717629103237	1200	48.730742075118556	0.0	584349	5825.412118887322	1.5668404	-0.44999999999999996
19698.764668584994	1200	37.683702593360785	0.0	670129	15047.039481757769	1.6364336	1.2
19706.857488974318	750	33.5908822040392	0.0	401088	8092.820389321586	1.5342602	0.3
19713.258972478296	1200	31.189398700059314	0.0	598727	6401.483503979881	1.5375245	0.75
19714.227797227184	300	34.22057395117087	0.0	131610	968.824748888446	1.57871	-0.6000000000000001
19716.2752903506	750	36.173080827755136	0.0	361565	2047.4931234157343	1.564759	0.3
19720.223125314045	1850	36.22524586431074	0.0	908665	3947.8349634443857	1.6135404	0.75
19733.234373579675	4300	27.21399759868323	0.0	2146120	13011.248265627515	1.6146148	1.8499999999999996
19743.84947636636	2850	20.598894811997337	0.0	1339500	10615.102786685891	1.5864023	1.4000000000000001
19745.16229349513	300	23.286077683228402	0.0	161857	1312.817128768934	1.5702884	-2.25
19750.846821207484	1850	21.60154997087558	0.0	886255	5684.52771235282	1.5465982	0.30000000000000004
19751.860706978157	300	24.587664200202315	0.0	172312	1013.8857706732675	1.5842022	-1.25
19759.356679843764	1200	21.09169133459521	0.0	630203	7495.972865607104	1.5424657	0.29999999999999993
19763.79428146462	750	20.65408971374135	0.0	393804	4437.601620853863	1.4927456	0.3
19768.180620550032	750	20.26775062832762	0.0	331053	4386.339085413729	1.4711673	0.75
19779.67650073288	1850	12.77187044548137	0.0	846370	11495.88018284625	1.4997414	0.75

