23491.710007738988	750	4.0	4.717391294739914	450283	4717.391294739914	1.0570024	-19.53478256738163
23493.164937875517	300	6.545069863471299	0.0	155580	1454.9301365287008	0.5436037	-0.15000000000000002
23496.448578311843	750	7.261429427147555	0.0	350812	3283.6404363237434	0.92077327	0.3
23500.56762817147	750	7.142379567518605	0.0	382355	4119.049859628951	1.0278788	0.75
23505.856756792746	750	5.8532509462410935	0.0	411561	5289.128621277511	0.96696526	0.75
23509.459289308837	750	6.250718430150749	0.0	318564	3602.532516090345	0.5880875	0.75
23512.6088389193	750	7.101168819689153	0.0	352642	3149.5496104615945	0.72262895	0.75
23516.716015978156	750	6.993991760832538	0.0	437162	4107.177058856616	0.95636296	0.75
23520.1348088225	750	7.575198916493735	0.0	374758	3418.792844338803	0.86038184	0.75
23523.958045199935	750	7.751962539056862	0.0	362795	3823.236377436873	0.9648258	0.75
23525.336654716346	300	10.373353022643968	0.0	141840	1378.609516412892	0.9501976	-0.15000000000000002
23529.704376702903	750	10.005631036088998	0.0	405134	4367.7219865549705	0.9844856	0.3
23533.715345124165	750	9.994662614823719	0.0	386351	4010.9684212652796	1.0303676	0.75
23538.24379061561	750	9.466217123381396	0.0	434409	4528.445491442322	1.0402632	0.75
23540.043859122718	300	11.666148616271043	0.0	140051	1800.068507110354	1.0191356	-0.15000000000000002
23542.256259079564	300	13.453748659423589	0.0	138313	2212.399956847454	1.0094483	0.3
23544.77533915761	300	14.934668581377323	0.0	143509	2519.0800780462655	1.056385	0.3
23548.6492874043	300	15.060720334688224	0.0	150616	3873.9482466891	1.0929942	0.3
23550.94468104884	300	16.76532669014712	0.0	165384	2295.393644541104	1.0647051	0.3
23556.915882834757	750	14.794124904227349	0.0	350713	5971.201785919774	1.1651896	0.3
23559.046853904518	300	16.66315383446776	0.0	157671	2130.971069759585	1.1521059	-0.15000000000000002
23561.220328815263	300	18.4896789237238	0.0	157812	2173.474910743961	1.1695049	0.3
23565.242833054104	750	18.467174684882938	0.0	401853	4022.5042388408624	1.2049923	0.3
23566.443147748796	300	21.266859990191563	0.0	137654	1200.314694691378	1.2961929	-0.15000000000000002
23567.73997295866	300	23.970034780324966	0.0	146754	1296.825209866597	1.2825527	0.3
23571.056135966857	750	24.65387177213208	0.0	379700	3316.163008192882	1.308948	0.3
23572.75079445654	300	26.959213282447212	0.0	181901	1694.6584896848676	1.3882954	-0.15000000000000002
23573.746942445137	300	29.96306529385072	0.0	111155	996.1479885964941	1.3393196	0.3
23580.800559867304	1200	26.909447871684282	0.0	622896	7053.617422166436	1.3704075	0.29999999999999993
23586.156409658946	1200	25.55359808004189	0.0	641447	5355.849791642389	1.4439138	1.2
23587.57778604677	300	28.132221692215275	0.0	157421	1421.376387826613	1.4708395	-0.6000000000000001
23589.320293382592	300	30.389714356396123	0.0	157488	1742.5073358191553	1.3719826	0.3
23594.179692036145	750	29.530315702842383	0.0	369834	4859.398653553738	1.3816127	0.3
23597.393230614558	750	30.31677712442748	0.0	412837	3213.538578414903	1.4320204	0.75
23600.75346112492	750	30.9565466140646	0.0	401088	3360.2305103628833	1.493625	0.75
23602.454161403155	300	33.255846335828245	0.0	159914	1700.700278236354	1.5055819	-0.15000000000000002
23603.77449830463	300	35.93550943435762	0.0	131610	1320.336901470626	1.4455951	0.3
23605.22752798125	300	38.48247975773735	0.0	124011	1453.02967662027	1.4808471	0.3
23607.149873514263	300	40.5601342247208	0.0	144254	1922.3455330165496	1.5052184	0.3
23611.893691346468	1200	39.81631639251954	0.0	587506	4743.817832201259	1.5308962	0.29999999999999993
23614.922018189875	750	40.78798954911244	0.0	345516	3028.326843407098	1.7140608	0.3
23621.038038067138	1200	38.67196967184846	0.0	641452	6116.019877263986	1.6951119	0.75
23628.049262265675	1200	35.660745473310136	0.0	599477	7011.224198538327	1.7098722	1.2
23640.003638349543	1850	27.706369389438887	0.0	973972	11954.376083871248	1.6839385	1.2000000000000002
23648.141107813135	1850	23.568899925849102	0.0	958994	8137.469463589785	1.5686053	1.85
23661.8371913125	2850	13.87281642648517	0.0	1483527	13696.083499363933	1.6434987	1.85
23664.987712918974	750	14.722294820008202	0.0	331053	3150.521606476969	1.4498099	-1.35
23670.319078082684	1200	13.39092965629801	0.0	550906	5331.365163710193	1.3950883	0.75

