4451.296170329852	750	4.0	4.146410706663652	450283	4146.4107066636525	0.041076694	-17.079566038653706
4452.4164728320075	300	6.879697497844862	0.0	155580	1120.3025021551377	0.6296919	-0.15000000000000002
4454.855848478906	750	8.440321850945596	0.0	350812	2439.3756468992665	1.0093132	0.3
4457.46251262755	750	9.833657702303324	0.0	382355	2606.664148642272	1.1431692	0.75
4460.843575091405	750	10.452595238448017	0.0	411561	3381.062463855307	1.1694655	0.75
4461.790856261559	300	13.505314068293014	0.0	126289	947.281170155003	1.1452005	-0.15000000000000002
4464.522613690797	750	14.773556639055824	0.0	352642	2731.757429237188	1.1715907	0.3
4468.667619078797	750	14.6285512510566	0.0	437162	4145.0053879992265	1.2541994	0.75
4473.399523670483	750	13.896646659369239	0.0	374758	4731.904591687361	1.2169756	0.75
4482.018277179075	750	9.277893150777357	0.0	362795	8618.75350859188	1.1742164	0.75
4487.29873824211	750	7.9974320877436105	0.0	353220	5280.461063033747	0.81833565	0.75
4490.129422250425	300	9.166748079428208	0.0	156148	2830.684008315403	0.84092706	-0.15000000000000002
4493.986651043399	750	9.309519286453613	0.0	386351	3857.228792974594	0.8689934	0.3
4498.012241021239	750	9.283929308613565	0.0	434409	4025.5899778400476	1.0332352	0.75
4501.02700322425	750	10.269167105602824	0.0	337059	3014.7622030107404	1.0434963	0.75
4507.468138032038	1200	7.828032297815409	0.0	587876	6441.134807787415	1.094841	0.75
4544.180091350476	4300	4.0	28.883921020622314	2289689	36711.95331843772	1.0322701	-123.00086038867595
4548.437757488455	300	4.0	0.25766613797955507	150616	4257.666137979555	0.031499714	-4.807964393312087
4552.212123706021	300	4.225633782433724	0.0	165384	3774.3662175662757	0.023268756	0.3
4554.253851795477	300	6.183905692978642	0.0	140881	2041.728089455082	0.02217213	0.3
4556.00202924108	300	8.435728247374703	0.0	157671	1748.1774456039382	0.21722351	0.3
4558.102797502591	300	10.334959985863838	0.0	157812	2100.7682615108665	0.54441667	0.3
4560.386973084061	300	12.050784404394454	0.0	163927	2284.1755814693834	0.77528346	0.3
4564.096108253066	750	12.341649235388992	0.0	343800	3709.1351690054607	0.94360197	0.3
4568.861032761191	750	11.576724727263656	0.0	359903	4764.924508125336	1.073444	0.75
4572.639069207652	750	11.79868828080243	0.0	379700	3778.0364464612258	1.0461161	0.75
4581.571461563917	1200	6.866295924537755	0.0	696376	8932.392356264676	1.1040962	0.75
4582.982361905256	300	9.455395583197937	0.0	111155	1410.900341339818	0.63790333	-0.6000000000000001
4587.8679353833595	750	8.569822105094604	0.0	400396	4885.573478103333	0.91573113	0.3
4589.8935089744145	300	10.544248514039804	0.0	149029	2025.5735910547992	0.91327125	-0.15000000000000002
4592.185102949274	300	12.252654539180018	0.0	157421	2291.593974859786	0.95607364	0.3
4597.1401770929715	750	11.297580395482345	0.0	400322	4955.074143697671	1.01573	0.3
4602.94389656836	1200	9.493860920093116	0.0	584349	5803.719475389229	1.059795	0.75
4607.706738308079	1200	8.731019180374703	0.0	670129	4762.841739718413	1.109691	1.2
4613.501902155777	1200	6.935855332676367	0.0	690253	5795.163847698337	1.1402831	1.2
4616.467106923194	750	7.9706505652605175	0.0	365161	2965.204767415849	1.0301336	0.3
4617.606331577173	300	10.831425911281508	0.0	131610	1139.2246539790074	1.0272532	-0.15000000000000002
4618.520007234869	300	13.917750253584963	0.0	124011	913.6756576965457	1.0598553	0.3
4619.725237727105	300	16.712519761347735	0.0	144254	1205.2304922372275	1.2139186	0.3
4623.62382286695	750	16.81393462150358	0.0	390680	3898.585139844155	1.2633339	0.3
4626.725762092073	750	17.711995396381358	0.0	345516	3101.9392251222225	1.3237972	0.75
4632.598575959574	1200	15.839181528879777	0.0	641452	5872.813867501581	1.3771152	0.75
4633.869196038854	300	18.568561449599915	0.0	145210	1270.6200792798618	1.392311	-0.6000000000000001
4637.116492117758	750	19.32126537069595	0.0	438281	3247.296078903964	1.3443176	0.3
4642.65220263207	1200	17.78555485638444	0.0	630203	5535.710514311512	1.4670608	0.75
4647.751520887009	1200	16.686236601445174	0.0	638661	5099.318254939265	1.4810812	1.2
4651.68141176177	1200	16.756345726683954	0.0	538612	3929.8908747612204	1.4896581	1.2
4659.477311617909	1850	12.960445870544962	0.0	846370	7795.899856138992	1.5316085	1.2000000000000002

