1.384287999087403	750	4.0	1.384287999087403	450283	1384.287999087403	0.5	-5.202438396075833
1.9052162134621353	300	7.479071785625267	0.0	155580	520.9282143747322	0.8309025	-0.15000000000000002
2.409542250035215	300	10.974745749052188	0.0	139857	504.3260365730793	1.0380251	0.3
3.9086071061415506	750	13.475680892945853	0.0	382355	1499.0648561063356	1.2345084	0.3
5.5280034984827315	750	15.856284500604671	0.0	411561	1619.396392341181	1.3351567	0.75
7.296755465581737	1200	18.08753253350567	0.0	520315	1768.7519670990046	1.4272041	0.75
9.24197696128317	1200	20.142311037804237	0.0	561791	1945.2214957014332	1.5059354	1.2
10.68713928670499	750	22.697148712382415	0.0	437162	1445.1623254218214	1.5139779	0.3
11.243082692024169	300	26.141205307063235	0.0	150710	555.9434053191787	1.5039285	-0.15000000000000002
12.393819563764872	750	28.99046843532253	0.0	362795	1150.7368717407028	1.472261	0.3
14.62063149829073	1200	30.76365650079667	0.0	607410	2226.8119345258606	1.5474477	0.75
15.85342585172642	750	33.530862147360985	0.0	405134	1232.7943534356882	1.5800891	0.3
17.832051968240318	1200	35.552236030847084	0.0	624282	1978.6261165138956	1.5718524	0.75
18.476214277192366	300	38.908073721895036	0.0	179801	644.1623089520463	1.6001121	-0.6000000000000001
19.51273504237279	750	41.871552956714616	0.0	337059	1036.5207651804237	1.581165	0.3
20.691622624740262	750	44.692665374347136	0.0	366214	1178.8875823674753	1.6130993	0.75
21.24172346677732	300	48.14256453231008	0.0	143509	550.1008420370558	1.6186033	-0.15000000000000002
23.382734186485255	1200	50.00155381260215	0.0	581493	2141.0107197079346	1.619421	0.29999999999999993
28.021257431057144	1850	49.363030568030254	0.0	987708	4638.523244571892	1.6434408	1.2000000000000002
31.055743126160138	1850	50.32854487292726	0.0	923755	3034.485695102994	1.6390384	1.85
34.64616463580479	1850	50.73812336328261	0.0	891604	3590.4215096446496	1.6460153	1.85
41.84788426553673	1850	47.53640373355067	0.0	955231	7201.719629731938	1.6376667	1.85
48.095406686569845	1200	45.28888131251755	0.0	656471	6247.522421033122	1.6206601	0.5499999999999999
49.892829190103974	300	47.491458808983424	0.0	137654	1797.4225035341271	1.6063889	-0.6000000000000001
59.87527979677381	1850	41.50900820231359	0.0	897976	9982.45060666983	1.5883127	0.30000000000000004
64.07426604326074	750	41.31002195582666	0.0	379700	4198.986246486928	1.58492	-0.3500000000000001
71.72049249669611	1200	37.663795502391295	0.0	696376	7646.226453435369	1.571888	0.75
75.5955485892506	1200	37.78873940983681	0.0	487160	3875.0560925544837	1.5667603	1.2
80.07736360281253	1200	37.30692439627488	0.0	622896	4481.815013561928	1.5809538	1.2
86.08273364661694	1850	35.30155435247045	0.0	975811	6005.370043804431	1.589041	1.2000000000000002
87.8416127097904	750	37.542675289297	0.0	358218	1758.8790631734473	1.5942259	-0.3500000000000001
90.49754956921073	750	38.886738429876665	0.0	400322	2655.936859420342	1.5889101	0.75
100.28818426557739	2850	33.09610373351001	0.0	1358081	9790.634696366651	1.6072845	0.75
108.91101501495368	1850	28.47327298413372	0.0	1035329	8622.830749376291	1.604608	0.8500000000000001
117.01743615933992	1850	24.366851839747476	0.0	1026056	8106.421144386244	1.5818158	1.85
119.50631053438045	750	25.87797746470695	0.0	365161	2488.874375040527	1.5613716	-0.3500000000000001
123.67450681366876	1850	25.70978118541864	0.0	728962	4168.196279288309	1.573247	0.75
124.4474238164391	300	28.936864182648307	0.0	124011	772.9170027703325	1.6097946	-1.25
125.49425403629103	300	31.890033962796387	0.0	144254	1046.8302198519186	1.5533682	0.3
130.2091492291716	1850	31.175138769915815	0.0	930577	4714.8951928805745	1.565331	0.30000000000000004
135.08833403578237	1850	30.29595396330505	0.0	858450	4879.184806610767	1.635528	1.85
143.5500962458638	2850	25.834191753223603	0.0	1527299	8461.762210081444	1.6328065	1.85
150.79190299994744	2850	22.592384999139988	0.0	1343002	7241.806754083616	1.6213722	2.85
155.48472707023666	1200	21.899560928850754	0.0	634861	4692.824070289233	1.6144564	-0.44999999999999996
158.2337462598073	750	23.150541739280115	0.0	398987	2749.0191895706416	1.5865532	0.3
165.728442268159	1850	19.655845730928423	0.0	982064	7494.696008351691	1.5572829	0.75
169.9342026841091	1850	19.45008531497834	0.0	830730	4205.7604159500825	1.5536276	1.85
173.64863739917246	1850	19.735650599914973	0.0	846370	3714.4347150633694	1.5820992	1.85

