3850.5239582531503	750	4.0	1.1482833162359447	450283	1148.2833162359448	1.3580056	-4.187618259814562
3852.096421899716	1200	6.427536353434235	0.0	611087	1572.4636465657652	1.2481965	0.75
3854.0852210190455	1200	8.43873723410488	0.0	571051	1988.7991193293562	1.3884646	1.2
3856.110896850049	750	10.413061403101462	0.0	382355	2025.6758310034174	1.365307	0.3
3859.686439218594	1200	10.837519034556625	0.0	652874	3575.542368544838	1.2423365	0.75
3862.5397446158686	1850	11.984213637281497	0.0	801058	2853.305397275128	1.3101637	1.2000000000000002
3865.420806119094	1200	13.103152134056721	0.0	561791	2881.0615032247756	1.4818327	0.5499999999999999
3866.8271032148095	300	15.696855038340779	0.0	173849	1406.2970957159437	1.3589934	-0.6000000000000001
3867.702342364354	300	18.821615888796355	0.0	150710	875.2391495444225	1.1951607	0.3
3868.327886562582	300	22.196071690568136	0.0	139105	625.5441982282172	1.2716978	0.3
3870.4459681427725	1200	24.07799011037767	0.0	607410	2118.081580190467	1.3359241	0.29999999999999993
3871.0115720679414	300	27.51238618520862	0.0	156148	565.603925169049	1.5160946	-0.6000000000000001
3871.5886889977564	300	30.935269255393898	0.0	160746	577.1169298147215	1.4040955	0.3
3873.390120168651	1200	33.133838084499004	0.0	687371	1801.4311708948987	1.4305196	0.29999999999999993
3874.6374587038886	1200	35.88649954926139	0.0	526950	1247.3385352376142	1.6324303	1.2
3876.2029367319014	1200	38.32102152124856	0.0	587876	1565.4780280128232	1.6685652	1.2
3881.5666046333695	2850	36.95735361978061	0.0	1491626	5363.667901467952	1.6847591	1.2000000000000002
3892.595524750448	2850	29.92843350270223	0.0	1358801	11028.920117078376	1.1870944	2.85
3902.238760011183	1850	24.28519824196702	0.0	987708	9643.235260735211	1.6101384	0.8500000000000001
3904.5126815109606	1200	26.01127674218939	0.0	586839	2273.921499777629	1.4582077	0.5499999999999999
3906.7017780124993	1200	27.822180240650887	0.0	601738	2189.096501538506	1.5764937	1.2
3908.587432322411	1200	29.936525930738952	0.0	616206	1885.6543099119342	1.6053796	1.2
3911.7585742761908	1850	30.76538397695978	0.0	968026	3171.141953779174	1.6473747	1.2000000000000002
3916.1721581599227	2850	30.35180009322762	0.0	1323990	4413.583883732163	1.6730187	1.85
3919.3686830897996	1850	31.155275163350556	0.0	897976	3196.5249298770664	1.1590583	0.8500000000000001
3921.7674708496047	1850	32.756487403545634	0.0	905935	2398.7877598049213	1.6754243	1.85
3922.9943137748164	750	35.52964447833411	0.0	425781	1226.8429252115177	1.6107401	-0.3500000000000001
3923.4341725141203	300	39.08978573903014	0.0	111155	439.85873930397173	1.6532726	-0.15000000000000002
3924.9909832291696	750	41.532975023980455	0.0	400396	1556.8107150496878	1.5605448	0.3
3928.5843524946026	1850	41.939605758547415	0.0	975811	3593.369265433047	1.6859796	0.75
3933.509151417114	2850	41.01480683603621	0.0	1341201	4924.7989225112005	1.38503	1.85
3938.7393956320743	4300	39.784562621075764	0.0	2147852	5230.2442149604485	0.6350668	2.8499999999999996
3944.400519748792	4300	38.1234385043586	0.0	2191074	5661.124116717163	0.34590384	4.3
3950.952055909717	4300	35.57190234343318	0.0	2286761	6551.536160925418	0.34768975	4.3
3957.012132850601	4300	33.511825402548716	0.0	2307787	6060.076940884463	0.35602057	4.3
3961.9134956973603	4300	32.610462555789674	0.0	2143948	4901.3628467590415	0.35230905	4.3
3964.5864198147933	2850	33.93753843835693	0.0	1139291	2672.9241174327444	0.34467086	1.4000000000000001
3970.5200855870926	4300	32.00387266605767	0.0	2147467	5933.665772299264	0.4191014	2.8499999999999996
3976.594207095264	4300	29.929751157886546	0.0	2133870	6074.121508171125	0.3492672	4.3
3982.5610687175713	4300	27.962889535579116	0.0	2146120	5966.861622307426	0.35457993	4.3
3991.9673797045766	4300	22.5565785485742	0.0	2108491	9406.310987004916	0.3575102	4.3
3999.8102550773456	4300	18.713703175804895	0.0	2184571	7842.8753727693065	0.5275196	4.3
4006.0679582113094	4300	16.456000041841243	0.0	2121928	6257.703133963653	0.48284394	4.3
4013.343597929339	4300	13.180360323811625	0.0	2219102	7275.639718029617	0.4435687	4.3
4021.14131969924	4300	9.382638553910626	0.0	2124950	7797.721769901	0.6336134	4.3
4028.2144068268362	4300	6.309551426314635	0.0	2246506	7073.08712759599	1.0832275	4.3
4033.8106010456268	4300	4.713357207524182	0.0	1961140	5596.194218790453	1.2977622	4.3
4043.542355965106	4300	4.0	5.018397711955133	2155012	9731.754919479316	1.310179	-17.279110161407072

