23613.55299814655	750	4.0	3.7572090788844412	450283	3757.209078884441	1.1196599	-15.405999039203095
23614.78373276048	300	6.76926538607515	0.0	155580	1230.7346139248493	0.5831788	-0.15000000000000002
23617.50352595406	750	8.049472192492635	0.0	350812	2719.793193582516	0.83087957	0.3
23626.224031920807	1200	4.0	0.6710337742533957	617681	8720.50596674603	0.9329455	-2.1354452292896013
23627.941987570197	300	6.28204435060885	0.0	163442	1717.955649391149	0.5043807	-0.6000000000000001
23628.671394216242	300	9.552637704560231	0.0	126289	729.4066460486192	0.7989945	0.3
23631.56904832601	750	10.65498359479349	0.0	352642	2897.654109766742	0.98685014	0.3
23632.99656610959	300	13.227465811213284	0.0	173849	1427.5177835802065	1.0885355	-0.15000000000000002
23638.54784753784	750	11.67618438296108	0.0	374758	5551.281428252203	1.194628	0.3
23641.759617236687	750	12.46441468411781	0.0	362795	3211.769698843271	1.0637861	0.75
23642.88998414033	300	15.33404778047505	0.0	141840	1130.36690364276	1.1567949	-0.15000000000000002
23644.538706057563	300	17.68532586324217	0.0	156148	1648.7219172328807	1.2609669	0.3
23646.21131032396	300	20.01272159684317	0.0	160746	1672.604266399001	1.2832049	0.3
23655.917547546323	750	14.306484374481773	0.0	434409	9706.237222361397	1.3035097	0.3
23659.56053239599	300	14.663499524817011	0.0	140051	3642.9848496647624	1.098489	-0.15000000000000002
23669.406503728027	750	8.817528192776207	0.0	366214	9845.971332040805	1.050994	0.3
23672.35576719819	300	9.868264722615965	0.0	143509	2949.2634701602406	0.82668954	-0.15000000000000002
23676.61374856253	300	9.610283358277012	0.0	150616	4257.981364338953	0.8518141	0.3
23690.67331723055	750	4.0	4.449285309741237	405596	14059.56866801825	0.8355709	-18.831926831887316
23694.885504132795	300	4.0	0.2121869022463552	140881	4212.186902246355	0.012582872	-1.0624036796593272
23698.531922925184	300	4.353581207608983	0.0	157671	3646.418792391018	0.024958847	0.3
23701.775644192432	300	5.109859940362031	0.0	157812	3243.7212672469514	0.012899876	0.3
23704.711880236777	300	6.17362389601415	0.0	163927	2936.236044347881	0.020250898	0.3
23706.40943081831	300	8.476073314484143	0.0	137654	1697.5505815300066	0.17951158	0.3
23708.457079825515	300	10.428424307273826	0.0	146754	2047.6490072103168	0.48241135	0.3
23711.97734330208	300	10.908160830712552	0.0	153938	3520.2634765612747	0.84032667	0.3
23721.70758002003	750	5.177924112760595	0.0	425781	9730.236717951957	0.8343874	0.3
23725.32131730317	300	5.5641868296209145	0.0	111155	3613.7372831396806	0.11710039	-0.15000000000000002
23730.072843340295	300	4.812660792492534	0.0	153605	4751.52603712838	0.13174734	0.3
23735.514359920613	300	4.0	0.6288557878236933	149029	5441.516580316227	0.05061057	-2.404079887641881
23740.51331231544	300	4.0	0.9989523948290416	157421	4998.952394829042	0.016150564	-3.9954952977648794
23744.565372237954	300	4.0	0.05205992251233101	157488	4052.059922512331	0.026734227	0.07614233319697664
23749.575587476607	300	4.0	1.010215238652574	143881	5010.215238652574	0.011019552	-4.043925526206068
23755.551617349414	300	4.0	1.9760298728102352	163444	5976.029872810235	0.009177521	-8.196928453084011
23760.991642230958	300	4.0	1.4400248815407204	179328	5440.02488154072	0.008734007	-5.892106990625098
23764.591539763926	300	4.400102467032371	0.0	159914	3599.8975329676286	0.010615746	0.3
23766.056492563093	300	6.9351496678595765	0.0	131610	1464.9527991727948	0.015953552	0.3
23767.309388985977	300	9.682253244977115	0.0	124011	1252.8964228824614	0.2046163	0.3
23768.68483345919	300	12.306808771768145	0.0	144254	1375.4444732089712	0.8140724	0.3
23769.967464692112	300	15.024177538841972	0.0	149991	1282.6312329261732	1.016779	0.3
23771.0783005868	300	17.91334164415426	0.0	147968	1110.8358946877102	1.1762797	0.3
23772.289131199712	300	20.7025110312468	0.0	161857	1210.8306129074622	1.3313783	0.3
23774.857743336102	750	22.13389889485301	0.0	372093	2568.6121363937846	1.4548316	0.3
23777.668151232403	750	23.323490998553428	0.0	438281	2810.407896299585	1.5241498	0.75
23781.72348403324	1200	23.26815819771926	0.0	630203	4055.3328008341714	1.5555882	0.75
23788.624136156763	1850	20.367506074193148	0.0	982064	6900.652123526109	1.5786742	1.2000000000000002
23791.656730522922	1200	21.334911708033736	0.0	538612	3032.5943661594088	1.5715734	0.5499999999999999
23795.54808223724	1850	21.443559993718004	0.0	846370	3891.351714315733	1.5937964	1.2000000000000002

