6903.966704310528	750	4.0	8.793419615156727	450283	8793.419615156727	1.0597112	-37.06170434517393
6906.967065617785	300	4.999638692742964	0.0	155580	3000.361307257036	0.30768695	-0.15000000000000002
6909.595802248834	300	6.370902061693952	0.0	139857	2628.7366310490115	0.49403536	0.3
6912.075063213287	300	7.89164109724028	0.0	155432	2479.2609644536724	0.67803097	0.3
6914.485049928661	300	9.481654381865631	0.0	163442	2409.9867153746472	0.7577617	0.3
6919.233675990267	750	8.733028320259557	0.0	318564	4748.626061606075	0.8739196	0.3
6924.315803544181	750	7.65090076634583	0.0	352642	5082.127553913726	0.84876555	0.75
6926.7488890779305	300	9.217815232596363	0.0	173849	2433.0855337494677	0.8046894	-0.15000000000000002
6928.771680908356	300	11.19502340217102	0.0	150710	2022.7918304253446	0.8562932	0.3
6934.16501296053	750	9.801691349997327	0.0	362795	5393.332052173692	0.9311177	0.3
6936.226552281375	300	11.740152029152101	0.0	141840	2061.5393208452256	0.92056036	-0.15000000000000002
6938.9650913485275	300	13.001612961999031	0.0	156148	2738.5390671530695	0.9578574	0.3
6941.540517383745	300	14.426186926781812	0.0	160746	2575.4260352172205	0.98625356	0.3
6944.012997714504	300	15.953706596022366	0.0	179801	2472.480330759445	1.02173	0.3
6948.717305262231	750	15.249399048295258	0.0	337059	4704.307547727108	1.138093	0.3
6955.646902064825	750	12.319802245701794	0.0	366214	6929.596802593463	1.1411175	0.75
6957.917855033421	300	14.04884927710498	0.0	143509	2270.952968596816	0.9945568	-0.15000000000000002
6960.015392997945	300	15.951311312581064	0.0	150616	2097.5379645239154	1.0373076	0.3
6962.3807199547955	300	17.585984355730282	0.0	165384	2365.3269568507835	1.0915471	0.3
6964.422019409765	300	19.544684900759556	0.0	140881	2041.2994549707255	1.1579099	0.3
6966.8010780487275	300	21.16562626179739	0.0	157671	2379.0586389621676	1.2330781	0.3
6969.297192793886	300	22.669511516638963	0.0	157812	2496.114745158426	1.2436576	0.3
6984.574097065225	1850	11.392607245299716	0.0	968026	15276.904271339246	1.2937962	0.30000000000000004
6993.165767474864	1200	6.800936835661407	0.0	536667	8591.67040963831	1.0974172	0.5499999999999999
6995.390450062898	300	8.576254247627073	0.0	146754	2224.682588034333	0.7118238	-0.6000000000000001
6997.713968614144	300	10.252735696381384	0.0	153938	2323.5185512456897	0.80861646	0.3
6999.951801663888	300	12.014902646636862	0.0	181901	2237.8330497445204	0.7999966	0.3
7001.256264293839	300	14.710440016685762	0.0	111155	1304.462629951101	0.97702	0.3
7005.21063568731	750	14.75606862321452	0.0	400396	3954.371393471242	1.0450575	0.3
7006.6855846232	300	17.281119687324665	0.0	149029	1474.9489358898575	1.1271132	-0.15000000000000002
7010.2932681199945	750	17.673436190529976	0.0	358218	3607.683496794688	1.2408499	0.3
7012.313184031766	300	19.65352027875847	0.0	157488	2019.915911771507	1.3384784	-0.15000000000000002
7016.597214895602	750	19.369489414922732	0.0	369834	4284.030863835738	1.3041464	0.3
7018.58957302162	300	21.377131288904188	0.0	163444	1992.3581260185465	1.3527024	-0.15000000000000002
7027.98711746589	1200	15.979586844634019	0.0	690253	9397.544444270168	1.3526299	0.29999999999999993
7037.110472082831	1200	10.856232227692646	0.0	598727	9123.354616941373	1.2907718	1.2
7040.868637104724	750	11.098067205799456	0.0	321064	3758.1650218931904	1.0877781	0.3
7042.5855257287685	300	13.381178581755085	0.0	124011	1716.8886240443712	1.0638626	-0.15000000000000002
7044.475277570759	300	15.491426739764542	0.0	144254	1889.751841990542	1.0689676	0.3
7049.301245083812	750	14.665459226710995	0.0	390680	4825.967513053548	1.1559224	0.3
7053.081416937741	750	14.885287372782956	0.0	345516	3780.1718539280387	1.1898528	0.75
7060.530876316604	1200	11.435827993918945	0.0	641452	7449.4593788640095	1.1970752	0.75
7065.472046479709	750	10.494657830813278	0.0	372093	4941.170163105667	1.1587892	0.3
7070.824514206904	750	9.14219010361913	0.0	438281	5352.467727194147	1.0191607	0.75
7072.929182210017	300	11.03752210050632	0.0	167025	2104.66800311281	0.95989037	-0.15000000000000002
7074.85363793174	300	13.113066378783211	0.0	160064	1924.4557217231102	0.9806547	0.3
7078.800103310902	750	13.166600999620405	0.0	331053	3946.4653791628066	1.1212285	0.3
7080.344200325989	300	15.622503984533825	0.0	118421	1544.0970150865805	1.1722339	-0.15000000000000002

