6155.708491667837	750	4.0	2.600378850967279	450283	2600.378850967279	1.2381693	-10.431629059159299
6158.668661123506	1200	5.039830544329969	0.0	611087	2960.1694556700318	1.0057542	0.75
6162.470380318545	1200	5.23811134929225	0.0	571051	3801.7191950377187	1.2019644	1.2
6163.535171584625	300	8.17332008321245	0.0	155432	1064.7912660798	1.0954924	-0.6000000000000001
6169.5331648639185	1200	6.175326803918512	0.0	652874	5997.993279293938	1.021318	0.29999999999999993
6173.435831153839	1200	6.272660513998074	0.0	520315	3902.6662899204384	1.0281037	1.2
6175.219331162108	300	8.489160505728703	0.0	153295	1783.500008269371	1.0731374	-0.6000000000000001
6177.405378209862	300	10.303113457974817	0.0	173849	2186.0470477538865	0.9240237	0.3
6180.348303638779	750	11.360188029057651	0.0	374758	2942.9254289171654	0.9611896	0.3
6181.47289713258	300	14.23559453525593	0.0	139105	1124.5934938017226	1.1521462	-0.15000000000000002
6182.590511122349	300	17.117980545486056	0.0	141840	1117.6139897698743	1.158723	0.3
6183.946325932749	300	19.762165735087354	0.0	156148	1355.8148103987	1.2093966	0.3
6188.756893288073	1200	18.95159837976299	0.0	624282	4810.567355324361	1.232363	0.29999999999999993
6196.147088468626	1200	15.561403199210126	0.0	687371	7390.195180552867	1.370893	1.2
6203.866346814702	750	11.842144853134123	0.0	337059	7719.258346076004	1.2675474	0.3
6205.585068536542	300	14.123423131294027	0.0	138313	1718.7217218400963	1.0115579	-0.15000000000000002
6207.166573111211	300	16.541918556625426	0.0	143509	1581.5045746686	1.1134548	0.3
6208.761806168991	300	18.946685498845675	0.0	150616	1595.2330577797532	1.1943808	0.3
6216.6624218231045	1200	15.04606984473152	0.0	639204	7900.615654114156	1.2327112	0.29999999999999993
6219.741884886365	750	15.966606781470938	0.0	350713	3079.46306326058	1.2520326	0.3
6222.270041447171	750	17.438450220664933	0.0	386472	2528.156560806007	1.2710469	0.75
6224.561858142818	750	19.14663352501739	0.0	399894	2291.8166956475434	1.3309581	0.75
6228.483236989798	1200	19.225254678038088	0.0	656471	3921.378846979302	1.3624238	0.75
6231.386098934567	750	20.322392733269368	0.0	343800	2902.8619447687206	1.431327	0.3
6234.5763577094285	750	21.132133958408104	0.0	359903	3190.2587748612646	1.3436038	0.75
6237.53305644074	750	22.175435227095555	0.0	379700	2956.698731312551	1.3509269	0.75
6243.707014454228	1850	20.001477213608762	0.0	1076599	6173.958013486792	1.3720104	0.75
6248.3265124397185	1850	19.381979228118198	0.0	758197	4619.497985490565	1.5131899	1.85
6249.450110791317	300	22.258380876520548	0.0	153605	1123.5983515976525	1.5177526	-1.25
6252.007446097444	750	23.70104557039338	0.0	400508	2557.335306127166	1.3254733	0.3
6257.423472600047	1850	22.285019067790497	0.0	873429	5416.026502602881	1.4290926	0.75
6262.607659405521	1200	21.10083226231632	0.0	620283	5184.18680547418	1.5575359	0.5499999999999999
6264.940174679148	1200	22.768316988689506	0.0	584349	2332.5152736268137	1.4333655	1.2
6266.00410846125	300	25.704383206587064	0.0	163444	1063.9337821024433	1.5768046	-0.6000000000000001
6278.570888618739	2850	17.137603049098406	0.0	1492672	12566.78015748866	1.3991128	0.30000000000000027
6282.766438430939	1200	16.942053236899042	0.0	598727	4195.549812199363	1.4571664	-0.44999999999999996
6285.152303563486	1200	18.55618810435076	0.0	487812	2385.8651325482815	1.4420273	1.2
6292.220022969759	2850	15.488468698078915	0.0	1499009	7067.719406271845	1.5396949	1.2000000000000002
6296.054023356866	1850	15.654468310971668	0.0	908665	3834.000387107248	1.6206106	0.8500000000000001
6303.900022963491	4300	11.808468704346174	0.0	2146120	7845.999606625493	1.6147959	1.8499999999999996
6305.731003061867	1200	13.97748860597046	0.0	566904	1830.9800983757145	1.1871667	-1.9000000000000001
6310.822202597784	2850	12.886289070054218	0.0	1527299	5091.199535916243	1.5801172	1.2000000000000002
6315.259153100714	2850	12.449338567124132	0.0	1343002	4436.950502930085	1.4829705	2.85
6323.345219607152	4300	8.36327206068638	0.0	2219102	8086.066506437753	1.4580538	2.8499999999999996
6325.992333851941	1850	9.716157815897228	0.0	958994	2647.114244789153	1.4001977	-0.6000000000000001
6329.6241070538035	2850	10.084384614034496	0.0	1483527	3631.7732018627325	1.6277841	1.85
6332.442635873895	2850	11.265855793942288	0.0	1231456	2818.5288200922078	1.369806	2.85
6337.807001414095	4300	9.90149025374193	0.0	2155012	5364.365540200359	1.1294582	2.8499999999999996

