6740.0012277014475	750	4.0	1.5985734190571195	450283	1598.5734190571195	1.2536432	-6.123865701945613
6740.79183433369	300	7.209393367758037	0.0	155580	790.6066322419633	0.80690205	-0.15000000000000002
6742.381176852089	750	9.620050849358384	0.0	350812	1589.342518399653	0.9503171	0.3
6744.240932659965	750	11.760295041483133	0.0	382355	1859.7558078752527	1.1490628	0.75
6745.053928451692	300	14.947299249755977	0.0	163442	812.9957917271546	1.2534895	-0.15000000000000002
6747.685105803376	1200	16.316121898071252	0.0	520315	2631.1773516847243	1.316582	0.29999999999999993
6749.218574769721	750	18.7826529317256	0.0	352642	1533.468966345655	1.4459994	0.3
6750.617704419261	750	21.383523282185813	0.0	437162	1399.129649539787	1.4248523	0.75
6752.548275577109	1200	23.452952124337433	0.0	584846	1930.5711578483777	1.492307	0.75
6753.156233503992	300	26.844994197454984	0.0	139105	607.9579268824485	1.5530679	-0.6000000000000001
6754.381738511141	750	29.619489190306716	0.0	353220	1225.505007148269	1.4810381	0.3
6756.1010204926415	1200	31.9002072088062	0.0	594078	1719.2819815005116	1.5453666	0.75
6759.454063389771	1850	32.54716431167591	0.0	946851	3353.042897130297	1.5918157	1.2000000000000002
6760.112891249501	300	35.88833645194619	0.0	179801	658.8278597297123	1.612298	-1.25
6761.5016056323275	750	38.4996220691195	0.0	337059	1388.7143828266876	1.5608811	0.3
6762.160082421952	300	41.84114527949513	0.0	138313	658.4767896243717	1.5869714	-0.15000000000000002
6765.906828160801	1850	42.094399540646435	0.0	966699	3746.745738848694	1.5729913	0.30000000000000004
6767.972678348061	1200	44.02854935338705	0.0	581493	2065.8501872593906	1.6296709	0.5499999999999999
6770.083041622143	1200	45.918186079304505	0.0	639204	2110.363274082539	1.6241348	1.2
6773.84381993667	1850	46.15740776477738	0.0	923755	3760.778314527121	1.6390438	1.2000000000000002
6782.05871421109	4300	41.942513490358664	0.0	2039773	8214.894274418715	1.6457474	1.8499999999999996
6785.757687898453	1850	42.24353980299556	0.0	955231	3698.9736873631014	1.4949144	-0.6000000000000001
6793.943023900559	4300	38.05820380088885	0.0	2221506	8185.336002106709	1.6268109	1.8499999999999996
6802.815177178035	4300	33.18605052341362	0.0	2044075	8872.153277475225	1.4877563	4.3
6811.629142981232	4300	28.37208472021625	0.0	2186790	8813.96580319737	1.5419786	4.3
6818.860303313456	4300	25.140924387992534	0.0	2105231	7231.160332223719	1.5870541	4.3
6824.912157408527	1850	23.0890702929217	0.0	1076599	6051.854095070834	1.602833	-0.6000000000000001
6825.353723829808	300	26.647503871639728	0.0	111155	441.56642128197365	1.5943626	-1.25
6828.321719287214	1850	27.679508414232803	0.0	972798	2967.9954574069275	1.5229093	0.30000000000000004
6831.169773607333	1200	28.8314540941148	0.0	641447	2848.0543201179994	1.610802	0.5499999999999999
6832.9016423273315	750	31.099585374116455	0.0	358218	1731.8687199983453	1.6020063	0.3
6838.17973242372	1850	29.82149527772754	0.0	954453	5278.090096388915	1.5810102	0.75
6841.299835054179	1200	30.70139264726871	0.0	584349	3120.102630458828	1.621569	0.5499999999999999
6843.407265673682	750	32.593962027766096	0.0	412837	2107.4306195026147	1.610496	0.3
6848.480197294476	1850	31.521030406972116	0.0	1026056	5072.931620793979	1.6026669	0.75
6851.639786113669	1200	32.36144158777911	0.0	598727	3159.5888191930076	1.6289856	0.5499999999999999
6852.429093311683	300	35.57213438976569	0.0	131610	789.3071980134279	1.6400208	-0.6000000000000001
6856.672494893774	1850	35.3287328076744	0.0	938587	4243.401582091283	1.598742	0.30000000000000004
6860.483818407313	1850	35.51740929413515	0.0	908665	3811.323513539255	1.6423519	1.85
6863.062674432961	1200	36.938553268487176	0.0	587506	2578.856025647971	1.6512984	0.5499999999999999
6864.223795699839	750	39.777432001610336	0.0	345516	1161.1212668768399	1.6520405	0.3
6866.540683045106	1200	41.46054465634314	0.0	641452	2316.8873452671987	1.6636446	0.75
6869.801820139193	1850	42.199407562255836	0.0	886255	3261.137094087305	1.6709244	1.2000000000000002
6871.967865736163	1200	44.03336196528518	0.0	634861	2166.045596970663	1.609445	0.5499999999999999
6874.567786462288	1200	45.43344123916107	0.0	630203	2599.9207261241127	1.6599041	1.2
6878.425909902322	1850	45.575317799126374	0.0	982064	3858.123440034694	1.6557969	1.2000000000000002
6886.234702466966	4300	41.76652523448221	0.0	1961140	7808.792564644167	1.5288378	1.8499999999999996
6895.173284695371	4300	36.82794300607779	0.0	2155012	8938.582228404419	0.8116558	4.3

