6365.279454685381	750	4.0	2.148641230861048	450283	2148.641230861048	0.18994345	-8.489157292702506
6366.366147414387	300	6.913307270993737	0.0	155580	1086.6927290062629	0.7497914	-0.15000000000000002
6368.2306674072715	750	9.0487872781098	0.0	350812	1864.5199928839356	0.8795243	0.3
6369.079632835298	300	12.19982185008356	0.0	155432	848.9654280262417	1.0634755	-0.15000000000000002
6372.750325617906	750	12.52912906747602	0.0	411561	3670.6927826075394	1.158163	0.3
6375.387622621748	750	13.891832063633979	0.0	318564	2637.2970038420412	1.2194616	0.75
6377.070112250877	750	16.20934243450445	0.0	352642	1682.4896291295306	1.263843	0.75
6377.88789143938	300	19.391563246001688	0.0	173849	817.77918850276	1.3595777	-0.15000000000000002
6380.779377157247	1200	20.500077528134913	0.0	584846	2891.4857178667785	1.3990774	0.29999999999999993
6385.91805658954	1850	19.36139809584156	0.0	913888	5138.679432293351	1.5051732	1.2000000000000002
6387.453874834365	750	21.82557985101639	0.0	353220	1535.818244825175	1.5379729	-0.3500000000000001
6388.261709100498	300	25.017745584883652	0.0	156148	807.834266132738	1.4728838	-0.15000000000000002
6389.896165532606	750	27.383289152775646	0.0	386351	1634.4564321080022	1.4573009	0.3
6391.769240807954	750	29.510213877427088	0.0	434409	1873.075275348563	1.5180275	0.75
6394.428933041002	1200	30.85052164437996	0.0	526950	2659.692233047129	1.5452733	0.75
6395.859505077937	750	33.419949607444515	0.0	366214	1430.5720369354442	1.5667341	0.3
6397.382338727575	750	35.89711595780612	0.0	360831	1522.8336496383886	1.5621098	0.75
6398.911943132109	750	38.367511553272365	0.0	372963	1529.6044045337528	1.5935258	0.75
6401.13051051331	750	40.14894417207228	0.0	405596	2218.5673812000896	1.5894383	0.75
6406.917397498875	2850	38.36205718650703	0.0	1336050	5786.886985565243	1.5894668	0.75
6414.629740144235	2850	34.649714541146984	0.0	1415116	7712.342645360051	1.6320274	2.85
6421.594200891745	2850	31.6852537936381	0.0	1468126	6964.4607475088815	1.6193627	2.85
6423.545826090117	1200	33.73362859526554	0.0	656471	1951.6251983725579	1.6203675	-0.44999999999999996
6424.057442895155	300	37.222011790227185	0.0	137654	511.6168050383532	1.6175244	-0.6000000000000001
6425.897880901875	750	39.38157378350723	0.0	359903	1840.4380067199609	1.5920014	0.3
6427.011954715343	300	42.26749997003991	0.0	153938	1114.073813467326	1.6016788	-0.15000000000000002
6429.445515985103	750	43.83393870027915	0.0	425781	2433.5612697607603	1.5649332	0.3
6432.602770308787	1850	44.67668437659581	0.0	758197	3157.2543236833353	1.6153803	0.75
6438.025848085503	2850	43.253606599879255	0.0	1498470	5423.0777767165555	1.6431429	1.85
6445.151501091678	2850	40.127953593703545	0.0	1561263	7125.653006175708	1.5977641	2.85
6447.291557951828	750	41.98789673355421	0.0	358218	2140.0568601493337	1.6219215	-1.35
6463.869877015948	4300	29.409577669433013	0.0	2147852	16578.3190641212	1.6196667	0.75
6476.283594069484	1850	20.99586061589796	0.0	885062	12413.717053535054	1.5994269	-0.6000000000000001
6478.549615913661	750	22.72983877172047	0.0	412837	2266.0218441774873	1.4777939	-0.3500000000000001
6479.340110733489	300	25.939343951891956	0.0	179328	790.4948198285157	1.5312475	-0.15000000000000002
6480.8564821345035	750	28.42297255087854	0.0	365161	1516.3714010134129	1.5320289	0.3
6482.259083539983	750	31.020371145398368	0.0	321064	1402.601405480174	1.6058693	0.75
6483.855368835653	1200	33.424085849728456	0.0	575591	1596.2852956699107	1.594898	0.75
6484.336639993663	300	36.94281469171844	0.0	144254	481.2711580100154	1.6112645	-0.6000000000000001
6492.725813628469	1850	32.553641056912646	0.0	930577	8389.173634805795	1.6610688	0.30000000000000004
6495.084112792339	1850	34.19534189304301	0.0	858450	2358.299163869638	1.6557156	1.85
6497.687395489657	1850	35.59205919572418	0.0	1025005	2603.2826973188166	1.6577348	1.85
6498.818435733262	750	38.46101895211884	0.0	372093	1131.0402436053444	1.633176	-0.3500000000000001
6500.37958733704	1200	40.89986734834057	0.0	634861	1561.1516037782703	1.6859008	0.75
6504.605480961509	2850	40.673973723872294	0.0	1464921	4225.893624468275	1.6750444	1.2000000000000002
6523.402708540467	4300	25.876746144914804	0.0	2246506	18797.227578957492	1.37958	2.8499999999999996
6535.051880731942	1200	18.227573953439425	0.0	538612	11649.172191475382	1.6087581	-1.9000000000000001
6541.225483736549	1200	16.053970948833065	0.0	550906	6173.603004606357	1.471894	1.2

