23975.381320830074	750	4.0	3.9247822452337946	450283	3924.7822452337946	1.577453	-16.126563654505315
23976.73271712329	300	6.648603706784821	0.0	155580	1351.3962932151785	0.5687145	-0.15000000000000002
23979.58020745919	750	7.801113370884768	0.0	350812	2847.4903359000523	0.8176518	0.3
23982.307548361125	750	9.07377246894685	0.0	382355	2727.3409019379205	0.911524	0.75
23983.5990710133	300	11.782249816770149	0.0	163442	1291.5226521766992	0.98699135	-0.15000000000000002
23984.356115522165	300	15.025205307908507	0.0	126289	757.0445088616417	1.0936514	0.3
23992.610320197982	2850	10.771000632091276	0.0	1388403	8254.204675817231	1.2452097	0.30000000000000027
24000.601393236506	1850	6.779927593565458	0.0	1060487	7991.073038525818	1.3982918	0.8500000000000001
24001.46314849273	300	9.918172337339914	0.0	150710	861.7552562255421	1.1260895	-1.25
24004.001053121447	750	11.380267708625318	0.0	362795	2537.904628714595	1.1073691	0.3
24009.601949023123	1200	9.77937180695052	0.0	607410	5600.8959016748	1.2207854	0.75
24017.444692647718	1200	5.936628182355303	0.0	594078	7842.743624595217	1.1735607	1.2
24019.53792870446	300	7.843392125613579	0.0	160746	2093.2360567417236	0.84975004	-0.6000000000000001
24023.973717316592	750	7.4076035134796285	0.0	434409	4435.788612133951	0.8306003	0.3
24025.390236376406	300	9.991084453669341	0.0	140051	1416.519059810288	0.89091617	-0.15000000000000002
24026.81740376734	300	12.563917062735728	0.0	138313	1427.1673909336123	0.96260667	0.3
24028.259319695164	300	15.122001134910862	0.0	143509	1441.915927824864	1.081434	0.3
24029.511989391096	300	17.869331438979724	0.0	150616	1252.669695931137	1.1535615	0.3
24030.880007101772	300	20.501313728305167	0.0	165384	1368.017710674559	1.2692417	0.3
24034.11237625278	750	21.268944577299372	0.0	350713	3232.3691510057956	1.3589735	0.3
24041.143091476082	750	18.238229353993994	0.0	386472	7030.7152233053785	1.4056735	0.75
24045.410082924845	300	17.97123790522989	0.0	157812	4266.991448764099	1.2830899	-0.15000000000000002
24048.60527726443	300	18.776043565647313	0.0	163927	3195.194339582579	1.1835603	0.3
24050.417161622343	300	20.96415920773172	0.0	137654	1811.8843579155932	1.2307683	0.3
24058.168838734164	1200	17.212482095908218	0.0	587236	7751.6771118235	1.3010341	0.29999999999999993
24060.079938551793	300	19.301382278279938	0.0	153938	1911.0998176282758	1.3092301	-0.6000000000000001
24062.70507457412	300	20.67624625595313	0.0	181901	2625.1360223268093	1.2278475	0.3
24065.842684050072	750	21.538636780002594	0.0	277716	3137.609475950536	1.2926362	0.3
24067.325192821816	300	24.056128008257847	0.0	153605	1482.5087717447475	1.3621742	-0.15000000000000002
24074.260209437114	1200	21.121111392958788	0.0	641447	6935.0166152990605	1.389899	0.29999999999999993
24076.48204160827	300	22.899279221801375	0.0	157421	2221.832171157412	1.4157705	-0.6000000000000001
24078.814762966085	300	24.56655786398569	0.0	157488	2332.721357815686	1.351267	0.3
24091.57793225481	1850	15.803388575262623	0.0	885062	12763.169288723067	1.4170667	0.30000000000000004
24099.234724732487	1850	12.146596097582664	0.0	1035329	7656.792477679958	1.3062394	1.85
24102.969758788913	1200	12.41156204115872	0.0	690253	3735.034056423943	1.3213855	0.5499999999999999
24104.989026371448	750	14.392294458624457	0.0	365161	2019.2675825342626	1.34375	0.3
24107.102412331216	750	16.2789084988569	0.0	321064	2113.3859597675564	1.384902	0.75
24111.2341831406	750	16.14713768947141	0.0	361565	4131.770809385491	1.4290279	0.75
24114.397504603683	750	16.98381622639094	0.0	378327	3163.3214630804696	1.3262153	0.75
24115.516288894734	300	19.86503193534052	0.0	149991	1118.7842910504191	1.3609014	-0.15000000000000002
24118.330176034586	1200	21.051144795489453	0.0	566904	2813.887139851066	1.4693441	0.29999999999999993
24124.73635032874	1200	18.64497050133399	0.0	641452	6406.17429415546	1.5815529	1.2
24125.56083719641	300	21.82048363366161	0.0	145210	824.4868676723817	1.5034482	-0.6000000000000001
24129.062206885865	1200	22.319113944210542	0.0	634861	3501.3696894510695	1.5133587	0.29999999999999993
24129.947931684663	300	25.433389145410647	0.0	167025	885.7247987998915	1.578396	-0.6000000000000001
24133.60199490308	1200	25.77932592699374	0.0	638661	3654.063218416912	1.575053	0.29999999999999993
24134.260479488705	300	29.12084134136913	0.0	137507	658.4845856246084	1.6277449	-0.6000000000000001
24134.84084281595	300	32.54047801412357	0.0	118421	580.363327245555	1.6122812	0.3

