10122.515206375512	750	4.0	1.7041197936685797	450283	1704.1197936685796	1.4763749	-6.577715112774892
10124.355714419258	750	6.159491956252071	0.0	398865	1840.5080437479282	0.7950195	0.75
10125.044495366308	300	9.470711009202722	0.0	139857	688.7809470493507	0.95386714	-0.15000000000000002
10126.731168549983	750	11.784037825528243	0.0	382355	1686.6731836744789	1.0787795	0.3
10130.056636505107	1200	12.458569870404736	0.0	652874	3325.4679551235076	1.2611048	0.75
10131.468486484064	750	15.046719891448236	0.0	318564	1411.8499789564994	1.3639224	0.3
10132.82851234528	750	17.686694030231386	0.0	352642	1360.0258612168518	1.3747268	0.75
10133.598713437104	300	20.916492938407917	0.0	173849	770.2010918234694	1.4197084	-0.15000000000000002
10134.279290883125	300	24.235915492387573	0.0	150710	680.5774460203435	1.418243	0.3
10138.085429108487	1850	24.429777267026438	0.0	913888	3806.138225361135	1.4436046	0.30000000000000004
10140.908888076232	1200	25.606318299281483	0.0	607410	2823.458967744954	1.5823088	0.5499999999999999
10144.537620459514	1850	25.977585916001345	0.0	917428	3628.7323832801376	1.5442595	1.2000000000000002
10149.524116276716	1850	24.991090098799198	0.0	946851	4986.495817202147	1.5985477	1.85
10153.059905589276	1200	25.455300786239757	0.0	687371	3535.789312559442	1.5772687	0.5499999999999999
10154.399822705913	750	28.115383669603748	0.0	337059	1339.9171166360104	1.554916	0.3
10156.657602825919	1200	29.85760354959864	0.0	587876	2257.7801200051076	1.5321834	0.75
10159.903050295852	1850	30.612156079665024	0.0	966699	3245.447469933616	1.5760812	1.2000000000000002
10160.424216464522	300	34.09098991099493	0.0	150616	521.1661686700972	1.6198612	-1.25
10161.755026928595	750	36.76017944692236	0.0	405596	1330.8104640725642	1.5482109	0.3
10162.227103806847	300	40.28810256866992	0.0	140881	472.0768782524365	1.5999231	-0.15000000000000002
10163.343979124038	750	43.17122725147731	0.0	386472	1116.8753171926078	1.6008266	0.3
10164.692684997543	750	45.82252137797271	0.0	399894	1348.7058735045982	1.6336209	0.75
10169.734432607833	2850	44.78077376768159	0.0	1505760	5041.747610291121	1.6314018	0.75
10176.02971646211	2850	42.4854899134061	0.0	1323990	6295.28385427549	1.6242146	2.85
10179.119091134005	1850	43.396115241508646	0.0	897976	3089.374671897454	1.6381339	0.8500000000000001
10182.318167792222	1850	44.19703858329372	0.0	905935	3199.0766582149267	1.6439829	1.85
10184.832256028782	1200	45.68295034673365	0.0	696376	2514.088236560073	1.6432376	0.5499999999999999
10189.57752141686	2850	44.937684958653094	0.0	1141971	4745.26538808055	1.662667	1.2000000000000002
10195.378632343496	2850	43.13657403201988	0.0	1498470	5801.110926633217	1.6116512	2.85
10200.087777237444	2850	42.427429138069776	0.0	1561263	4709.144893950107	1.6188258	2.85
10208.970163968519	4300	37.545042406996785	0.0	2113193	8882.386731072993	1.5839202	2.8499999999999996
10218.892934346282	2850	31.62227202923223	0.0	1497683	9922.770377764555	1.3636326	1.4000000000000001
10230.343593956422	2850	24.17161241909329	0.0	1358081	11450.65961013894	1.6251394	2.85
10237.838823085687	1850	20.67638328982657	0.0	1035329	7495.229129266717	1.5640415	0.8500000000000001
10240.299998356459	750	22.215208019056387	0.0	401088	2461.1752707701858	1.5396576	-0.3500000000000001
10243.472969792312	1200	23.042236583201586	0.0	598727	3172.9714358548013	1.5312498	0.75
10245.884761281373	1200	24.630445094141272	0.0	487812	2411.791489060312	1.5789169	1.2
10255.632685815905	1850	18.882520559609585	0.0	938587	9747.92453453169	1.5757623	1.2000000000000002
10261.409800564861	1200	17.105405810653593	0.0	605884	5777.114748955992	1.5086265	0.5499999999999999
10262.4385074918	300	20.07669888371501	0.0	149991	1028.7069269385834	1.4493837	-0.6000000000000001
10266.597334609303	1200	19.91787176621127	0.0	566904	4158.827117503743	1.497897	0.29999999999999993
10269.194948537888	750	21.32025783762684	0.0	384505	2597.6139285844283	1.5394405	0.3
10270.094668619915	300	24.420537755599202	0.0	145210	899.7200820276385	1.5311933	-0.15000000000000002
10270.918859531674	300	27.596346843840564	0.0	172312	824.1909117586354	1.5280888	0.3
10274.132252735337	1850	28.382953640177067	0.0	958994	3213.393203663496	1.5692688	0.30000000000000004
10275.40937597406	750	31.105830401452426	0.0	393804	1277.1232387246414	1.6525928	-0.3500000000000001
10276.00114489883	300	34.514061476682585	0.0	137507	591.7689247698435	1.6797546	-0.15000000000000002
10279.065730782428	1850	35.449475593084884	0.0	846370	3064.585883597696	1.6587039	0.30000000000000004

