21337.431067127134	750	4.0	3.974865311257283	450283	3974.865311257283	1.5798495	-16.341920838406317
21338.60818615056	300	6.822880976576757	0.0	155580	1177.1190234232433	0.5645733	-0.15000000000000002
21339.49037597351	300	9.94069115362493	0.0	139857	882.1898229518268	0.8338833	0.3
21340.496855544527	300	12.934211582611233	0.0	155432	1006.4795710136967	0.9859673	0.3
21341.525938131752	300	15.905128995383992	0.0	163442	1029.0825872272417	1.1290624	0.3
21342.209262919445	300	19.221804207693932	0.0	126289	683.3247876900617	1.2831433	0.3
21342.99998748485	300	22.431079642287322	0.0	153295	790.7245654066094	1.353233	0.3
21346.19424431972	1200	23.23682280741878	0.0	709534	3194.2568348685422	1.396819	0.29999999999999993
21346.935468238516	300	26.4955988886207	0.0	150710	741.2239187980794	1.5396626	-0.6000000000000001
21351.844030917015	1850	25.587036210124666	0.0	913888	4908.562678496037	1.463396	0.30000000000000004
21356.43325208198	1850	24.997815045159467	0.0	939819	4589.221164965197	1.5778149	1.85
21357.299597778172	300	28.13146934896589	0.0	156148	866.3456961935759	1.5804173	-1.25
21364.171149259288	2850	25.259917867848802	0.0	1422919	6871.551481117087	1.4795325	0.30000000000000027
21372.53315530002	2850	20.897911827114694	0.0	1578343	8362.006040734106	1.5989897	2.85
21373.194947169355	300	24.236119957778246	0.0	140051	661.7918693364488	1.5949124	-2.25
21375.101851806892	750	26.329215320241037	0.0	366214	1906.9046375372086	1.4675028	0.3
21375.997187885514	300	29.433879241618293	0.0	143509	895.3360786227454	1.5042903	-0.15000000000000002
21376.79768130786	300	32.63338581927565	0.0	150616	800.4934223426396	1.4845706	0.3
21379.579415477787	1200	33.85165164934928	0.0	639204	2781.7341699263716	1.5105181	0.29999999999999993
21389.945711493587	4300	27.485355633550704	0.0	2156729	10366.296015798578	1.57415	1.1999999999999997
21394.460275634447	1850	26.970791492688996	0.0	891604	4514.564140861706	1.6276705	-0.6000000000000001
21395.2971463787	300	30.133920748433006	0.0	157812	836.8707442559916	1.6076777	-1.25
21399.47885417311	1850	29.95221295402415	0.0	968026	4181.707794408856	1.5168235	0.30000000000000004
21402.69018299459	1850	30.7408841325457	0.0	874175	3211.3288214784525	1.6164056	1.85
21404.605738662976	1200	32.825328464159206	0.0	587236	1915.555668386493	1.6166229	0.5499999999999999
21408.041856058782	1850	33.389211068351386	0.0	905935	3436.1173958078125	1.596086	1.2000000000000002
21414.106678196316	2850	31.324388930819115	0.0	1547572	6064.822137532277	1.6108959	1.85
21423.40155320487	4300	26.02951392226739	0.0	1972048	9294.875008551722	1.6506056	2.8499999999999996
21430.167440530688	2850	23.263626596446752	0.0	1498470	6765.887325820638	1.6193701	1.4000000000000001
21432.140388108426	750	25.290679018709987	0.0	400508	1972.9475777367657	1.6014936	-1.35
21434.200019007843	1200	27.231048119290158	0.0	570392	2059.630899419828	1.5574428	0.75
21439.564942846213	1200	25.866124280919315	0.0	620283	5364.923838370839	1.6010551	1.2
21444.279664808837	750	25.15140231829661	0.0	369834	4714.721962622705	1.5509255	0.3
21445.59087527959	300	27.840191847540574	0.0	163444	1311.21047075604	1.473749	-0.15000000000000002
21449.444704452646	1200	27.98636267448466	0.0	690253	3853.829173055914	1.4913863	0.29999999999999993
21453.138653977956	1200	28.292413149173758	0.0	598727	3693.949525310903	1.6013607	1.2
21453.949487991445	300	31.48157913568551	0.0	131610	810.8340134882449	1.6209224	-0.6000000000000001
21457.183852207425	1200	32.24721491970468	0.0	575591	3234.36421598083	1.5681254	0.29999999999999993
21459.391532675305	750	34.03953445182551	0.0	378327	2207.6804678791755	1.6140219	0.3
21462.025877565906	750	35.4051895612229	0.0	390680	2634.344890602608	1.6250805	0.75
21464.51126339957	750	36.919803727559	0.0	345516	2485.3858336638955	1.6296711	0.75
21465.735527191417	300	39.69553993571426	0.0	161857	1224.2637918447426	1.620771	-0.15000000000000002
21476.735280457568	1850	32.69578666956294	0.0	886255	10999.753266151314	1.641094	0.30000000000000004
21484.415204650304	1850	29.01586247682635	0.0	973972	7679.924192736594	1.583694	1.85
21495.034944309362	1850	22.396122817770394	0.0	958994	10619.739659055958	1.5946544	1.85
21496.80531021719	300	24.62575690994287	0.0	160064	1770.3659078275246	1.5277233	-1.25
21506.48643918908	2850	18.944627938052594	0.0	1231456	9681.128971890275	1.5355294	0.30000000000000027
21510.164904848654	1200	19.26616227848049	0.0	550906	3678.465659572106	1.5265871	-0.44999999999999996

