14936.322572810976	750	4.0	1.8471370276969283	450283	1847.1370276969283	1.4992009	-7.192689219096792
14938.261783201113	750	6.060789609862291	0.0	398865	1939.2103901377081	1.1288446	0.75
14939.044271791325	300	9.278301019652012	0.0	139857	782.4885902102799	1.1585634	-0.15000000000000002
14941.764960173747	1200	10.557612637228633	0.0	617681	2720.688382423379	1.1287688	0.29999999999999993
14943.570351295788	750	12.752221515186584	0.0	411561	1805.3911220420491	1.3565845	0.3
14944.154739620226	300	16.167833190749338	0.0	126289	584.3883244372457	1.3229892	-0.15000000000000002
14946.885812701357	1200	17.43676010961713	0.0	561791	2731.073081132212	1.2793318	0.29999999999999993
14947.724575391738	300	20.59799741923747	0.0	173849	838.7626903796578	1.4238249	-0.6000000000000001
14950.73760363481	1850	21.584969176166002	0.0	852833	3013.0282430714647	1.3057039	0.30000000000000004
14954.351371020764	1850	21.971201790212152	0.0	913888	3613.767385953853	1.5785776	1.85
14955.870677573717	750	24.451895237258576	0.0	353220	1519.3065529535745	1.5579753	-0.3500000000000001
14957.632180317298	750	26.69039249367982	0.0	405134	1761.5027435787565	1.4311392	0.75
14962.095287693473	1850	26.227285117505264	0.0	946851	4463.107376174559	1.4473755	0.75
14966.894448680223	1850	25.42812413075539	0.0	1036454	4799.160986749874	1.5838071	1.85
14970.174581925161	1850	26.147990885816167	0.0	821631	3280.13324493922	1.5804085	1.85
14970.760394417412	300	29.56217839356742	0.0	138313	585.8124922487463	1.627669	-1.25
14973.35964217481	1200	30.962930636168565	0.0	617242	2599.247757398853	1.4234098	0.29999999999999993
14974.03910613459	300	34.283466676386624	0.0	150616	679.4639597819371	1.580858	-0.6000000000000001
14974.795991758598	300	37.52658105238084	0.0	165384	756.8856240057843	1.4516125	0.3
14976.056103635361	750	40.26646917561695	0.0	350713	1260.1118767638916	1.47815	0.3
14977.940487361906	1200	42.382085449071994	0.0	601738	1884.3837265449517	1.6223263	0.75
14979.64699602633	750	44.67557678464855	0.0	399894	1706.5086644234436	1.7168338	0.3
14982.288319922087	1200	46.034252888889775	0.0	656471	2641.3238957587764	1.6527257	0.75
14985.417566730152	1850	46.905006080826546	0.0	874175	3129.2468080632225	1.7216418	1.2000000000000002
14993.397205950005	4300	42.92536686097316	0.0	2186790	7979.639219853389	1.3694832	1.8499999999999996
15003.061220288882	4300	37.26135252209642	0.0	2105231	9664.014338876741	0.37263379	4.3
15013.999510958041	4300	30.32306185293583	0.0	2395588	10938.290669160593	0.50901896	4.3
15022.513597555173	4300	25.808975255804043	0.0	1972048	8514.086597131787	0.76953465	4.3
15029.264937922662	2850	23.0576348883148	0.0	1498470	6751.340367489238	0.691891	1.4000000000000001
15044.66689625871	4300	11.655676552266323	0.0	2164140	15401.95833604848	1.5201249	2.8499999999999996
15062.085858406037	2850	4.0	5.763285595060719	1341201	17418.96214732704	1.4383715	-23.382128058761086
15063.419043319973	300	6.666815086065422	0.0	157488	1333.184913934578	0.5684789	-2.25
15067.716009509859	750	6.369848896178552	0.0	369834	4296.96618988687	0.69201005	0.3
15070.005570345225	300	8.080288060813832	0.0	163444	2289.5608353647212	0.61143947	-0.15000000000000002
15071.929094669444	300	10.156763736595	0.0	179328	1923.5243242188326	0.6701225	0.3
15076.965118509343	1200	9.120739896696792	0.0	598727	5036.023839898208	0.97922254	0.29999999999999993
15079.27136824229	750	10.81449016374973	0.0	321064	2306.249732947063	1.1473923	0.3
15082.057114314961	750	12.028744091078618	0.0	361565	2785.746072671113	1.1673851	0.75
15085.213291840706	750	12.872566565333582	0.0	378327	3156.177525745036	1.196918	0.75
15091.22939427725	1850	10.856464128788746	0.0	930577	6016.102436544836	1.2409885	0.75
15093.929416173514	750	12.156442232525565	0.0	345516	2700.0218962631807	1.3849118	-0.3500000000000001
15095.59195670124	300	14.493901704798533	0.0	161857	1662.540527727033	1.2572304	-0.15000000000000002
15096.917456947762	300	17.16840145827805	0.0	145210	1325.5002465204825	1.2194028	0.3
15098.29852139207	300	19.78733701397055	0.0	172312	1381.0644443074987	1.301947	0.3
15104.519601615748	1200	17.56625679029333	0.0	630203	6221.080223677222	1.3832252	0.29999999999999993
15115.905121418156	1850	10.180736987885203	0.0	982064	11385.519802408127	1.4476986	1.2000000000000002
15117.130573954184	300	12.955284451857446	0.0	137507	1225.4525360277567	1.1805332	-1.25
15123.5368682532	1200	10.548990152839673	0.0	550906	6406.2942990177735	1.2289028	0.29999999999999993

