4331.108023321622	750	4.0	2.7857807865153212	450283	2785.7807865153213	1.2553844	-11.228857382015882
4332.369967010613	300	6.738056311008653	0.0	155580	1261.9436889913468	0.66875917	-0.15000000000000002
4334.008757331726	750	9.099265989896171	0.0	350812	1638.7903211124808	0.84282523	0.3
4335.486611018062	750	11.621412303560385	0.0	382355	1477.853686335788	1.0652099	0.75
4337.854180869604	750	13.253842452018093	0.0	411561	2367.5698515422923	1.2571223	0.75
4338.619159583272	300	16.488863738349355	0.0	126289	764.9787136687394	1.3133336	-0.15000000000000002
4340.1999456105505	750	18.908077711071417	0.0	352642	1580.786027277937	1.3149452	0.3
4342.219464192832	750	20.888559128789993	0.0	437162	2019.5185822814262	1.4170251	0.75
4343.794985792388	750	23.313037529234563	0.0	374758	1575.5215995554288	1.4688927	0.75
4345.508975595394	750	25.599047726227756	0.0	362795	1713.989803006806	1.4883276	0.75
4347.194728434506	750	27.91329488711615	0.0	353220	1685.7528391116023	1.5022186	0.75
4347.956356930138	300	31.15166639148317	0.0	156148	761.628495632981	1.5178096	-0.15000000000000002
4349.666903200267	750	33.44112012135349	0.0	386351	1710.5462701296829	1.5031211	0.3
4352.020049631104	750	35.08797369051743	0.0	434409	2353.146430836068	1.5488961	0.75
4356.466707290631	1850	34.64131603098948	0.0	821631	4446.657659527948	1.5666264	0.75
4364.500273595627	2850	30.607749725994303	0.0	1471065	8033.566304995177	1.5987319	1.85
4375.545201790207	4300	23.562821531414148	0.0	2289689	11044.928194580156	1.6023943	2.8499999999999996
4378.5267261720055	1200	24.58129714961561	0.0	581493	2981.5243817985347	1.6178457	-1.9000000000000001
4383.434359744091	1850	23.6736635775303	0.0	987708	4907.633572085313	1.5526372	1.2000000000000002
4384.147394111634	300	26.96062920998872	0.0	140881	713.0343675415797	1.5832753	-1.25
4384.926614222295	300	30.181409099327656	0.0	157671	779.2201106610651	1.4787264	0.3
4387.520121961545	1200	31.587901360077858	0.0	616206	2593.507739249797	1.5054812	0.29999999999999993
4392.196924097041	1850	30.91109922458172	0.0	968026	4676.80213549614	1.5729456	1.2000000000000002
4396.3676883937615	1850	30.740334927861017	0.0	874175	4170.764296720699	1.6096696	1.85
4401.880497653239	1850	29.227525668383294	0.0	897976	5512.809259477725	1.6214442	1.85
4404.253993338153	750	30.85402998346961	0.0	379700	2373.4956849136847	1.5966353	-0.3500000000000001
4412.39347754592	2850	26.71454577570239	0.0	1547572	8139.484207767218	1.5536473	0.75
4415.0480287055225	750	28.05999461610011	0.0	277716	2654.5511596022807	1.6072955	-1.35
4418.033965203863	750	29.074058117760334	0.0	400396	2985.9364983397754	1.524027	0.75
4419.184217274929	300	31.923806046693937	0.0	149029	1150.252071066398	1.5350367	-0.15000000000000002
4425.728054793356	1850	29.37996852826749	0.0	873429	6543.837518426446	1.5209761	0.30000000000000004
4428.34591089514	750	30.762112426483124	0.0	400322	2617.856101784369	1.5870035	-0.3500000000000001
4431.184522552176	1200	31.92350076944769	0.0	584349	2838.611657035437	1.564016	0.75
4434.005310521177	1200	33.10271280044639	0.0	670129	2820.7879690013037	1.5921632	1.2
4438.935110274881	1850	32.172913046742956	0.0	1026056	4929.799753703436	1.6265916	1.2000000000000002
4440.43275609068	750	34.675267230943426	0.0	365161	1497.6458157995237	1.6277145	-0.3500000000000001
4445.855240909113	2850	33.25278241251052	0.0	1139291	5422.484818432908	1.6357365	0.75
4455.845309470875	4300	27.262713850747858	0.0	2147467	9990.068561762657	1.6210203	2.8499999999999996
4471.325828129573	4300	15.782195192050114	0.0	2133870	15480.518658697745	1.5002944	4.3
4479.752296736113	1850	11.355726585510032	0.0	930577	8426.468606540082	1.5129918	-0.6000000000000001
4484.451574098457	750	10.656449223165936	0.0	345516	4699.277362344096	1.4044168	-0.3500000000000001
4490.345453404232	1200	8.762569917390916	0.0	641452	5893.879305775018	1.1919919	0.75
4491.936357824401	300	11.17166549722143	0.0	145210	1590.9044201694871	1.147152	-0.6000000000000001
4497.107399676149	750	10.00062364547344	0.0	438281	5171.041851747989	1.0935465	0.3
4499.02868254156	300	12.079340780062942	0.0	167025	1921.2828654104965	0.9850136	-0.15000000000000002
4504.103861494765	1200	11.004161826857656	0.0	638661	5075.178953205285	1.053728	0.29999999999999993
4508.598967001721	1200	10.509056319902106	0.0	538612	4495.105506955551	1.2809606	1.2
4509.342555279909	300	13.765468041713813	0.0	118421	743.5882781882915	1.2276644	-0.6000000000000001

