8382.478395760343	750	4.0	4.997202366246414	450283	4997.202366246414	1.6219928	-20.73797017485958
8384.631757510628	300	5.846638249714482	0.0	155580	2153.3617502855177	0.507379	-0.15000000000000002
8387.749909624115	300	6.728486136226441	0.0	139857	3118.1521134880413	0.61619043	0.3
8392.12152638049	300	6.35686937985117	0.0	155432	4371.6167563752715	0.53730214	0.3
8396.549748871563	300	5.928646888778943	0.0	163442	4428.222491072226	0.34347376	0.3
8399.601105911592	300	6.877289848750208	0.0	126289	3051.3570400287354	0.26169735	0.3
8402.222486080946	300	8.255909679394989	0.0	153295	2621.38016935522	0.38938117	0.3
8403.926504919807	300	10.551890840533298	0.0	173849	1704.0188388616891	0.6324264	0.3
8409.367767904661	1200	9.11062785567963	0.0	584846	5441.262984853669	0.9745925	0.29999999999999993
8410.456587633276	300	12.021808127065482	0.0	139105	1088.8197286141476	1.1132252	-0.6000000000000001
8413.371184767671	750	13.10721099266999	0.0	353220	2914.5971343954934	1.0739471	0.3
8414.609112669337	300	15.869283091003096	0.0	156148	1237.9279016668927	1.1931349	-0.15000000000000002
8415.787322356544	300	18.69107340379591	0.0	160746	1178.2096872071825	1.1798195	0.3
8420.638222786387	1200	17.840172973953532	0.0	687371	4850.900429842379	1.2362244	0.29999999999999993
8423.376084828858	1200	19.10231093148241	0.0	526950	2737.862042471121	1.3700634	1.2
8426.29608919191	1200	20.182306568432608	0.0	587876	2920.0043630498026	1.4370483	1.2
8434.570107702617	2850	15.908288057726388	0.0	1491626	8274.018510706219	1.4492592	1.2000000000000002
8437.305309455707	750	17.1730863046358	0.0	372963	2735.2017530905873	1.5149409	-1.35
8438.412395663312	300	20.066000097030848	0.0	165384	1107.0862076049523	1.3147652	-0.15000000000000002
8443.032537338468	1200	19.445858421874732	0.0	586839	4620.141675156115	1.2909142	0.29999999999999993
8445.817173766967	750	20.661221993375325	0.0	386472	2784.636428499405	1.3982143	0.3
8448.613403878993	750	21.86499188134934	0.0	399894	2796.2301120259863	1.3594481	0.75
8449.827766970946	300	24.650628789395554	0.0	163927	1214.3630919537843	1.3774617	-0.15000000000000002
8453.695461366175	750	24.782934394166322	0.0	343800	3867.6943952292345	1.3330489	0.3
8462.89466798562	1200	19.583727774721723	0.0	587236	9199.206619444596	1.3668871	0.75
8475.073883805893	1200	11.40451195444797	0.0	590335	12179.215820273752	1.2976805	1.2
8479.351898330948	300	11.126497429394254	0.0	181901	4278.014525053717	0.9960829	-0.6000000000000001
8481.740121914481	300	12.738273845860338	0.0	111155	2388.223583533915	0.89622927	0.3
8484.197844146829	300	14.28055161351325	0.0	153605	2457.7222323470887	1.024631	0.3
8493.247062631768	750	9.231333128574454	0.0	400508	9049.218484938796	1.0958271	0.3
8496.99130693762	300	9.487088822721658	0.0	157421	3744.2443058527947	0.6457278	-0.15000000000000002
8503.930244018575	750	6.548151741766902	0.0	400322	6938.937080954756	0.65404487	0.3
8506.021936429597	300	8.456459330743725	0.0	143881	2091.6924110231776	0.3415827	-0.15000000000000002
8508.320346111444	300	10.158049648897117	0.0	163444	2298.4096818466082	0.60956943	0.3
8512.768805464955	750	9.709590295387043	0.0	401088	4448.459353510074	0.89893216	0.3
8517.493362288544	750	8.985033471798184	0.0	365161	4724.556823588859	1.0226969	0.75
8519.462871164544	300	11.015524595798878	0.0	131610	1969.5088759993057	0.9431703	-0.15000000000000002
8525.594346731605	750	8.884049028737039	0.0	361565	6131.475567061838	0.9777495	0.3
8527.241983693235	300	11.236412067107809	0.0	144254	1647.636961629231	0.777234	-0.15000000000000002
8528.39955696744	300	14.078838792902099	0.0	149991	1157.5732742057098	1.0293951	0.3
8529.355727544667	300	17.122668215676136	0.0	147968	956.1705772259655	1.2218792	0.3
8530.487189467165	300	19.991206293178593	0.0	161857	1131.461922497542	1.3297275	0.3
8534.745764722169	1200	19.73263103817666	0.0	599477	4258.57525500193	1.3767378	0.29999999999999993
8539.234720739534	1200	19.243675020810873	0.0	634861	4488.956017365787	1.528401	1.2
8545.656506242372	1200	16.821889517973084	0.0	630203	6421.785502837789	1.5294942	1.2
8548.813771232464	750	17.66462452788154	0.0	393804	3157.2649900915417	1.416897	0.3
8558.062622667818	1850	12.415773092527756	0.0	830730	9248.851435353785	1.448038	0.75
8560.058502034144	300	14.419893726201133	0.0	118421	1995.8793663266224	1.3470037	-1.25

