18590.39704967333	750	4.0	1.26305294249572	450283	1263.05294249572	1.2253174	-4.681127652731596
18591.389433821314	750	7.00761585201587	0.0	398865	992.3841479841305	1.2244128	0.75
18591.828006218995	300	10.569043454333285	0.0	139857	438.57239768258347	1.3349683	-0.15000000000000002
18592.313076229053	300	14.083973444273077	0.0	155432	485.0700100602078	1.2662995	0.3
18592.826911880416	300	17.570137792912384	0.0	163442	513.8356513606899	1.3170959	0.3
18593.329502807675	300	21.06754686565233	0.0	126289	502.59092726005304	1.3501006	0.3
18595.97319020392	1200	22.423859469410083	0.0	561791	2643.6873962422465	1.3501428	0.29999999999999993
18599.906138954037	1850	22.490910719294217	0.0	1060487	3932.948750115864	1.4673353	1.2000000000000002
18600.51182866991	300	25.885221003422448	0.0	150710	605.6897158717691	1.5671649	-1.25
18601.075897147217	300	29.321152526115494	0.0	139105	564.0684773069553	1.3832371	0.3
18601.629032367036	300	32.768017306297104	0.0	141840	553.1352198183895	1.4047114	0.3
18602.95861252505	750	35.43843714828258	0.0	405134	1329.5801580145167	1.43344	0.3
18603.61550963609	300	38.78154003724148	0.0	160746	656.8971110410976	1.544951	-0.15000000000000002
18605.324197127957	750	41.07285254537348	0.0	434409	1708.6874918680012	1.4774485	0.3
18607.25027118688	1200	43.14677848644857	0.0	526950	1926.0740589249074	1.5862132	0.75
18608.51053628197	750	45.88651339135823	0.0	366214	1260.2650950903408	1.6956617	0.3
18611.82683566768	1850	46.57021400564585	0.0	966699	3316.2993857123706	1.6605046	0.75
18617.1271940859	2850	45.269855587428495	0.0	1358801	5300.358418217359	1.5297178	1.85
18626.169041918518	4300	40.228007754810776	0.0	2220726	9041.847832617723	0.83537215	2.8499999999999996
18629.776434156636	1850	40.620615516687835	0.0	923755	3607.3922381229354	0.47595808	-0.6000000000000001
18634.973666817314	2850	39.423382856011784	0.0	1415116	5197.232660676057	1.5882657	1.85
18642.491747944394	4300	35.905301728934646	0.0	2176469	7518.0811270771355	0.82268405	2.8499999999999996
18651.50149442981	4300	30.895555243519972	0.0	2221506	9009.746485414676	0.40153196	4.3
18658.660016159844	4300	27.737033513484977	0.0	2044075	7158.521730034993	0.5886356	4.3
18665.826734893846	4300	24.570314779480242	0.0	2186790	7166.718734004737	0.5240667	4.3
18673.03616963992	2850	21.36088003340962	0.0	1480464	7209.434746070621	0.59324366	1.4000000000000001
18683.599170132675	4300	14.797879540653947	0.0	2395588	10563.000492755677	1.6232572	2.8499999999999996
18687.45863128551	1850	14.938418387817139	0.0	758197	3859.4611528368077	1.5388278	-0.6000000000000001
18691.073278308748	1200	15.323771364577143	0.0	622896	3614.647023239997	1.5185255	0.5499999999999999
18692.6441920794	1200	17.752857593926507	0.0	641447	1570.913770650636	1.4178559	1.2
18693.60070683631	300	20.79634283701673	0.0	157421	956.514756909777	1.5730215	-0.6000000000000001
18697.992515851598	1850	20.40453382172881	0.0	954453	4391.809015287922	1.3418322	0.30000000000000004
18700.782817157426	1200	21.614232515903577	0.0	584349	2790.301305825232	1.598163	0.5499999999999999
18703.137156986762	750	23.259892686567632	0.0	412837	2354.339829335942	1.527684	0.3
18707.48752239615	1850	22.909527277178473	0.0	1026056	4350.365409389158	1.4593457	0.75
18715.154991500498	4300	19.24205817283229	0.0	2143948	7667.4691043461835	1.6571361	1.8499999999999996
18721.926693008038	4300	16.470356665291476	0.0	1919781	6771.701507540816	0.8247294	4.3
18732.15980858077	4300	10.237241092559145	0.0	2147467	10233.11557273233	0.8461351	4.3
18735.92764636105	1850	10.469403312278894	0.0	908665	3767.837780280251	1.6030917	-0.6000000000000001
18739.521849168414	1850	10.875200504919555	0.0	930577	3594.202807359339	1.5190802	1.85
18742.79773893909	1850	11.59931073423972	0.0	858450	3275.8897706798334	1.5492792	1.85
18746.871707674538	2850	11.525341998792737	0.0	1527299	4073.9687354469834	1.5834144	1.85
18749.325228405374	1850	13.071821267955047	0.0	886255	2453.5207308376907	1.4563489	0.8500000000000001
18755.82501208518	4300	10.572037588148975	0.0	2219102	6499.783679806072	1.6516827	1.8499999999999996
18763.765906464378	4300	6.631143208952114	0.0	2124950	7940.89437919686	0.958758	4.3
18768.869308530833	2850	5.527741142496855	0.0	1483527	5103.402066455259	1.5467019	1.4000000000000001
18772.1330933289	1850	6.263956344428074	0.0	830730	3263.7847980687816	1.5941036	0.8500000000000001
18772.75863292936	300	9.638416743968689	0.0	118421	625.5396004593855	1.4737554	-1.25

