15490.998092585269	750	4.0	3.0006457348380566	450283	3000.645734838057	1.6304232	-12.152776659803642
15493.67383110844	750	5.324261476829477	0.0	398865	2675.7385231705234	0.8859295	0.75
15497.962639088772	1200	5.035453496497485	0.0	571051	4288.8079803319915	1.0325185	0.75
15504.934849108737	1200	4.0	1.9367565234674229	617681	6972.2100199649085	1.0506974	-7.1280530509099185
15506.420455686814	300	6.514393421922929	0.0	163442	1485.6065780770712	0.5002548	-0.6000000000000001
15507.320078116045	300	9.614770992691284	0.0	126289	899.6224292316443	0.7331841	0.3
15508.278011913206	300	12.656837195530139	0.0	153295	957.9337971611432	1.0359868	0.3
15515.6401637982	1850	9.294685310536806	0.0	1060487	7362.151884993333	1.14955	0.30000000000000004
15516.528270595434	300	12.406578513301858	0.0	150710	888.1067972349481	1.2574781	-1.25
15520.278342879827	750	12.656506228910187	0.0	362795	3750.0722843916697	1.1497622	0.3
15523.14525291465	750	13.789596194086755	0.0	353220	2866.9100348234338	1.1513728	0.75
15526.029456196842	1200	14.905392911894626	0.0	594078	2884.2032821921275	1.2153113	0.75
15528.725887274308	1200	16.208961834429765	0.0	624282	2696.4310774648634	1.3919947	1.2
15529.654991224756	300	19.27985788398224	0.0	179801	929.1039504475269	1.4281799	-0.6000000000000001
15531.896134196926	1200	21.03871491181359	0.0	526950	2241.142972168648	1.29864	0.29999999999999993
15534.694454906334	1200	22.240394202406918	0.0	587876	2798.3207094066724	1.4799095	1.2
15535.379995806661	300	25.55485330207937	0.0	143509	685.5409003275487	1.4713364	-0.6000000000000001
15537.695980563325	1200	27.23886854541331	0.0	581493	2315.9847566660583	1.3688625	0.29999999999999993
15542.850595299287	1850	26.084253809452196	0.0	987708	5154.614735961117	1.5486189	1.2000000000000002
15543.686383808164	300	29.248465300575855	0.0	140881	835.7885088763379	1.5780104	-1.25
15545.94804797205	750	30.986801136690197	0.0	386472	2261.6641638856613	1.3868943	0.3
15552.567166564959	1850	28.36768254378144	0.0	955231	6619.118592908757	1.4675883	0.75
15565.763507978501	2850	19.17134113023954	0.0	1505760	13196.341413541903	1.5684826	1.85
15567.620530754548	750	21.314318354193496	0.0	343800	1857.0227760460448	1.4333382	-1.35
15570.474231071112	1200	22.460618037630987	0.0	587236	2853.7003165625083	1.4239125	0.75
15573.52254795446	1200	23.412301154281717	0.0	590335	3048.3168833492664	1.5108488	1.2
15579.215719221951	1850	21.71912988679059	0.0	1076599	5693.171267491128	1.50988	1.2000000000000002
15585.43874058412	2850	19.49610852462212	0.0	1141971	6223.021362168471	1.5586236	1.85
15596.145054374552	4300	12.78979473419175	0.0	2134614	10706.31379043037	1.6301842	2.8499999999999996
15603.624687302647	1850	9.310161806096653	0.0	975811	7479.632928095097	1.5912079	-0.6000000000000001
15606.691119776351	750	10.243729332392821	0.0	358218	3066.432473703833	1.2441311	-0.3500000000000001
15611.033185780932	750	9.901663327810459	0.0	400322	4342.066004582362	1.1204884	0.75
15612.487177940835	300	12.447671167908645	0.0	143881	1453.992159901813	1.0532401	-0.15000000000000002
15615.655065736983	1200	13.279783371759205	0.0	670129	3167.88779614944	1.0917529	0.29999999999999993
15616.659204015648	300	16.275645093094692	0.0	179328	1004.1382786645152	1.4166192	-0.6000000000000001
15617.652782096222	300	19.28206701252155	0.0	159914	993.5780805731384	1.2954687	0.3
15620.345227377544	1200	20.58962173119981	0.0	487812	2692.445281321742	1.3356405	0.29999999999999993
15621.04793502094	300	23.88691408780256	0.0	124011	702.7076433972516	1.528653	-0.6000000000000001
15622.745253356192	750	26.18959575255099	0.0	378327	1697.3183352515682	1.4193723	0.3
15625.396060792127	1200	27.538788316616042	0.0	587506	2650.807435934946	1.576093	0.75
15634.195565567748	2850	22.739283540994577	0.0	1339500	8799.504775621468	1.6814536	1.2000000000000002
15647.388373353948	1850	13.54647575479551	0.0	1025005	13192.807786199066	1.580398	0.8500000000000001
15650.487421752498	1200	14.447427356244916	0.0	599477	3099.048398550595	1.2192016	0.5499999999999999
15652.60431325184	750	16.33053585690271	0.0	438281	2116.8914993422077	1.5150481	0.3
15654.51001613532	750	18.42483297342203	0.0	398987	1905.702883480679	1.5078652	0.75
15657.203535387462	1200	19.731313721279722	0.0	638661	2693.519252142308	1.5530334	0.75
15660.066813246622	1200	20.868035862121243	0.0	538612	2863.277859158481	1.6703205	1.2
15667.77098797002	1850	17.16386113872364	0.0	846370	7704.174723397605	1.6613833	1.2000000000000002

