13382.444089686598	750	4.0	3.0006457348380566	450283	3000.645734838057	0.08115185	-12.152776659803642
13383.686827790927	300	6.757261895671289	0.0	155580	1242.7381043287116	0.6479457	-0.15000000000000002
13384.578520221998	300	9.865569464602235	0.0	139857	891.6924310690526	0.84062076	0.3
13385.611675486072	300	12.832414200525783	0.0	155432	1033.155264076452	0.9901747	0.3
13386.734370249524	300	15.709719437075744	0.0	163442	1122.6947634500368	1.1279081	0.3
13389.290127140563	750	17.153962546035878	0.0	318564	2555.756891039868	1.275442	0.3
13398.629082314352	1850	11.815007372247372	0.0	905515	9338.955173788505	1.3322183	0.75
13399.690386664166	300	14.753703022434681	0.0	173849	1061.30434981269	1.2653037	-1.25
13400.701850133733	300	17.742239552865552	0.0	150710	1011.4634695691312	1.2874677	0.3
13404.361294930262	1200	18.082794756336366	0.0	560821	3659.444796529184	1.341724	0.29999999999999993
13412.370272277196	1850	14.073817409404755	0.0	939819	8008.9773469316115	1.4504008	1.2000000000000002
13413.740994299951	300	16.703095386647213	0.0	156148	1370.7220227575428	1.3943176	-1.25
13417.072572186005	1200	17.371517500593303	0.0	624282	3331.577886053911	1.2716485	0.29999999999999993
13420.055340249844	1200	18.388749436756537	0.0	687371	2982.7680638367615	1.437793	1.2
13421.678986855602	750	20.76510283099827	0.0	337059	1623.646605758268	1.5160295	0.3
13422.349891037946	300	24.094198648654377	0.0	138313	670.9041823438947	1.4706969	-0.15000000000000002
13425.013223841843	1200	25.430865844758344	0.0	617242	2663.332803896033	1.4348228	0.29999999999999993
13430.796839656337	2850	23.647250030262004	0.0	1358801	5783.615814496339	1.5567667	1.2000000000000002
13433.117971362262	750	25.32611832433783	0.0	405596	2321.1317059241737	1.6243869	-1.35
13434.050299280227	300	28.39379040637443	0.0	140881	932.3279179633995	1.5095824	-0.15000000000000002
13436.267794291067	750	30.1762953955348	0.0	386472	2217.495010839625	1.487906	0.3
13439.953753553058	1200	30.490336133541803	0.0	616206	3685.9592619929995	1.5345938	0.75
13448.14365897925	1850	26.300430707351207	0.0	968026	8189.905426190595	1.5656139	1.2000000000000002
13456.102187779146	1850	22.3419019074549	0.0	874175	7958.528799896307	1.5522068	1.85
13459.343936990843	1200	23.100152695759842	0.0	587236	3241.7492116950557	1.5300401	0.5499999999999999
13462.25701755086	1200	24.1870721357414	0.0	590335	2913.0805600184444	1.5554563	1.2
13463.29258923351	300	27.15150045309182	0.0	181901	1035.5716826495816	1.5544858	-0.6000000000000001
13465.725337745836	1200	28.718751940766914	0.0	487160	2432.748512324906	1.5085887	0.29999999999999993
13467.975157026543	750	30.468932660059007	0.0	400396	2249.819280707907	1.5741736	0.3
13471.327597975604	1200	31.116491710999128	0.0	641447	3352.4409490598755	1.5453775	0.75
13472.155203145925	300	34.28888654067858	0.0	157421	827.6051703205467	1.6003348	-0.6000000000000001
13473.195930259575	300	37.24815942702862	0.0	157488	1040.7271136499726	1.5730859	0.3
13478.155455552109	1850	36.288634134494586	0.0	885062	4959.525292534028	1.584916	0.30000000000000004
13485.782028882608	2850	32.662060803995736	0.0	1587293	7626.573330498846	1.6228997	1.85
13492.951598477383	1850	29.49249120922153	0.0	1026056	7169.569594774205	1.6221125	0.8500000000000001
13497.571041674862	1200	28.873048011742245	0.0	598727	4619.443197479285	1.5956374	0.5499999999999999
13498.86001614184	300	31.58407354476459	0.0	131610	1288.9744669776562	1.6051087	-0.6000000000000001
13509.089468907463	2850	25.35462077914182	0.0	1499009	10229.452765622771	1.562994	0.30000000000000027
13511.220725324323	750	27.223364362281767	0.0	378327	2131.2564168600525	1.5800894	-1.35
13513.250501799408	750	29.193587887196394	0.0	390680	2029.7764750853767	1.5725416	0.75
13517.009713095547	1850	29.43437659105726	0.0	858450	3759.2112961391354	1.603516	0.75
13522.334086567347	1850	28.11000311925782	0.0	1025005	5324.373471799442	1.6441398	1.85
13539.083370003582	2850	15.360719683024715	0.0	1343002	16749.2834362331	1.6393799	1.85
13541.395677036237	750	17.048412650368153	0.0	438281	2312.3070326565635	1.4440556	-1.35
13543.264108021074	750	19.179981665529986	0.0	398987	1868.4309848381663	1.4713197	0.75
13547.688355852777	1850	18.7557338338285	0.0	982064	4424.247831701486	1.5788121	0.75
13551.834741842868	1850	18.609347843738032	0.0	830730	4146.385990090466	1.5966158	1.85
13559.809552435512	1850	14.634537251093883	0.0	846370	7974.8105926441485	1.5764134	1.85

