8335.268660624484	750	4.0	6.619212714537035	450283	6619.212714537035	1.3076763	-27.71261467250925
8337.379622968736	300	5.8890376557490836	0.0	155580	2110.9623442509164	0.39800516	-0.15000000000000002
8339.185684972525	300	8.082975651959863	0.0	139857	1806.0620037892206	0.7095357	0.3
8345.244006294255	750	6.024654330229216	0.0	382355	6058.321321730647	0.82478464	0.3
8347.281071207954	300	7.987589416530918	0.0	163442	2037.064913698298	0.6461916	-0.15000000000000002
8349.04252566626	300	10.226134958224767	0.0	126289	1761.45445830615	0.841513	0.3
8352.459296433033	300	10.809364191451452	0.0	153295	3416.770766773316	0.8932259	0.3
8355.263965711605	300	12.00469491287939	0.0	173849	2804.66927857206	0.88252157	0.3
8366.163318450197	1850	5.105342174288197	0.0	852833	10899.352738591195	0.9746654	0.30000000000000004
8367.919838342495	300	7.348822281989733	0.0	139105	1756.5198922984632	0.57199025	-1.25
8369.915818752774	300	9.352841871711927	0.0	141840	1995.9804102778044	0.784203	0.3
8373.030167378301	750	10.23849324618319	0.0	405134	3114.3486255287385	0.87009597	0.3
8377.008622868618	750	10.260037755866865	0.0	386351	3978.455490316324	0.9786325	0.75
8380.98816316265	750	10.28049746183509	0.0	434409	3979.540294031774	1.0007002	0.75
8383.768832843929	750	11.499827780555954	0.0	337059	2780.6696812791356	0.99938285	0.75
8384.848949215577	300	14.419711408908828	0.0	138313	1080.116371647126	1.0943353	-0.15000000000000002
8391.899567996117	1850	11.369092628368133	0.0	966699	7050.618780540696	1.1920936	0.30000000000000004
8394.898052254286	750	12.37060837019971	0.0	372963	2998.484258168422	1.3229259	-0.3500000000000001
8398.206819044595	750	13.061841579889562	0.0	405596	3308.7667903101487	1.1888306	0.75
8399.308871697003	300	15.959788927482888	0.0	140881	1102.0526524066745	1.2540289	-0.15000000000000002
8400.716061794818	300	18.552598829668828	0.0	157671	1407.1900978140611	1.2635827	0.3
8419.550741545823	2850	4.0	0.28208092133540413	1468126	18834.67975100423	1.3374557	-0.9129479617422374
8422.198375966891	300	5.352365578931645	0.0	163927	2647.6344210683556	0.37100527	-2.25
8424.622469108888	300	6.928272436934003	0.0	137654	2424.0931419976414	0.3811469	0.3
8429.147375725403	750	6.403365820419339	0.0	359903	4524.906616514664	0.5702694	0.3
8430.663438717893	300	8.887302827929819	0.0	153938	1516.0629924895202	0.29457113	-0.15000000000000002
8433.95090456326	750	9.599836982561374	0.0	425781	3287.4658453684465	0.88303035	0.3
8434.93608346155	300	12.614658084270879	0.0	111155	985.1788982904949	0.9641578	-0.15000000000000002
8436.239083893186	300	15.311657652635477	0.0	153605	1303.000431635402	1.0521988	0.3
8437.57545361608	300	17.975287929740386	0.0	149029	1336.3697228950896	1.221167	0.3
8442.506136403395	750	17.044605142426416	0.0	358218	4930.682787313972	1.2970837	0.3
8451.348026657319	1200	12.202714888502829	0.0	620283	8841.890253923586	1.2969311	0.75
8453.04330899101	300	14.507432554812382	0.0	143881	1695.2823336904476	1.1465287	-0.6000000000000001
8455.116201480481	300	16.43454006533942	0.0	163444	2072.89248947296	1.1527046	0.3
8457.393732979182	300	18.15700856663996	0.0	179328	2277.5314986994604	1.2281818	0.3
8461.52915523163	750	18.021586314192398	0.0	365161	4135.4222524475645	1.2629985	0.3
8465.051145006688	750	18.499596539135368	0.0	321064	3521.989775057032	1.3610097	0.75
8469.047628319426	750	18.503113226397474	0.0	361565	3996.483312737894	1.3304712	0.75
8470.870332152437	300	20.680409393385347	0.0	144254	1822.7038330121247	1.3560978	-0.15000000000000002
8473.107382914674	300	22.443358631150154	0.0	149991	2237.050762235193	1.3754901	0.3
8478.679114945602	750	20.871626600221617	0.0	345516	5571.732030928536	1.4084438	0.3
8481.209066026968	300	22.341675518855933	0.0	161857	2529.9510813656866	1.3745998	-0.15000000000000002
8493.5291526176	1850	14.021588928222618	0.0	886255	12320.086590633315	1.3902154	0.30000000000000004
8502.190256584216	1200	9.360484961605774	0.0	634861	8661.103966616844	1.2926568	0.5499999999999999
8505.094091291025	300	10.456650254795793	0.0	167025	2903.834706809981	1.0106442	-0.6000000000000001
8517.882059704061	1200	4.0	2.3313181582396045	638661	12787.968413035398	0.9520599	-9.7246680804303
8522.07472495794	300	4.0	0.1926652538772805	137507	4192.6652538772805	0.015572207	-1.428460591672306
8524.715473187529	300	5.359251770410326	0.0	118421	2640.7482295896734	0.016660394	0.3

