24139.232343148866	750	4.0	4.39150033291431	450283	4391.50033291431	1.6277789	-18.133451431531533
24142.773606966744	750	4.458736182120474	0.0	398865	3541.2638178795255	0.5324031	0.75
24143.742932374655	300	7.489410774209669	0.0	139857	969.3254079108052	0.6942954	-0.15000000000000002
24146.224427631143	750	9.007915517721546	0.0	382355	2481.495256488123	0.8642268	0.3
24147.37988219162	300	11.85246095724345	0.0	163442	1155.454560478098	0.9966363	-0.15000000000000002
24149.495656727086	750	13.736686421778005	0.0	318564	2115.7745354654426	1.1169026	0.3
24150.482859007578	300	16.74948414128649	0.0	153295	987.2022804915141	1.2612535	-0.15000000000000002
24155.30707529873	1200	15.925267850133093	0.0	709534	4824.216291153401	1.2786628	0.29999999999999993
24158.048716857338	750	17.18362629152854	0.0	374758	2741.6415586045528	1.4154084	0.3
24160.459547096507	750	18.772796052358323	0.0	362795	2410.8302391702164	1.3781835	0.75
24168.51976303125	2850	14.712580117613994	0.0	1354548	8060.215934744329	1.4107949	0.75
24169.58742069988	300	17.64492244898324	0.0	156148	1067.6576686307512	1.5189995	-2.25
24170.700755695994	300	20.53158745287133	0.0	160746	1113.3349961119084	1.3465592	0.3
24171.910900334555	300	23.321442814310974	0.0	179801	1210.1446385603601	1.3779998	0.3
24174.308167788444	750	24.924175360424197	0.0	337059	2397.2674538867777	1.4119204	0.3
24180.278280649673	1850	22.954062499192176	0.0	923170	5970.112861232022	1.4806007	0.75
24182.485471889304	750	24.746871259565037	0.0	360831	2207.191239627138	1.5401142	-0.3500000000000001
24185.27401030552	750	25.95833284334676	0.0	372963	2788.5384162182763	1.4889138	0.75
24188.631895971197	750	26.60044717767029	0.0	405596	3357.8856656764715	1.5073043	0.75
24191.373588261336	750	27.858754887532992	0.0	350713	2741.692290137295	1.4883475	0.75
24198.71868373804	1850	24.513659410830684	0.0	891604	7345.095476702306	1.5043561	0.75
24205.16170055998	1850	22.07064258888771	0.0	955231	6443.016821942971	1.5384413	1.85
24206.204609028493	300	25.02773412037717	0.0	163927	1042.9084685105431	1.5441651	-1.25
24209.94163803834	1200	25.29070511052652	0.0	536667	3737.029009850647	1.4863162	0.29999999999999993
24214.257177897598	1200	24.975165251270127	0.0	587236	4315.539859256394	1.5439587	1.2
24236.623359194782	2850	6.608983954086714	0.0	1480464	22366.18129718341	1.53159	1.2000000000000002
24240.0787266314	300	7.153616517469201	0.0	181901	3455.367436617513	0.915831	-2.25
24242.25755445476	300	8.974788694104587	0.0	111155	2178.827823364614	0.5523162	0.3
24244.65515860127	300	10.577184547597806	0.0	153605	2397.6041465067806	0.8656508	0.3
24248.449451524775	750	10.782891624092773	0.0	400508	3794.292923505032	0.81459427	0.3
24252.800189218695	1200	10.4321539301715	0.0	570392	4350.737693921274	1.0448987	0.75
24254.49397494192	300	12.738368206945896	0.0	157488	1693.7857232256042	1.0700827	-0.6000000000000001
24256.087671640256	300	15.144671508612143	0.0	143881	1593.696698333751	1.0402609	0.3
24257.52374599533	300	17.70859715353621	0.0	163444	1436.0743550759341	1.1616559	0.3
24261.12824652186	750	18.104096627006584	0.0	401088	3604.5005265296286	1.2766107	0.3
24264.24594596535	750	18.98639718351887	0.0	365161	3117.6994434877115	1.37249	0.75
24267.287657255	750	19.944685893866758	0.0	321064	3041.711289652113	1.433435	0.75
24273.772564593168	1200	17.45977855570377	0.0	575591	6484.907338162985	1.446189	0.75
24275.605229245128	300	19.627113903742988	0.0	144254	1832.6646519607837	1.4234641	-0.6000000000000001
24277.539814494732	300	21.692528654135153	0.0	149991	1934.585249607838	1.3714193	0.3
24286.633667540027	1850	16.598675608837738	0.0	858450	9093.853045297417	1.4201243	0.30000000000000004
24291.025892402296	1200	16.206450746573207	0.0	641452	4392.224862264531	1.4308318	0.5499999999999999
24298.12546639846	1850	13.106876750408434	0.0	886255	7099.573996164772	1.4550083	1.2000000000000002
24303.291336581933	750	11.941006566934774	0.0	438281	5165.870183473658	1.4050292	-0.3500000000000001
24304.758557418783	300	14.473785730086163	0.0	167025	1467.220836848611	1.1459087	-0.15000000000000002
24310.991602990074	1850	12.240740158792473	0.0	982064	6233.04557129369	1.2499804	0.30000000000000004
24311.887134569923	300	15.345208578945767	0.0	137507	895.5315798467059	1.42146	-1.25
24312.652825149995	300	18.579517998874394	0.0	118421	765.6905800713718	1.3547364	0.3

