25148.448996588384	750	4.0	6.308048004947866	450283	6308.0480049478665	1.3822633	-26.374606421275825
25151.47865429834	300	4.9703422900424306	0.0	155580	3029.6577099575693	0.36710978	-0.15000000000000002
25153.086232817368	300	7.362763771014124	0.0	139857	1607.5785190283066	0.3504693	0.3
25158.057894663274	750	6.39110192510717	0.0	382355	4971.661845906953	0.83288074	0.3
25159.696967834338	300	8.75202875404158	0.0	163442	1639.0731710655884	0.661118	-0.15000000000000002
25163.759624613514	750	8.689371974865196	0.0	318564	4062.656779176385	0.9510254	0.3
25166.47895836686	300	9.97003822152254	0.0	153295	2719.333753342656	0.99296546	-0.15000000000000002
25179.152229546686	1200	4.0	2.7032329583007013	709534	12673.271179823241	0.9113761	-11.323901720693016
25180.87588121742	300	6.276348329263045	0.0	150710	1723.6516707369558	0.06274548	-0.6000000000000001
25184.895308239258	750	6.256921307424273	0.0	362795	4019.4270218387715	0.43384007	0.3
25186.88444817894	300	8.267781367742055	0.0	141840	1989.1399396822176	0.5848582	-0.15000000000000002
25189.868123021246	300	9.284106525437746	0.0	156148	2983.6748423043073	0.71087664	0.3
25191.261190732464	300	11.89103881421914	0.0	160746	1393.067711218607	0.7495708	0.3
25192.668200765205	300	14.484028781481369	0.0	179801	1407.0100327377718	1.039573	0.3
25193.831477588945	300	17.320751957741795	0.0	140051	1163.2768237395749	1.147307	0.3
25194.733983436006	300	20.418246110680624	0.0	138313	902.5058470611739	1.1789078	0.3
25197.080100871073	750	22.072128675613026	0.0	360831	2346.1174350675965	1.2677027	0.3
25200.17018941191	750	22.982040134777318	0.0	372963	3090.0885408357053	1.360252	0.75
25204.389432467437	750	22.76279707925286	0.0	405596	4219.24305552446	1.3492776	0.75
25207.321781419167	750	23.83044812752581	0.0	350713	2932.3489517270505	1.3316438	0.75
25214.325982642273	1850	20.82624690441633	0.0	891604	7004.201223109476	1.3707979	0.75
25221.37450485707	1850	17.777724689619856	0.0	955231	7048.522214796474	1.468579	1.85
25222.62542126936	300	20.52680827733139	0.0	163927	1250.9164122884647	1.4381793	-1.25
25226.595773514025	1200	20.55645603266761	0.0	536667	3970.352244663779	1.2958987	0.29999999999999993
25232.110097178058	1200	19.04213236863388	0.0	587236	5514.323664033733	1.434031	1.2
25237.141059913876	1200	18.01116963281508	0.0	590335	5030.962735818801	1.3794076	1.2
25238.823880160395	300	20.328349386298438	0.0	181901	1682.8202465166405	1.379338	-0.6000000000000001
25244.946627965724	1850	18.205601580968608	0.0	758197	6122.747805329832	1.2806889	0.30000000000000004
25249.855002761364	1200	17.29722678532928	0.0	622896	4908.374795639326	1.4674768	0.5499999999999999
25252.280290126462	750	18.87193942023078	0.0	400508	2425.2873650985	1.3798058	0.3
25256.070780628175	1200	19.08144891851829	0.0	570392	3790.4905017124906	1.3797716	0.75
25263.843407095173	1850	15.308822451518092	0.0	954453	7772.626467000199	1.4412915	1.2000000000000002
25268.158775163403	1200	14.993454383287153	0.0	584349	4315.368068230938	1.3956884	0.5499999999999999
25273.716796649984	1200	13.435432896705398	0.0	670129	5558.021486581753	1.3648052	1.2
25280.277832787997	1200	10.874396758691647	0.0	690253	6561.036138013751	1.2996371	1.2
25283.53093146688	750	11.621298079809922	0.0	365161	3253.0986788817268	1.1772809	0.3
25287.081632679587	750	12.070596867106882	0.0	321064	3550.70121270304	1.1740532	0.75
25296.828871098143	1200	6.323358448551558	0.0	575591	9747.238418555324	1.1696304	0.75
25299.563554730816	300	7.588674815881269	0.0	144254	2734.6836326702883	0.50638646	-0.6000000000000001
25301.368404178385	300	9.783825368311206	0.0	149991	1804.849447570065	0.52866477	0.3
25303.62307736451	300	11.529152182185808	0.0	147968	2254.673186125398	0.9757362	0.3
25313.880719146222	1200	5.271510400476462	0.0	641452	10257.641781709346	1.0333083	0.29999999999999993
25316.04513792543	300	7.107091621267303	0.0	145210	2164.418779209159	0.27080187	-0.6000000000000001
25319.658596788442	750	7.493632758253585	0.0	438281	3613.458863013718	0.49908838	0.3
25320.827077326485	300	10.325152220212496	0.0	167025	1168.4805380410885	0.91906565	-0.15000000000000002
25328.018298267107	1850	7.1339312795892855	0.0	982064	7191.2209406232105	1.0980703	0.30000000000000004
25330.137678602776	750	9.01455094392017	0.0	331053	2119.380335669115	1.2125195	-0.3500000000000001
25330.93931898408	300	12.212910562618582	0.0	118421	801.6403813015901	1.1996814	-0.15000000000000002

