19955.14779181215	750	4.0	2.288238812003366	450283	2288.238812003366	1.4186476	-9.089426891614474
19957.842000223827	750	5.305791588322136	0.0	398865	2694.2084116778638	0.7309421	0.75
19958.714371655435	300	8.43342015671616	0.0	139857	872.3714316059757	0.8470857	-0.15000000000000002
19960.894127711414	750	10.253664100735877	0.0	382355	2179.756055980282	0.95038486	0.3
19962.426559348874	750	12.721232463278689	0.0	411561	1532.4316374571881	1.1155498	0.75
19963.05335412228	300	16.09443768987218	0.0	126289	626.7947734065102	1.3279644	-0.15000000000000002
19963.798281884137	300	19.349509928017515	0.0	153295	744.9277618546614	1.3369963	0.3
19966.999450691193	1200	20.148341120960445	0.0	709534	3201.1688070570713	1.3710512	0.29999999999999993
19970.370466166485	1850	20.77732564566707	0.0	852833	3371.0154752933777	1.5047306	1.2000000000000002
19972.08658543319	750	23.061206378961934	0.0	362795	1716.1192667051325	1.5786439	-0.3500000000000001
19978.272601074394	2850	20.875190737757254	0.0	1354548	6186.015641204681	1.4864209	0.75
19983.657027379628	1850	19.490764432521495	0.0	917428	5384.42630523576	1.6067337	0.8500000000000001
19985.235918290666	750	21.9118735214814	0.0	386351	1578.8909110400923	1.5423586	-0.3500000000000001
19986.929174783683	750	24.21861702846388	0.0	434409	1693.256493017521	1.4780295	0.75
19987.591108459106	300	27.556683353039517	0.0	140051	661.9336754243618	1.5133183	-0.15000000000000002
19990.243326163767	1200	28.904465648378746	0.0	587876	2652.2177046607694	1.4800832	0.29999999999999993
19990.95577150819	300	32.1920203039562	0.0	143509	712.445344422552	1.5627011	-0.6000000000000001
19993.81351478603	1200	33.334277026116894	0.0	581493	2857.743277839301	1.5087074	0.29999999999999993
20000.146980513746	2850	31.000811298404855	0.0	1537156	6333.465727712033	1.5882534	1.2000000000000002
20006.20494263203	2850	28.94284918011981	0.0	1336050	6057.962118285046	1.6390994	2.85
20008.63789541929	1850	30.50989639285961	0.0	891604	2432.952787260202	1.6268629	0.8500000000000001
20012.03278189247	1850	31.115009919679586	0.0	955231	3394.886473180023	1.6182986	1.85
20016.786616933303	1850	30.361174878848463	0.0	968026	4753.8350408311235	1.6204295	1.85
20018.27220842338	750	32.87558338876871	0.0	343800	1485.5914900797507	1.6194	-0.3500000000000001
20025.300882661737	2850	29.846909150409232	0.0	1383735	7028.674238359478	1.5691715	0.75
20029.028891260597	1850	30.118900551549245	0.0	905935	3728.0085988599876	1.6217675	0.8500000000000001
20032.033512763355	1200	31.114279048792085	0.0	696376	3004.6215027571584	1.6202519	0.5499999999999999
20036.89027963087	1850	30.257512181276006	0.0	758197	4856.766867516081	1.6173207	1.2000000000000002
20041.9555312278	1850	29.192260584347583	0.0	972798	5065.251596928421	1.607395	1.85
20046.78048057361	1850	28.36731123853572	0.0	975811	4824.949345811862	1.6061345	1.85
20050.73338531328	1850	28.41440649886693	0.0	873429	3952.90473966879	1.6084269	1.85
20054.342647993813	1850	28.805143818331867	0.0	954453	3609.2626805350624	1.6094476	1.85
20057.408441963937	1850	29.739349848207574	0.0	885062	3065.793970124296	1.6370806	1.85
20061.053673472838	1850	30.094118339309226	0.0	1035329	3645.23150889835	1.6319078	1.85
20063.075688466084	750	32.072103346062	0.0	401088	2022.0149932472239	1.6334716	-0.3500000000000001
20064.878186272952	750	34.269605539193556	0.0	365161	1802.497806868444	1.6109078	0.75
20066.74787778859	750	36.39991402355325	0.0	321064	1869.6915156403045	1.636404	0.75
20068.789115588188	750	38.358676223956465	0.0	361565	2041.2377995967881	1.6291547	0.75
20073.60162430932	1200	37.546167502826094	0.0	605884	4812.508721130373	1.641656	0.75
20074.467415948187	300	40.680375863959476	0.0	149991	865.791638866618	1.6353582	-0.6000000000000001
20081.41206808692	2850	37.73572372522739	0.0	1339500	6944.652138732087	1.6444137	0.30000000000000027
20086.786297959865	2850	36.36149385228101	0.0	1527299	5374.229872946379	1.5833528	2.85
20092.355147578437	2850	34.79264423370869	0.0	1343002	5568.849618572311	1.5143979	2.85
20097.02997823305	1850	34.11781357909655	0.0	973972	4674.8306546121485	1.533634	0.8500000000000001
20102.339357917874	2850	32.80843389427151	0.0	1464921	5309.379684825032	1.6382878	1.85
20110.329952774522	2850	28.8178390376272	0.0	1483527	7990.594856644309	1.5196601	2.85
20112.646463331384	1200	30.501328480764016	0.0	538612	2316.5105568631843	1.5898285	-0.44999999999999996
20121.04953084423	4300	26.09826096791545	0.0	2155012	8403.067512848564	1.6571323	1.1999999999999997

