6526.799206385295	750	4.0	7.528019682657206	450283	7528.0196826572055	1.2417096	-31.62048463542598
6529.095560638365	300	5.7036457469296495	0.0	155580	2296.3542530703508	0.23903956	-0.15000000000000002
6531.100766309818	300	7.698440075476701	0.0	139857	2005.2056714529485	0.49766192	0.3
6533.498611063563	300	9.300595321732349	0.0	155432	2397.844753744352	0.81874794	0.3
6536.8622260197135	300	9.936980365581523	0.0	163442	3363.614956150826	0.9343628	0.3
6542.380280312634	750	8.418926072660113	0.0	318564	5518.054292921411	0.9171101	0.3
6547.686417322515	750	7.112789062779422	0.0	352642	5306.137009880691	0.892926	0.75
6549.653960832673	300	9.14524555262063	0.0	173849	1967.543510158793	0.64988285	-0.15000000000000002
6555.521517683876	1200	7.277688701417808	0.0	584846	5867.556851202821	0.9104909	0.29999999999999993
6557.208058701129	300	9.591147684164717	0.0	139105	1686.54101725309	1.0297707	-0.6000000000000001
6560.63325688965	750	10.165949495643556	0.0	353220	3425.19818852116	0.9450454	0.3
6562.453886731167	300	12.345319654127238	0.0	156148	1820.629841516319	1.0743037	-0.15000000000000002
6566.754273770188	750	12.044932615105667	0.0	386351	4300.387039021571	1.0480049	0.3
6571.883343413077	750	10.915862972217493	0.0	434409	5129.069642888173	1.1113119	0.75
6578.881415400356	1200	7.917790984938007	0.0	526950	6998.071987279487	1.0526875	0.75
6584.658857774412	750	6.140348610881639	0.0	366214	5777.442374056368	1.0048069	0.3
6586.280248045072	300	8.518958340222062	0.0	143509	1621.3902706595768	0.46171966	-0.15000000000000002
6591.780762344694	750	7.018444040598931	0.0	372963	5500.514299623131	0.8783501	0.3
6593.64602745034	300	9.153178934953463	0.0	165384	1865.265105645468	0.6057557	-0.15000000000000002
6595.094596538701	300	11.704609846592309	0.0	140881	1448.569088361154	0.9072885	0.3
6596.941277285841	300	13.85792909945247	0.0	157671	1846.6807471398413	1.0319718	0.3
6601.849676016806	750	12.949530368487055	0.0	399894	4908.398730965413	1.085313	0.3
6609.39523257593	1200	9.403973809363531	0.0	656471	7545.556559123524	1.1149269	0.75
6611.091130175251	300	11.708076210041883	0.0	137654	1695.8975993216486	1.052578	-0.6000000000000001
6615.365349095833	750	11.433857289460068	0.0	359903	4274.218920581816	1.014384	0.3
6617.113628414756	300	13.685577970537407	0.0	153938	1748.2793189226586	1.0800254	-0.15000000000000002
6622.461723933112	750	12.337482452180796	0.0	425781	5348.095518356613	1.0967582	0.3
6625.492660128841	750	13.306546256451442	0.0	277716	3030.936195729353	1.1066332	0.75
6632.335401839744	1200	10.463804545548049	0.0	622896	6842.741710903392	1.1833737	0.75
6637.8067005581925	750	8.99250582710065	0.0	400508	5471.298718447399	1.1223361	0.3
6641.8344072819955	750	8.964799103296915	0.0	358218	4027.7067238037353	0.913756	0.75
6643.729957571204	300	11.06924881408851	0.0	157488	1895.5502892084035	0.98767465	-0.15000000000000002
6645.019833339339	300	13.779373045953674	0.0	143881	1289.8757681348363	0.9930806	0.3
6649.0771581077815	750	13.722048277510673	0.0	412837	4057.3247684430003	1.141844	0.3
6651.038827225057	300	15.760379160236425	0.0	179328	1961.6691172742494	1.2040583	-0.15000000000000002
6652.698266075512	300	18.100940309780942	0.0	159914	1659.4388504554831	1.1902065	0.3
6655.963845233762	750	18.83536115153046	0.0	321064	3265.5791582504835	1.2460122	0.3
6662.499339161445	1200	16.2998672238476	0.0	575591	6535.493927682859	1.3501658	0.75
6663.869964906387	300	18.929241478905503	0.0	144254	1370.6257449420934	1.3371257	-0.6000000000000001
6667.302165098295	750	19.497041286997842	0.0	390680	3432.2001919076615	1.3071365	0.3
6675.0366131421615	1850	15.762593243131215	0.0	858450	7734.448043866627	1.4093018	0.75
6685.715277858235	1850	9.083928527057997	0.0	1025005	10678.66471607322	1.4577178	1.85
6688.383520285629	750	10.415686099663901	0.0	372093	2668.2424273940956	1.1604713	-0.3500000000000001
6689.548366693815	300	13.250839691477251	0.0	172312	1164.846408186649	1.2070992	-0.15000000000000002
6694.102584000333	1200	12.696622384959545	0.0	630203	4554.217306517706	1.2679678	0.29999999999999993
6699.383483874756	1200	11.415722510537151	0.0	638661	5280.899874422394	1.394766	1.2
6706.510811437474	1200	8.288394947818622	0.0	538612	7127.327562718528	1.3142841	1.2
6716.568215823685	1200	4.0	1.769009438391824	550906	10057.404386210446	1.0997859	-6.406740585084843

