23672.861361110838	750	4.0	2.54228302815134	450283	2542.28302815134	1.4037566	-10.181817021050762
23674.647370806684	750	6.213990304153536	0.0	398865	1786.0096958464633	1.0204557	0.75
23676.736309265576	1200	8.12505184526166	0.0	571051	2088.9384588918756	1.1876361	0.75
23683.410075835323	2850	5.451285275512159	0.0	1520281	6673.766569749501	1.3556368	1.2000000000000002
23685.02299145063	750	7.838369660208584	0.0	411561	1612.9156153035758	1.3889896	-1.35
23690.616457823933	1850	6.244903286906104	0.0	801058	5593.46637330248	1.231956	0.75
23693.833948975236	300	7.027412135602621	0.0	153295	3217.4911513034835	1.2095542	-1.25
23697.765830206306	300	7.095530904534621	0.0	173849	3931.881231068001	0.6412006	0.3
23701.38604125247	300	7.475319858366592	0.0	150710	3620.2110461680286	0.46954232	0.3
23704.413259772395	300	8.4481013384438	0.0	139105	3027.2185199227897	0.50188893	0.3
23706.89186944093	300	9.969491669909143	0.0	141840	2478.609668534659	0.67875916	0.3
23708.582023076353	300	12.279338034485695	0.0	156148	1690.1536354234474	0.90550184	0.3
23709.96787289656	300	14.893488214277365	0.0	160746	1385.8498202083306	1.0465331	0.3
23714.04703198452	750	14.814329126319143	0.0	434409	4079.1590879582236	1.1520861	0.3
23719.318659852175	1200	13.542701258659923	0.0	526950	5271.627867659219	1.2142501	0.75
23720.450010216628	300	16.411350894207906	0.0	138313	1131.3503644520158	1.2527416	-0.6000000000000001
23721.50297646229	300	19.358384648546657	0.0	143509	1052.966245661247	1.1973287	0.3
23725.886592119306	1200	18.974768991531196	0.0	581493	4383.615657015461	1.2571545	0.29999999999999993
23728.994645707942	750	19.866715402895316	0.0	405596	3108.053588635879	1.3869295	0.3
23730.00451700336	300	22.85684410748011	0.0	140881	1009.871295415205	1.3357376	-0.15000000000000002
23734.983088522193	1200	21.87827258864615	0.0	601738	4978.571518833961	1.3086107	0.29999999999999993
23738.289639650342	750	22.57172146049572	0.0	399894	3306.551128150435	1.4166421	0.3
23741.932858276487	750	22.928502834351196	0.0	401853	3643.2186261445254	1.3619797	0.75
23743.19446139495	300	25.666899715886313	0.0	137654	1261.6031184648837	1.3631358	-0.15000000000000002
23749.321448539165	1850	23.539912571671906	0.0	897976	6126.987144214408	1.3268733	0.30000000000000004
23756.427314815603	1850	20.434046295231667	0.0	905935	7105.86627644024	1.5337893	1.85
23760.302061360297	750	20.55929975054077	0.0	425781	3874.746544690896	1.4709483	-0.3500000000000001
23764.65667498398	1200	20.2046861268528	0.0	487160	4354.613623687971	1.3503852	0.75
23768.058935309564	750	20.8024258012734	0.0	400396	3402.2603255793947	1.4165554	0.3
23771.020788937134	750	21.840572173704313	0.0	400508	2961.8536275690885	1.3623462	0.75
23771.99842409572	300	24.862937015116927	0.0	157421	977.6351585873871	1.3930918	-0.15000000000000002
23773.071899295006	300	27.789461815829174	0.0	157488	1073.475199287755	1.3751603	0.3
23773.940722709955	300	30.920638400882197	0.0	143881	868.8234149469745	1.394671	0.3
23780.0062237107	1850	28.855137400136	0.0	1035329	6065.501000746199	1.4349816	0.30000000000000004
23788.382730492318	2850	24.478630618521137	0.0	1492672	8376.506781614864	1.6565448	1.85
23789.005307597967	300	27.856053512871657	0.0	159914	622.5771056494794	1.5978866	-2.25
23790.588790463	1200	30.272570647835906	0.0	487812	1583.4828650357515	1.5186812	0.29999999999999993
23797.65904687251	4300	27.20231423832438	0.0	2147467	7070.256409511528	1.7001724	1.1999999999999997
23808.353524571707	4300	20.50783653912938	0.0	2133870	10694.477699195	0.4162467	4.3
23825.614956023943	4300	7.246405086892344	0.0	2146120	17261.431452237033	1.0415114	4.3
23833.17667362831	1850	4.0	0.315312517478078	858450	7561.717604370422	1.2831805	-1.9558438251557353
23835.051933003746	750	6.124740624564365	0.0	384505	1875.259375435635	0.97072613	-0.3500000000000001
23836.844221706826	750	8.332451921485664	0.0	372093	1792.288703078703	1.11237	0.75
23839.880440874804	1200	9.296232753507402	0.0	634861	3036.2191679782613	1.2437414	0.75
23842.78021795774	1200	10.396455670567823	0.0	630203	2899.777082939579	1.3717172	1.2
23846.27016045748	1200	10.906513170828614	0.0	638661	3489.9424997392084	1.4322675	1.2
23847.39376631271	300	13.782907315599607	0.0	137507	1123.6058552290071	1.4018354	-0.6000000000000001
23848.244632956434	300	16.932040671875964	0.0	118421	850.8666437236442	1.2603143	0.3

