4668.286282941527	750	4.0	4.8551176236478435	450283	4855.117623647843	1.6559273	-20.127005781685725
4669.783495042539	300	6.502787898988277	0.0	155580	1497.2121010117223	0.4998766	-0.15000000000000002
4672.576575881717	750	7.709707059809494	0.0	350812	2793.080839178783	0.79476106	0.3
4673.678908380176	300	10.6073745613506	0.0	155432	1102.3324984588946	0.89783436	-0.15000000000000002
4674.790081619994	300	13.496201321531768	0.0	163442	1111.1732398188317	0.9929304	0.3
4675.5727963964155	300	16.713486545110744	0.0	126289	782.7147764210234	1.1781751	0.3
4677.85276563163	750	18.433517309896356	0.0	352642	2279.9692352143848	1.2847614	0.3
4678.904136652736	300	21.382146288790832	0.0	173849	1051.3710211055263	1.3637012	-0.15000000000000002
4679.826017400904	300	24.460265540623134	0.0	150710	921.8807481676964	1.4064333	0.3
4682.18699193304	750	26.09929100848649	0.0	362795	2360.9745321366477	1.4262638	0.3
4687.808375382169	1850	24.47790755935808	0.0	939819	5621.383449128411	1.4912794	0.75
4693.15480324475	1850	23.131479696777575	0.0	917428	5346.4278625805	1.5613546	1.85
4698.294020671105	1200	21.992262270422813	0.0	624282	5139.217426354762	1.5581245	0.5499999999999999
4703.0128778274575	1200	21.273405114071082	0.0	687371	4718.85715635173	1.4778322	1.2
4709.463101222281	1850	18.82318171924744	0.0	821631	6450.223394823642	1.502054	1.2000000000000002
4714.804869479262	1200	17.48141346226567	0.0	587876	5341.768256981768	1.5108299	0.5499999999999999
4724.951203345372	2850	11.335079596155339	0.0	1491626	10146.333866110332	1.4075457	1.2000000000000002
4729.069370088046	1200	11.216912853482507	0.0	581493	4118.166742672833	1.4222481	-0.44999999999999996
4729.968417831444	300	14.317865110083583	0.0	165384	899.0477433989239	1.2781972	-0.6000000000000001
4732.138769910168	750	16.147513031359672	0.0	350713	2170.352078723912	1.3059825	0.3
4737.411343382685	1200	14.874939558842376	0.0	601738	5272.573472517294	1.38169	0.75
4741.560614078771	750	14.72566886275663	0.0	399894	4149.270696085746	1.3666538	0.3
4743.235245188073	300	17.05103775345453	0.0	163927	1674.6311093020997	1.2532126	-0.15000000000000002
4748.582237629853	1200	15.704045311674815	0.0	536667	5346.992441779716	1.2765839	0.29999999999999993
4750.688588322856	750	17.597694618671696	0.0	359903	2106.350693003118	1.3950357	0.3
4756.013593098503	1850	16.27268984302452	0.0	905935	5325.004775647175	1.4139496	0.75
4758.461453581646	750	17.824829359882123	0.0	425781	2447.8604831423972	1.4803661	-0.3500000000000001
4759.095983758051	300	21.190299183477006	0.0	111155	634.5301764051144	1.4434468	-0.15000000000000002
4760.026534054778	300	24.25974888674997	0.0	153605	930.5502967270365	1.4478351	0.3
4770.378154425043	2850	17.908128516484073	0.0	1561263	10351.620370265895	1.4627669	0.30000000000000027
4780.946524528671	1850	11.33975841285663	0.0	873429	10568.370103627443	1.5389733	0.8500000000000001
4784.907030307648	750	11.379252633879512	0.0	400322	3960.5057789771176	1.2929238	-0.3500000000000001
4787.650113624953	300	12.636169316574815	0.0	143881	2743.0833173046985	1.1833646	-0.15000000000000002
4791.71140723979	750	12.574875701737856	0.0	412837	4061.293614836959	1.0791335	0.3
4795.3183839651165	750	12.967898976410963	0.0	401088	3606.9767253268933	1.179311	0.75
4796.787711101971	300	15.49857183955707	0.0	159914	1469.3271368538933	1.2012541	-0.15000000000000002
4798.088213083141	300	18.19806985838645	0.0	131610	1300.5019811706184	1.2441391	0.3
4801.168316051674	750	19.11796688985366	0.0	361565	3080.1029685327926	1.3116448	0.3
4802.498408878849	300	21.787874062679123	0.0	144254	1330.092827174537	1.4352697	-0.15000000000000002
4803.919786346851	300	24.366496594677493	0.0	149991	1421.3774680016272	1.440406	0.3
4805.255050393582	300	27.031232547947454	0.0	147968	1335.2640467300398	1.4827291	0.3
4830.108685351173	2850	6.177597590355647	0.0	1527299	24853.634957591807	1.5172484	0.30000000000000027
4832.913290869344	300	7.372992072185299	0.0	145210	2804.6055181703478	0.7757526	-2.25
4845.154302923988	750	4.0	4.86801998245929	438281	12241.012054644589	0.66940564	-20.632485924574947
4850.5722877432045	300	4.0	1.417984819215796	167025	5417.984819215796	0.030269124	-6.247334722627923
4854.586894083913	300	4.0	0.014606340708329753	160064	4014.6063407083298	0.0070544533	0.23719273495418206
4856.852913641068	300	5.733980442843888	0.0	137507	2266.0195571561126	0.057327107	0.3
4858.700264714683	300	7.886629369229463	0.0	118421	1847.3510736144244	0.010651934	0.3

