17112.254424271687	750	4.0	6.579692689023528	450283	6579.692689023527	1.540375	-27.542678562801168
17113.241212187837	300	7.013212083850239	0.0	155580	986.7879161497615	0.3419381	-0.15000000000000002
17115.189398239945	300	9.065026031742615	0.0	139857	1948.1860521076244	1.026932	0.3
17127.70748978119	1200	4.0	3.4530655095023195	617681	12518.091541244934	0.97665006	-14.548181690859975
17130.910312453707	300	4.797177327485339	0.0	163442	3202.8226725146615	0.10028786	-0.6000000000000001
17133.31955219438	300	6.387937586809158	0.0	126289	2409.2397406761816	0.18989173	0.3
17136.112285767034	300	7.595204014158028	0.0	153295	2792.733572651129	0.36999977	0.3
17137.85835369497	300	9.84913608622132	0.0	173849	1746.0679279367098	0.48502287	0.3
17139.051614269185	300	12.655875512008622	0.0	150710	1193.2605742126955	0.93277556	0.3
17140.093246751385	300	15.614243029806596	0.0	139105	1041.632482202027	1.0856968	0.3
17143.724170841415	1200	15.983318939779474	0.0	607410	3630.924090027121	1.1655549	0.29999999999999993
17147.790243968415	1200	15.917245812776867	0.0	594078	4066.0731270026067	1.3416167	1.2
17151.409936410728	1200	16.29755337046352	0.0	624282	3619.69244231335	1.3386679	1.2
17155.735137558087	1200	15.97235222310475	0.0	687371	4325.201147358768	1.3723533	1.2
17158.80373187653	750	16.90375790466283	0.0	337059	3068.594318441924	1.3598113	0.3
17160.921312173352	750	18.786177607841324	0.0	366214	2117.580296821501	1.2745135	0.75
17167.812579880614	1850	15.894909900577487	0.0	966699	6891.267707263838	1.3537331	0.75
17170.435845632128	1200	17.271644149061977	0.0	581493	2623.265751515512	1.41301	0.5499999999999999
17172.241101769836	750	19.466388011356642	0.0	405596	1805.2561377053373	1.4475071	0.3
17173.78636456378	750	21.921125217410026	0.0	350713	1545.2627939466156	1.4064614	0.75
17175.674662571037	750	24.032827210158253	0.0	386472	1888.2980072517742	1.4313061	0.75
17177.408720501175	750	26.298769280019226	0.0	399894	1734.0579301390246	1.4340364	0.75
17178.84137158817	750	28.866118193020398	0.0	401853	1432.6510869988308	1.469353	0.75
17180.20568331212	750	31.50180646907026	0.0	343800	1364.311723950136	1.5214494	0.75
17184.34306251841	1850	31.364427262787014	0.0	897976	4137.379206283242	1.5317606	0.75
17193.55350983264	2850	26.15397994855621	0.0	1480464	9210.447314230805	1.677855	1.85
17197.587186324992	1200	26.120303456205978	0.0	696376	4033.676492350233	1.6326798	-0.44999999999999996
17203.79680688247	1850	23.910682898725007	0.0	758197	6209.620557480967	1.5203274	1.2000000000000002
17224.042881888578	1850	7.6646078926214685	0.0	972798	20246.07500610354	1.5355833	1.85
17227.43276984277	300	8.274719938428031	0.0	149029	3389.8879541934366	0.4073516	-1.25
17231.088426406328	300	8.619063374870372	0.0	157421	3655.6565635576603	0.53225297	0.3
17241.1065429839	750	4.0	1.3990532027044065	400322	10018.116577574778	0.5786591	-5.715928771628948
17243.654311337268	300	5.452231646631402	0.0	143881	2547.768353368597	0.023123221	-0.15000000000000002
17245.26809293245	300	7.838450051453685	0.0	163444	1613.7815951777177	0.13967368	0.3
17246.32883168965	300	10.77771129425036	0.0	179328	1060.7387572033253	0.58980244	0.3
17248.18464429312	750	12.9218986907845	0.0	365161	1855.8126034658574	1.0679162	0.3
17249.012080518074	300	16.094462465827956	0.0	131610	827.436224956543	1.2829787	-0.15000000000000002
17251.83431416397	1200	17.272228819932067	0.0	575591	2822.2336458958903	1.2461778	0.29999999999999993
17252.790307696323	300	20.316235287580778	0.0	144254	955.99353235129	1.4998388	-0.6000000000000001
17262.393312469718	1200	14.713230514186252	0.0	587506	9603.004773394525	1.3327773	0.29999999999999993
17265.490237220543	750	15.616305763357367	0.0	345516	3096.924750828885	1.2071573	0.3
17269.89688595452	1200	15.209657029381647	0.0	641452	4406.648733975721	1.328056	0.75
17274.775509255134	1200	14.331033728769683	0.0	599477	4878.623300611966	1.4473635	1.2
17277.46897003902	750	15.637572944885243	0.0	438281	2693.4607838844404	1.4044021	0.3
17279.452173001024	750	17.65436998287967	0.0	398987	1983.2029620055741	1.4332887	0.75
17281.290643516128	750	19.815899467776124	0.0	393804	1838.4705151035457	1.5257634	0.75
17282.10783648377	300	22.99870650013407	0.0	137507	817.1929676420502	1.5835217	-0.15000000000000002
17284.760637493182	1200	24.345905490722956	0.0	550906	2652.801009411116	1.5095142	0.29999999999999993

