20807.279803205423	750	4.0	2.731225734575557	450283	2731.225734575557	1.4836583	-10.994270658674894
20808.24326009956	300	7.036543105862896	0.0	155580	963.4568941371031	0.6745649	-0.15000000000000002
20809.154780167326	300	10.125023038096328	0.0	139857	911.5200677665691	0.8792483	0.3
20810.186917686322	300	13.092885519102305	0.0	155432	1032.1375189940231	1.0215805	0.3
20811.318322243376	300	15.961480962046931	0.0	163442	1131.4045570553735	1.1501954	0.3
20812.57366019737	300	18.706143008056287	0.0	126289	1255.337953990646	1.2823739	0.3
20815.840640572886	300	19.43916263253781	0.0	153295	3266.980375518477	1.2989775	0.3
20818.51723992939	300	20.762563276033337	0.0	173849	2676.5993565044737	1.2520068	0.3
20820.242224057878	300	23.037579147545646	0.0	150710	1724.98412848769	1.3110985	0.3
20824.67750843182	750	22.60229477360263	0.0	362795	4435.284373943016	1.3516101	0.3
20829.492769726385	750	21.78703347904017	0.0	353220	4815.2612945624605	1.3840461	0.75
20832.832096705322	750	22.447706500102978	0.0	405134	3339.3269789371902	1.3540419	0.75
20836.97406825677	1200	22.305734948651708	0.0	624282	4141.971551451268	1.399009	0.75
20840.367590876394	750	22.91221232903017	0.0	434409	3393.52261962154	1.4649591	0.3
20843.405938134532	750	23.87386507088959	0.0	337059	3038.3472581405763	1.4442667	0.75
20846.13342659406	750	25.146376611361294	0.0	366214	2727.4884595282965	1.4378526	0.75
20848.610666879747	750	26.669136325675208	0.0	360831	2477.240285686087	1.4511751	0.75
20854.947756444584	1200	24.33204676083613	0.0	581493	6337.089564839081	1.4955006	0.75
20856.19668736524	300	27.08311584017867	0.0	165384	1248.9309206574578	1.4795173	-0.6000000000000001
20857.223688357823	300	30.056114847598675	0.0	140881	1027.000992579997	1.4501789	0.3
20860.960455860564	1200	30.319347344857103	0.0	601738	3736.7675027415708	1.489544	0.29999999999999993
20861.99354561472	300	33.28625759069825	0.0	157812	1033.0897541588556	1.5634189	-0.6000000000000001
20866.18088133762	1200	33.098921867800875	0.0	656471	4187.335722897371	1.5173633	0.29999999999999993
20868.075868530017	750	35.20393467540639	0.0	343800	1894.9871923944843	1.5738761	0.3
20869.889284899935	750	37.39051830548821	0.0	359903	1813.4163699181815	1.5706657	0.75
20872.116358701507	750	39.16344450391585	0.0	379700	2227.073801572365	1.6031213	0.75
20874.686834767974	750	40.592968437450544	0.0	425781	2570.4760664653013	1.5861026	0.75
20879.478218273147	1850	39.80158493227597	0.0	758197	4791.38350517457	1.6068678	0.75
20883.32836505955	1200	39.9514381458749	0.0	622896	3850.146786401072	1.6164377	0.5499999999999999
20886.754457975105	1200	40.52534523032068	0.0	641447	3426.0929155542244	1.603545	1.2
20888.64273666396	750	42.6370665414635	0.0	358218	1888.2786888571816	1.6267363	0.3
20891.036495826134	750	44.24330737929008	0.0	400322	2393.7591621734146	1.6244038	0.75
20892.846827529367	750	46.43297567605616	0.0	369834	1810.3317032339257	1.6291845	0.75
20896.012058685854	1200	47.26774451956833	0.0	670129	3165.2311564878264	1.6339438	0.75
20905.64866185736	4300	41.63114134806124	0.0	2307787	9636.60317150709	1.6381346	1.1999999999999997
20914.27452048895	4300	37.005282716473545	0.0	2143948	8625.858631587698	1.2713987	4.3
20921.144646109264	4300	34.13515709615951	0.0	1919781	6870.125620314033	1.2216829	4.3
20930.742487010488	4300	28.537316194938736	0.0	2147467	9597.84090122078	1.202766	4.3
20936.209619869107	1850	27.070183336320028	0.0	908665	5467.132858618709	1.4462487	-0.6000000000000001
20940.689654624137	1850	26.590148581289036	0.0	930577	4480.0347550309925	1.6195601	1.85
20945.20194435324	1850	26.077858852183745	0.0	858450	4512.289729105289	1.6109592	1.85
20947.963990348297	1200	27.315812857126538	0.0	641452	2762.0459950572067	1.6098298	0.5499999999999999
20952.85313697916	1850	26.42666622626711	0.0	886255	4889.146630859426	1.6387751	1.2000000000000002
20958.78263323376	1850	24.49716997166498	0.0	973972	5929.496254602129	1.6222773	1.85
20962.29828744444	1200	24.98151576098488	0.0	630203	3515.654210680104	1.613704	0.5499999999999999
20963.005286302527	300	28.274516902897627	0.0	160064	706.9988580872521	1.6197793	-0.6000000000000001
20964.630268574274	750	30.649534631148544	0.0	331053	1624.9822717490838	1.6315266	0.3
20966.2904416949	750	32.98936151052333	0.0	314107	1660.173120625214	1.6580509	0.75

