3977.2524392107653	750	4.0	4.127748728925795	450283	4127.748728925795	1.5669185	-16.999319534380916
3979.8763789448776	300	5.376060265887466	0.0	155580	2623.939734112534	0.55231297	-0.15000000000000002
3980.992972431138	300	8.259466779627365	0.0	139857	1116.593486260102	0.66823655	0.3
3984.5827793134454	1200	8.669659897319667	0.0	617681	3589.8068823076983	0.86760765	0.29999999999999993
3985.5184173902217	300	11.734021820543264	0.0	163442	935.6380767764043	1.0512668	-0.6000000000000001
3986.2735394165948	300	14.97889979417009	0.0	126289	755.1220263731743	1.1389816	0.3
3988.5490110547976	750	16.703428155967543	0.0	352642	2275.471638202547	1.2610974	0.3
3996.1978819877268	1850	13.054557223038413	0.0	1060487	7648.870932929131	1.3344363	0.75
4012.0851499555542	2850	4.0	2.8327107447891704	1348011	15887.267967827584	1.4022453	-10.330656202593433
4013.123099094755	300	6.962050860799532	0.0	139105	1037.9491392004684	0.8640604	-2.25
4014.2780395692644	300	9.807110386290235	0.0	141840	1154.9404745092977	0.9005012	0.3
4017.046415763163	750	11.038734192391352	0.0	405134	2768.376193898883	1.0511128	0.3
4021.118999581723	1200	10.966150373831491	0.0	624282	4072.58381855986	1.1487455	0.75
4024.1514081908135	1200	11.933741764741258	0.0	687371	3032.4086090902324	1.2369258	1.2
4024.7685657926663	300	15.316584162888379	0.0	140051	617.1576018528793	1.318241	-0.6000000000000001
4027.0261132453716	1200	17.059036710182873	0.0	587876	2257.5474527055067	1.3301938	0.29999999999999993
4029.428549187074	1200	18.65660076848053	0.0	617242	2402.4359417023456	1.5240173	1.2
4030.791234130159	750	21.293915825395562	0.0	372963	1362.6849430849684	1.5170358	0.3
4034.6985811146014	1850	21.386568840953235	0.0	987708	3907.346984442326	1.4900906	0.75
4038.8792929135802	2850	21.205857041974326	0.0	1336050	4180.711798978907	1.5851562	1.85
4041.4443449560094	1850	22.640804999545193	0.0	891604	2565.0520424291362	1.6382016	0.8500000000000001
4043.1135832444957	1200	24.971566711059364	0.0	616206	1669.2382884858275	1.6130185	0.5499999999999999
4046.0420328760874	1850	26.043117079467436	0.0	968026	2928.449631591929	1.5867232	1.2000000000000002
4047.7412425230646	1200	28.34390743249021	0.0	536667	1699.2096469772266	1.6318313	0.5499999999999999
4051.2022835856574	1850	28.88286636989709	0.0	897976	3461.0410625931177	1.6063678	1.2000000000000002
4055.8039321098786	1850	28.281217845676174	0.0	905935	4601.648524220918	1.617534	1.85
4058.490013619764	1200	29.595136335790762	0.0	696376	2686.0815098854155	1.6074076	0.5499999999999999
4060.4551173070345	1850	31.630032648520213	0.0	758197	1965.1036872705486	1.6141254	1.2000000000000002
4067.3507417339633	4300	28.734408221591615	0.0	2134614	6895.624426928598	1.6479981	1.8499999999999996
4068.1093277394757	300	31.975822216079123	0.0	149029	758.5860055124913	1.540392	-3.7
4068.9872105383806	300	35.09793941717391	0.0	157421	877.8827989052135	1.5629244	0.3
4075.992611843411	1850	32.09253811214364	0.0	954453	7005.401305030266	1.5594231	0.30000000000000004
4084.816855515776	2850	27.268294439778874	0.0	1358081	8824.243672364772	1.616511	1.85
4097.491145746378	4300	18.594004209177	0.0	2286761	12674.290230601871	1.6106591	2.8499999999999996
4098.445548335305	300	21.63960162025015	0.0	179328	954.4025889268498	1.5560166	-3.7
4099.074763958671	300	25.01038599688413	0.0	159914	629.2156233660259	1.490756	0.3
4100.824703227913	1200	27.260446727641504	0.0	487812	1749.9392692426231	1.5814518	0.29999999999999993
4102.017193412811	750	30.06795654274395	0.0	361565	1192.4901848975567	1.6116256	0.3
4104.044652097433	1200	32.040497858122244	0.0	605884	2027.4586846217069	1.6072849	0.75
4104.656154163905	300	35.428995791649974	0.0	149991	611.502066472264	1.6350822	-0.6000000000000001
4106.0521449032485	750	38.03300505230652	0.0	345516	1395.990739343453	1.6392696	0.3
4107.619406789934	750	40.46574316562077	0.0	384505	1567.2618866857488	1.6853486	0.75
4109.241398201137	750	42.843751754418044	0.0	372093	1621.9914112027286	1.6769385	0.75
4113.099142748109	1850	42.98600720744533	0.0	973972	3857.744546972713	1.6722844	0.75
4115.568268208405	1200	44.51688174714906	0.0	630203	2469.1254602962777	1.6196957	0.5499999999999999
4127.387284641917	4300	36.69786531363746	0.0	2246506	11819.016433511597	1.6638325	1.1999999999999997
4135.4006695779735	4300	32.68448037758034	0.0	1961140	8013.384936057109	1.1706276	4.3
4145.370584691587	4300	26.714565263967422	0.0	2155012	9969.915113612924	1.0997537	4.3

