21672.586019989078	750	4.0	1.5754002818435975	450283	1575.4002818435974	1.6423777	-6.024221211927469
21675.022468008134	1200	5.563551980940861	0.0	611087	2436.448019059139	0.8093006	0.75
21675.492727254008	300	9.09329273506894	0.0	139857	470.25924587192054	1.0163981	-0.6000000000000001
21676.919255597695	750	11.666764391381594	0.0	382355	1426.5283436873472	1.1325299	0.3
21677.571283955076	300	15.014736034001364	0.0	163442	652.0283573802301	1.2979401	-0.15000000000000002
21679.32821385126	750	17.25780613781973	0.0	318564	1756.9298961816312	1.3543122	0.3
21689.48535150789	2850	11.10066848118572	0.0	1388403	10157.137656634011	1.407647	0.75
21690.817771359223	300	13.768248629851405	0.0	173849	1332.4198513343138	1.3982083	-2.25
21691.93821239467	300	16.647807594404313	0.0	150710	1120.4410354470924	1.2599763	0.3
21694.737314868482	1200	17.84870512059032	0.0	560821	2799.1024738139945	1.3150921	0.29999999999999993
21699.64054260031	1850	16.945477388762022	0.0	939819	4903.227731828298	1.4553303	1.2000000000000002
21701.543402799954	750	19.042617189121803	0.0	405134	1902.860199640218	1.5192461	-0.3500000000000001
21704.426170735576	1200	20.159849253498933	0.0	624282	2882.7679356228687	1.4215064	0.75
21707.702505724043	1200	20.883514265032918	0.0	687371	3276.3349884660165	1.48944	1.2
21708.69880620237	300	23.887213786705065	0.0	140051	996.3004783278507	1.5458199	-0.6000000000000001
21710.88427319497	750	25.701746794107	0.0	366214	2185.466992598066	1.4292638	0.3
21712.693649901194	750	27.892370087882714	0.0	360831	1809.3767062242835	1.4812965	0.75
21715.580078505292	1200	29.00594148378342	0.0	581493	2886.428604099295	1.5211319	0.75
21716.390527143023	300	32.19549284605203	0.0	165384	810.4486377313846	1.5720524	-0.6000000000000001
21719.23571948413	1200	33.35030050494324	0.0	586839	2845.192341108796	1.5215079	0.29999999999999993
21721.9168476327	750	34.669172356377274	0.0	386472	2681.1281485659642	1.5935085	0.3
21727.2189076421	1850	33.36711234697567	0.0	955231	5302.060009401614	1.5625309	0.75
21731.5345811273	1850	33.051438861776646	0.0	968026	4315.673485199017	1.5912745	1.85
21736.13500842285	1850	32.45101156622416	0.0	874175	4600.427295552486	1.6132768	1.85
21738.027527877366	750	34.55849211171121	0.0	359903	1892.519454512952	1.6081746	-0.3500000000000001
21738.82391051889	300	37.76210947018397	0.0	153938	796.382641527231	1.5814561	-0.15000000000000002
21742.011544128094	1200	38.57447586098386	0.0	696376	3187.6336092001156	1.5599831	0.29999999999999993
21743.164819926293	750	41.421200062786305	0.0	277716	1153.2757981975574	1.6235678	0.3
21746.13229448777	1200	42.45372550131293	0.0	622896	2967.4745614733656	1.6161529	0.75
21754.064638321848	2850	38.521381667232404	0.0	1561263	7932.343834080526	1.6280547	1.2000000000000002
21756.154093492485	750	40.431926496591934	0.0	358218	2089.4551706404654	1.6311033	-1.35
21759.72776803111	1200	40.85825195796793	0.0	620283	3573.674538624005	1.6227959	0.75
21763.804155225844	1850	40.78186476323409	0.0	885062	4076.387194733838	1.6224632	1.2000000000000002
21767.55045525419	1850	41.035564734887416	0.0	1035329	3746.3000283466686	1.6382395	1.85
21774.5364877562	2850	38.049532232878335	0.0	1492672	6986.032502009081	1.6355258	1.85
21780.428960223217	1850	36.15705976586354	0.0	943942	5892.472467014792	1.611331	0.8500000000000001
21784.325740042303	1200	36.260279946775654	0.0	487812	3896.7798190878925	1.6377156	0.5499999999999999
21787.69935453538	1850	36.88666545369869	0.0	938587	3373.6144930769656	1.6331517	1.2000000000000002
21789.301684754304	750	39.284335234772655	0.0	378327	1602.3302189260332	1.6422253	-0.3500000000000001
21794.67536362251	1850	37.910656366563764	0.0	930577	5373.678868208889	1.6578816	0.75
21801.921586887594	2850	34.66443310148148	0.0	1339500	7246.223265082283	1.6394207	1.85
21806.4565002652	1850	34.12951972387174	0.0	1025005	4534.913377609745	1.6136249	0.8500000000000001
21813.933941252133	2850	30.652078736939558	0.0	1343002	7477.440986932179	1.6394207	1.85
21827.375263043887	4300	21.210756945184986	0.0	2219102	13441.321791754575	1.6044517	2.8499999999999996
21829.784635275628	1200	22.801384713444182	0.0	630203	2409.3722317408046	1.6135064	-1.9000000000000001
21830.455687039266	300	26.130332949803616	0.0	160064	671.0517636405666	1.6126612	-0.6000000000000001
21835.880988691628	1850	24.7050312974412	0.0	830730	5425.301652362417	1.6138303	0.30000000000000004
21842.485064138637	2850	22.100955850431465	0.0	1364537	6604.075447009731	1.6294147	1.85

