7443.366473800188	750	4.0	3.8635903273045304	450283	3863.5903273045305	1.5669901	-15.863438407409479
7446.851235912227	750	4.515237887960503	0.0	398865	3484.762112039497	0.6797431	0.75
7447.939708643361	300	7.426765156826241	0.0	139857	1088.4727311342613	0.71935993	-0.15000000000000002
7450.811672536005	750	8.554801264182299	0.0	382355	2871.963892643943	0.9825932	0.3
7452.160952208403	300	11.20552159178463	0.0	163442	1349.279672397669	1.1042427	-0.15000000000000002
7453.429634472756	300	13.936839327430292	0.0	126289	1268.6822643543358	1.0857887	0.3
7454.788331195521	300	16.57814260466562	0.0	153295	1358.6967227646721	1.1427971	0.3
7460.108523797413	1200	15.257950002773905	0.0	709534	5320.192601891716	1.1920544	0.29999999999999993
7472.054903005897	2850	7.3115707942897155	0.0	1348011	11946.37920848419	1.3188093	1.2000000000000002
7473.37986621421	300	9.986607585977007	0.0	139105	1324.9632083127083	1.2041811	-2.25
7476.976035644653	750	10.390438155533941	0.0	353220	3596.1694304430653	1.0142509	0.3
7478.726808281535	300	12.639665518652354	0.0	156148	1750.772636881588	1.0916792	-0.15000000000000002
7484.296756851816	750	11.069716948371351	0.0	386351	5569.9485702810025	1.0814648	0.3
7488.429135472856	300	10.937338327332688	0.0	179801	4132.378621038665	1.052497	-0.15000000000000002
7491.598088247954	300	11.768385552233852	0.0	140051	3168.9527750988336	0.9298889	0.3
7495.210768223921	300	12.15570557626732	0.0	138313	3612.679975966533	0.9680909	0.3
7504.126745036886	750	7.239728763302008	0.0	360831	8915.976812965311	0.9600686	0.3
7512.552836444037	750	4.0	1.1863626438491957	372963	8426.091407151203	0.39223632	-4.351359368551541
7515.847339295777	300	4.705497148260381	0.0	165384	3294.502851739619	0.041017763	-0.15000000000000002
7519.7744550455645	300	4.77838139847246	0.0	140881	3927.1157497879212	0.0799835	0.3
7524.827247594824	300	4.0	0.27441115078778877	157671	5052.792549260249	0.04638765	-0.8799679483874916
7528.525730298587	300	4.301517296236846	0.0	157812	3698.482703763154	0.013216595	0.3
7530.674334681983	300	6.152912912840571	0.0	163927	2148.6043833962754	0.016385052	0.3
7532.111653374987	300	8.71559421983601	0.0	137654	1437.3186930045615	0.18620361	0.3
7533.527328414526	300	11.299919180297717	0.0	146754	1415.6750395382928	0.5621955	0.3
7538.148086164835	750	10.679161429988365	0.0	379700	4620.757750309352	0.95931876	0.3
7549.114216840104	750	4.0	0.2869692452811414	425781	10966.130675269507	0.99267477	-0.48396775470890807
7551.826129733123	300	5.288087106981035	0.0	111155	2711.9128930189654	0.02109084	-0.15000000000000002
7555.859376579427	300	5.254840260677611	0.0	153605	4033.246846303424	0.091694005	0.3
7559.80413739431	300	5.31007944579385	0.0	149029	3944.7608148837603	0.061435655	0.3
7563.6367649190615	300	5.477451921042703	0.0	157421	3832.6275247511476	0.05213772	0.3
7567.852976556782	300	5.261240283322635	0.0	157488	4216.211637720068	0.05156109	0.3
7572.372014225408	300	4.742202614696909	0.0	143881	4519.037668625725	0.03183741	0.3
7575.31889887882	300	5.795317961284782	0.0	163444	2946.8846534121267	0.014453704	0.3
7578.134613505096	300	6.97960333500795	0.0	179328	2815.7146262768324	0.05498783	0.3
7582.028565584204	300	7.085651255899573	0.0	159914	3893.952079108378	0.2420022	0.3
7584.380730884616	300	8.733485955487161	0.0	131610	2352.165300412411	0.19940454	0.3
7586.968633191006	300	10.145583649097272	0.0	124011	2587.9023063898885	0.48621184	0.3
7590.367812484817	300	10.746404355287341	0.0	144254	3399.179293809931	0.7118991	0.3
7594.539338593612	300	10.574878246491858	0.0	149991	4171.526108795482	0.7670818	0.3
7598.230788428557	300	10.883428411546745	0.0	147968	3691.4498349451137	0.71283865	0.3
7605.1238904160045	750	7.990326424098972	0.0	384505	6893.101987447773	0.8321601	0.3
7610.222442522375	750	6.891774317728948	0.0	372093	5098.552106370024	0.5632813	0.75
7613.300648899009	300	7.813567941095144	0.0	172312	3078.2063766338033	0.5383675	-0.15000000000000002
7616.564509249248	300	8.549707590855672	0.0	167025	3263.8603502394735	0.53943723	0.3
7619.671801937411	300	9.44241490269162	0.0	160064	3107.292688164051	0.61516905	0.3
7624.045737857946	750	9.068478982157133	0.0	331053	4373.935920534486	0.7759124	0.3
7625.20324232833	300	11.910974511773428	0.0	118421	1157.5044703837048	1.0173539	-0.15000000000000002

