22211.218356876576	750	4.0	1.1482833162359447	450283	1148.2833162359448	0.8864498	-4.187618259814562
22212.79082052314	1200	6.427536353434235	0.0	611087	1572.4636465657652	0.86123925	0.75
22214.77961964247	1200	8.43873723410488	0.0	571051	1988.7991193293562	1.1662831	1.2
22215.595142353053	300	11.623214523521304	0.0	155432	815.5227105835772	1.2843767	-0.6000000000000001
22218.12361607391	750	13.094740802664848	0.0	411561	2528.473720856455	1.2274911	0.3
22219.9354005884	750	15.282956288176099	0.0	318564	1811.7845144887492	1.306843	0.75
22221.966363589585	1200	17.25199328699238	0.0	561791	2030.9630011837219	1.3500582	0.75
22223.574951357517	750	19.643405519059904	0.0	437162	1608.5877679324792	1.4637982	0.3
22225.35001164845	750	21.868345228127513	0.0	374758	1775.0602909323882	1.458959	0.75
22226.35717096947	300	24.86118590710801	0.0	139105	1007.1593210195016	1.4711182	-0.15000000000000002
22227.579978493115	300	27.63837838346254	0.0	141840	1222.8075236454663	1.4260365	0.3
22231.184252320087	1850	28.03410455649065	0.0	917428	3604.2738269718925	1.4309399	0.30000000000000004
22233.873721048894	1850	29.344635827682172	0.0	946851	2689.468728808477	1.5941986	1.85
22236.351019639336	1850	30.867337237243074	0.0	1036454	2477.298590439096	1.6020746	1.85
22237.352982735913	750	33.86537414066635	0.0	337059	1001.9630965767329	1.6263399	-0.3500000000000001
22237.82879169038	300	37.38956518619889	0.0	138313	475.8089544674593	1.5890901	-0.15000000000000002
22244.16687721713	2850	35.05147965944996	0.0	1491626	6338.085526748931	1.5710046	0.30000000000000027
22257.177468444414	2850	26.04088843216614	0.0	1358801	13010.591227283816	1.6373634	2.85
22264.17330176524	1850	23.045055111339106	0.0	987708	6995.833320827033	1.5624133	0.8500000000000001
22264.764832570585	300	26.453524305995288	0.0	140881	591.5308053438171	1.5541465	-1.25
22265.436525243054	300	29.78183163352572	0.0	157671	671.6926724695699	1.4944254	0.3
22266.974767655418	750	32.243589221162345	0.0	399894	1538.242412363374	1.5104173	0.3
22268.29811997218	750	34.920236904398564	0.0	401853	1323.352316763773	1.5582289	0.75
22269.922748020515	1200	37.295608856064305	0.0	536667	1624.6280483342612	1.5736505	0.75
22271.91208440139	1200	39.30627247519219	0.0	587236	1989.3363808721194	1.6120194	1.2
22274.81378483626	1850	40.40457204032095	0.0	905935	2901.7004348712367	1.6488712	1.2000000000000002
22276.372263173886	750	42.84609370269495	0.0	425781	1558.4783376259961	1.6524742	-0.3500000000000001
22279.054991226832	1850	44.163365649748876	0.0	758197	2682.7280529460772	1.6431217	0.75
22285.438590591562	4300	41.77976628502145	0.0	2134614	6383.599364727419	1.6511012	1.8499999999999996
22293.423736626002	4300	37.79462025058079	0.0	2164140	7985.146034440669	1.3254136	4.3
22298.890781890783	4300	36.327574985801256	0.0	2113193	5467.045264779529	1.4205036	4.3
22304.181704711656	4300	35.036652164926636	0.0	2147852	5290.922820874616	1.3021775	4.3
22310.291070156618	4300	32.92728671996306	0.0	2191074	6109.365444963579	1.2166355	4.3
22313.411611444746	1850	33.80674543183539	0.0	1035329	3120.5412881276675	1.2796003	-0.6000000000000001
22313.877797184385	300	37.340559692193814	0.0	179328	466.18573964157343	1.6514727	-1.25
22316.406718434344	1850	38.81163844223358	0.0	943942	2528.921249960229	1.6385972	0.30000000000000004
22317.747672501966	1200	41.47068437461131	0.0	487812	1340.9540676222773	1.6603621	0.5499999999999999
22318.660077772663	750	44.55827910391722	0.0	361565	912.4052706940856	1.6888313	0.3
22319.51981570815	750	47.69854116843023	0.0	378327	859.7379354869952	1.6937332	0.75
22320.275793573688	750	50.94256330289167	0.0	390680	755.9778655385571	1.7018547	0.75
22322.49162539152	1850	52.72673148505946	0.0	858450	2215.831817832209	1.6860064	0.75
22328.077550473787	4300	51.140806402793906	0.0	2184571	5585.925082265559	1.4898219	1.8499999999999996
22333.403936008806	4300	49.81442086777348	0.0	2121928	5326.385535020428	0.656027	4.3
22340.355915323646	4300	46.86244155293529	0.0	2219102	6951.979314838191	0.6596586	4.3
22347.157279929517	4300	44.061076947060045	0.0	2124950	6801.364605875242	0.72145635	4.3
22357.47090670867	4300	37.74745016791004	0.0	2246506	10313.62677915001	0.75939816	4.3
22363.235005587136	4300	35.98335128944561	0.0	1961140	5764.098878464428	0.981359	4.3
22369.492753692193	4300	33.72560318438497	0.0	2155012	6257.748105060638	0.84486014	4.3

