25699.44259295003	750	4.0	4.594934407378574	450283	4594.934407378574	0.9235016	-19.008217951727868
25700.42605566151	300	7.016537288516239	0.0	155580	983.462711483761	0.5606297	-0.15000000000000002
25701.54588987274	300	9.896703077287517	0.0	139857	1119.8342112287223	1.0374807	0.3
25702.74985344329	300	12.692739506739828	0.0	155432	1203.9635705476885	1.0825118	0.3
25707.9486302039	750	11.493962746126806	0.0	411561	5198.776760613022	1.1598476	0.3
25710.39011852647	750	13.052474423555989	0.0	318564	2441.4883225708177	1.1114382	0.75
25712.02308245608	300	15.419510493945928	0.0	153295	1632.9639296100602	1.2313175	-0.15000000000000002
25714.25129889886	300	17.19129405116385	0.0	173849	2228.2164427820776	1.1692079	0.3
25719.487921123502	750	15.954671826524379	0.0	374758	5236.622224639472	1.1741662	0.3
25721.595735444058	300	17.846857505966568	0.0	139105	2107.8143205578117	1.2158527	-0.15000000000000002
25729.439426856592	750	14.00316609343296	0.0	353220	7843.691412533607	1.1887269	0.3
25736.542871102814	1200	10.899721847212506	0.0	594078	7103.444246220454	1.0951021	0.75
25739.811460843743	750	11.631132106283387	0.0	386351	3268.589740929119	1.1325122	0.3
25746.92547522203	1200	8.51711772799803	0.0	687371	7114.014378285356	1.162178	0.75
25750.809176144987	750	8.633416805040323	0.0	337059	3883.7009229577093	1.0746399	0.3
25758.976313445728	1200	4.466279504301028	0.0	587876	8167.137300739295	1.0000513	0.75
25763.14592326319	300	4.296669686842025	0.0	143509	4169.609817459002	0.38955033	-0.6000000000000001
25767.777766132633	300	4.0	0.3351731826042178	150616	4631.842869446243	0.10270126	-1.1412446851981364
25772.603513163547	300	4.0	0.8257470309127602	165384	4825.74703091276	0.029437799	-3.250712232924869
25776.539675132397	300	4.0638380311505875	0.0	140881	3936.1619688494125	0.016421096	0.3
25781.715424158443	300	4.0	1.1119109948933306	157671	5175.749026043918	0.01658243	-4.4812172780413215
25784.967044082267	300	4.7483800761768045	0.0	157812	3251.6199238231957	0.00863605	0.3
25786.618267562735	300	7.097156595705354	0.0	163927	1651.2234804714499	0.01900595	0.3
25787.748684007784	300	9.966740150658564	0.0	137654	1130.4164450467902	0.30624902	0.3
25788.94503226394	300	12.770391894500944	0.0	146754	1196.3482561576202	0.868264	0.3
25790.25525981611	300	15.460164342328572	0.0	153938	1310.2275521723739	1.0389242	0.3
25791.845128323766	300	17.870295834670216	0.0	181901	1589.868507658357	1.1207366	0.3
25792.787654399777	300	20.9277697586605	0.0	111155	942.5260760097153	1.1898509	0.3
25800.03223569324	1200	17.683188465194956	0.0	622896	7244.581293465543	1.2502548	0.29999999999999993
25802.588158481412	750	19.12726567702538	0.0	400508	2555.922788169575	1.3006278	0.3
25803.70595256125	300	22.009471597187208	0.0	157421	1117.7940798381737	1.3617208	-0.15000000000000002
25806.491077603714	750	23.224346554722473	0.0	400322	2785.125042464733	1.3175389	0.3
25810.222376311227	1200	23.493047847205816	0.0	584349	3731.2987075166566	1.4134576	0.75
25812.908585297413	750	24.80683886102096	0.0	412837	2686.20898618486	1.4992517	0.3
25817.519192167467	1200	24.19623199096653	0.0	690253	4610.606870054426	1.4558513	0.75
25818.61804352306	300	27.09738063537678	0.0	159914	1098.8513555897514	1.5185771	-0.6000000000000001
25819.59279897409	300	30.122625184345857	0.0	131610	974.7554510309224	1.4240518	0.3
25824.648425914846	1850	29.0669982435879	0.0	938587	5055.626940757955	1.4504094	0.30000000000000004
25828.49375951773	1200	29.221664640704265	0.0	605884	3845.3336028836356	1.6599493	0.5499999999999999
25835.02221549084	1850	26.693208667594227	0.0	930577	6528.45597311004	1.64627	1.2000000000000002
25843.41519294596	2850	22.300231212476742	0.0	1339500	8392.977455117483	1.664699	1.85
25857.018374624644	4300	12.697049533792152	0.0	2184571	13603.18167868459	1.5136917	2.8499999999999996
25871.422247217797	4300	4.0	1.706823059362383	2121928	14403.872593154534	1.5968316	-3.039339155258247
25874.237738516833	750	5.184508700962613	0.0	438281	2815.4912990373873	1.2836254	-2.8
25876.402452713155	750	7.01979450464293	0.0	398987	2164.7141963196823	0.9816042	0.75
25877.419097917733	300	10.003149300065035	0.0	160064	1016.6452045778955	1.1508954	-0.15000000000000002
25882.034637429864	1200	9.387609787933396	0.0	538612	4615.53951213164	1.1725154	0.29999999999999993
25886.731383161492	1200	8.690864056305516	0.0	550906	4696.745731627879	1.2491075	1.2

