16932.863766840797	750	4.0	2.009934342455404	450283	2009.9343424554038	1.3001612	-7.892717672558236
16933.694385107734	300	7.169381733062442	0.0	155580	830.6182669375579	1.1016225	-0.15000000000000002
16936.645853417504	750	8.217913423291721	0.0	350812	2951.468309770722	1.0937487	0.3
16941.4881486521	750	7.375618188697456	0.0	382355	4842.295234594264	1.1032081	0.75
16944.635774604227	750	8.227992236570637	0.0	411561	3147.6259521268194	0.9671492	0.75
16945.401025123596	300	11.462741717201437	0.0	126289	765.2505193691992	1.0770942	-0.15000000000000002
16946.190323771436	300	14.67344306936168	0.0	153295	789.2986478397578	1.1460525	0.3
16947.10223503318	300	17.761531807615057	0.0	173849	911.9112617466227	1.2313794	0.3
16947.880066520407	300	20.98370032038842	0.0	150710	777.831487226638	1.2646585	0.3
16949.55368600027	750	23.31008084052723	0.0	362795	1673.6194798611884	1.3001108	0.3
16950.260759334953	300	26.60300750584303	0.0	141840	707.0733346842036	1.4087846	-0.15000000000000002
16952.587074396426	1200	28.276692444367296	0.0	594078	2326.3150614757365	1.350467	0.29999999999999993
16954.195399422202	750	30.668367418592208	0.0	386351	1608.3250257750865	1.5371087	0.3
16956.22449731034	750	32.63926953045292	0.0	434409	2029.0978881392837	1.4788632	0.75
16958.47337503232	1200	34.39039180847308	0.0	526950	2248.877721979844	1.484682	0.75
16960.928542571935	1200	35.93522426885703	0.0	587876	2455.167539616062	1.5940461	1.2
16967.11316703171	2850	33.75059980908069	0.0	1491626	6184.624459776335	1.6161653	1.2000000000000002
16968.798144847995	750	36.065621992796224	0.0	372963	1684.9778162844634	1.4010818	-1.35
16969.53460552027	300	39.32916132052124	0.0	165384	736.4606722749884	1.5461973	-0.15000000000000002
16971.065257320766	750	41.7985095200268	0.0	350713	1530.6518004944364	1.5053788	0.3
16972.73440844398	750	44.129358396810595	0.0	386472	1669.1511232161986	1.6168938	0.75
16974.246065902218	750	46.61770093857215	0.0	399894	1511.657458238448	1.6477505	0.75
16978.177943548122	1850	46.685823292671245	0.0	968026	3931.877645900902	1.6979725	0.75
16986.323390566726	4300	42.5403762740675	0.0	2044075	8145.447018603745	1.4582471	1.8499999999999996
16995.738925773254	4300	37.124841067536245	0.0	2186790	9415.535206531253	0.38219592	4.3
17011.37314476682	4300	25.49062207396897	0.0	2105231	15634.218993567276	0.49804133	4.3
17016.66416893079	1850	24.19959790999865	0.0	1076599	5291.024163970322	1.6103977	-0.6000000000000001
17020.9566885218	1850	23.907078318986756	0.0	758197	4292.5195910118955	1.6333877	1.85
17025.673522033598	1850	23.19024480718922	0.0	972798	4716.833511797534	1.6234874	1.85
17031.393582688852	1850	21.470184151934504	0.0	975811	5720.060655254719	1.6293511	1.85
17034.553959906843	1200	22.309806933944355	0.0	570392	3160.37721799015	1.5666791	0.5499999999999999
17037.281979477753	750	23.58178736303535	0.0	400322	2728.0195709090044	1.5192957	0.3
17039.883060476244	750	24.980706364543003	0.0	369834	2601.0809984923476	1.4398978	0.75
17042.419976536483	750	26.443790304305296	0.0	412837	2536.91606023771	1.4515121	0.75
17045.71449320641	1200	27.149273634377547	0.0	690253	3294.516669927749	1.4857574	0.75
17047.37156553454	750	29.492201306250855	0.0	365161	1657.0723281266892	1.6200541	0.3
17049.37467753002	1200	31.48908931077051	0.0	487812	2003.1119954803485	1.5921094	0.75
17056.265487121076	2850	28.5982797197173	0.0	1499009	6890.809591053206	1.7048123	1.2000000000000002
17062.247758141293	1850	26.61600869949806	0.0	908665	5982.271020219241	1.0836319	0.8500000000000001
17073.641226249998	4300	19.222540590794612	0.0	2146120	11393.468108703446	1.668448	1.8499999999999996
17092.247000241838	4300	4.61676659895252	0.0	2108491	18605.773991842092	1.2039281	4.3
17093.17702980386	300	7.686737036931174	0.0	161857	930.0295620213456	1.166706	-3.7
17096.653686785405	1200	8.210080055390064	0.0	599477	3476.656981541109	1.0801827	0.29999999999999993
17100.33865847179	750	8.525108369004396	0.0	438281	3684.971686385668	1.2787757	0.3
17101.580390286705	300	11.283376554088264	0.0	167025	1241.7318149161335	1.1160762	-0.15000000000000002
17102.88140028674	300	13.98236655405165	0.0	160064	1301.010000036613	1.1683259	0.3
17103.829831170537	300	17.033935670256614	0.0	137507	948.4308837950373	1.2748141	0.3
17105.674731582665	750	19.18903525812771	0.0	314107	1844.9004121289015	1.3881648	0.3

