19293.35770337365	750	4.0	3.383176362969059	450283	3383.176362969059	1.6535461	-13.797658360766953
19295.483035310852	300	5.874668062799087	0.0	155580	2125.331937200913	0.782346	-0.15000000000000002
19297.823278359097	300	7.534425014556251	0.0	139857	2340.2430482428354	0.6818453	0.3
19301.229477946654	750	8.128225426999542	0.0	382355	3406.1995875567086	0.8084005	0.3
19302.496543803834	300	10.861159569821861	0.0	163442	1267.0658571776823	1.0521251	-0.15000000000000002
19303.416324364625	300	13.941379009031253	0.0	126289	919.780560790607	1.0858649	0.3
19307.658300971252	1200	13.699402402404171	0.0	561791	4241.976606627081	1.1805063	0.29999999999999993
19311.265922306295	750	14.091781067359047	0.0	437162	3607.621335045126	1.3074318	0.3
19321.060453408383	1850	8.297249965271332	0.0	852833	9794.531102087714	1.2198547	0.75
19324.791673821484	750	8.566029552170972	0.0	362795	3731.2204131003596	1.1245537	-0.3500000000000001
19327.358761970976	750	9.998941402680611	0.0	353220	2567.0881494903597	1.009602	0.75
19331.293318361935	1200	10.064385011721354	0.0	594078	3934.5563909592574	1.1283764	0.75
19333.896837189604	750	11.460866184052291	0.0	386351	2603.518827669065	1.2380719	0.3
19339.60999288399	1200	9.747710489663808	0.0	687371	5713.155694388483	1.1970079	0.75
19341.96746466677	750	11.390238706886146	0.0	337059	2357.471782777663	1.1644889	0.3
19345.467473555796	1200	11.8902298178595	0.0	587876	3500.008889026646	1.1849712	0.75
19349.71450720144	1200	11.643196172215633	0.0	617242	4247.033645643868	1.2948896	1.2
19353.71367922906	1200	11.6440241445962	0.0	581493	3999.1720276194333	1.2626619	1.2
19354.784360617814	300	14.573342755841434	0.0	165384	1070.6813887547673	1.2677842	-0.6000000000000001
19357.304773824744	750	16.052929548909294	0.0	350713	2520.4132069321386	1.2014413	0.3
19358.4257851942	300	18.93191817945188	0.0	157671	1121.0113694574154	1.2912581	-0.15000000000000002
19359.562157327287	300	21.795546046364827	0.0	157812	1136.372133087054	1.2571929	0.3
19360.828175101225	300	24.529528272429136	0.0	163927	1266.01777393569	1.2935272	0.3
19363.243397734692	750	26.11430563896487	0.0	343800	2415.2226334642637	1.3171623	0.3
19367.708156347537	1200	25.649547026121255	0.0	587236	4464.758612843615	1.4141836	0.75
19370.325300598008	750	27.032402775649295	0.0	379700	2617.1442504719594	1.4643362	0.3
19376.664388752866	750	24.69331462079046	0.0	425781	6339.088154858832	1.4299415	0.75
19380.4267589422	1200	24.930944431455856	0.0	487160	3762.370189334603	1.3446239	0.75
19386.091317152124	750	23.266386221535274	0.0	400396	5664.558209920582	1.4784355	0.3
19393.142831828714	1850	20.21487154494715	0.0	975811	7051.514676588127	1.3436068	0.75
19400.30486674529	1850	17.052836628372173	0.0	873429	7162.034916574975	1.4923401	1.85
19411.504196277445	1850	9.853507096217928	0.0	954453	11199.329532154245	1.4373183	1.85
19414.18931887309	750	11.168384500572902	0.0	369834	2685.1225956450266	1.1333493	-0.3500000000000001
19416.90979760529	750	12.447905768370974	0.0	412837	2720.4787322019274	1.1745225	0.75
19419.507956479498	750	13.84974689416654	0.0	401088	2598.1588742044346	1.2551389	0.75
19424.210817741252	1200	13.146885632412225	0.0	598727	4702.861261754315	1.3030204	0.75
19427.053496641583	750	14.304206732081003	0.0	321064	2842.6789003312215	1.326254	0.3
19429.2585771247	750	16.09912624896557	0.0	361565	2205.080483115429	1.2810125	0.75
19433.04247129192	1200	16.315232081745464	0.0	605884	3783.89416722011	1.3862618	0.75
19434.262599137543	300	19.095104236122967	0.0	149991	1220.1278456224966	1.4554887	-0.6000000000000001
19435.290349518615	300	22.067353855046868	0.0	147968	1027.750381076098	1.3365844	0.3
19439.69676387222	1200	21.660939501442815	0.0	641452	4406.414353604055	1.407131	0.29999999999999993
19445.631997747925	1850	19.725705625738136	0.0	886255	5935.233875704678	1.5547272	1.2000000000000002
19448.759382492728	750	20.598320880933105	0.0	438281	3127.384744805032	1.613983	-0.3500000000000001
19451.814391930373	750	21.543311443289937	0.0	398987	3055.0094376431643	1.4977356	0.75
19454.660496638957	750	22.697206734703144	0.0	393804	2846.1047085867945	1.5156586	0.75
19457.69007237812	750	23.667630995544364	0.0	331053	3029.57573915878	1.5536959	0.75
19462.48756619027	750	22.870137183393187	0.0	314107	4797.493812151177	1.5513043	0.75

