8568.273768744048	750	4.0	8.215266709904062	450283	8215.266709904063	1.2268358	-34.57564685258747
8571.30283059047	300	4.97093815357864	0.0	155580	3029.0618464213608	0.18676865	-0.15000000000000002
8573.756497372337	300	6.517271371711869	0.0	139857	2453.6667818667706	0.31098115	0.3
8575.912447066192	300	8.361321677856907	0.0	155432	2155.9496938549614	0.4947135	0.3
8578.041851778882	300	10.231916965167043	0.0	163442	2129.404712689864	0.84076935	0.3
8579.61561817415	300	12.658150569897952	0.0	126289	1573.7663952690905	0.970614	0.3
8580.980935391099	300	15.292833352949737	0.0	153295	1365.3172169482154	1.0579073	0.3
8582.560155081988	300	17.713613662059643	0.0	173849	1579.2196908900933	1.1550571	0.3
8589.952801262241	1850	14.320967481807719	0.0	852833	7392.646180251926	1.1826924	0.30000000000000004
8599.394142847053	1850	8.879625896994852	0.0	913888	9441.341584812866	1.3553787	1.85
8600.5467257241	300	11.727043019948546	0.0	141840	1152.5828770463058	1.1556884	-1.25
8606.307502454822	1200	9.966266289226274	0.0	594078	5760.77673072227	1.0892278	0.29999999999999993
8610.968042472463	750	9.30572627158494	0.0	386351	4660.540017641335	1.157701	0.3
8614.403913340513	750	9.869855403535828	0.0	434409	3435.87086804911	1.0150355	0.75
8617.148405655025	750	11.125363089024724	0.0	337059	2744.492314511104	1.1004235	0.75
8618.473195940212	300	13.800572803836042	0.0	138313	1324.7902851886822	1.1529896	-0.15000000000000002
8619.990925283311	300	16.282843460739233	0.0	143509	1517.7293430968073	1.1313996	0.3
8621.869997875678	300	18.403770868371936	0.0	150616	1879.0725923672971	1.1761835	0.3
8626.163460405078	750	18.110308338972317	0.0	405596	4293.462529399617	1.202405	0.3
8627.369329980327	300	20.904438763724194	0.0	140881	1205.8695752481258	1.2700658	-0.15000000000000002
8628.669345070675	300	23.604423673375344	0.0	157671	1300.01509034885	1.2646339	0.3
8632.316320351547	750	23.957448392504034	0.0	399894	3646.9752808713106	1.297915	0.3
8633.962164906598	300	26.31160383745444	0.0	163927	1645.844555049591	1.3636128	-0.15000000000000002
8635.225494293574	300	29.04827445047626	0.0	137654	1263.3293869781824	1.3194662	0.3
8638.761503769101	750	29.512264974948778	0.0	359903	3536.0094755274818	1.3523313	0.3
8646.352480990896	1200	25.921287753153837	0.0	590335	7590.977221794944	1.4192814	0.75
8652.511235629427	750	23.762533114623388	0.0	425781	6158.754638530447	1.4152418	0.3
8653.662547931974	300	26.61122081207767	0.0	111155	1151.3123025457212	1.3429077	-0.15000000000000002
8658.925679394188	1200	25.348089349863095	0.0	622896	5263.131462214573	1.3422288	0.29999999999999993
8660.280814545125	300	27.992954198925045	0.0	149029	1355.1351509380518	1.4707468	-0.6000000000000001
8663.385240021724	750	28.88852872232559	0.0	358218	3104.4254765994574	1.3708344	0.3
8669.597814306204	1200	26.675954437846087	0.0	620283	6212.574284479498	1.4500351	0.75
8674.754431551788	1200	25.519337192261112	0.0	584349	5156.617245584976	1.471793	1.2
8676.353010641778	300	27.920758102271837	0.0	163444	1598.579089989275	1.4862044	-0.6000000000000001
8677.937868099369	300	30.3359006446814	0.0	179328	1584.8574575904386	1.3862368	0.3
8681.236034535064	750	31.03773420898531	0.0	365161	3298.1664356960905	1.4248377	0.3
8688.2313089269	1850	28.042459817151055	0.0	728962	6995.274391834254	1.5111904	0.75
8704.226096455051	2850	16.04767228899911	0.0	1499009	15994.787528151945	1.6287379	1.85
8713.228914691157	1200	11.0448540528917	0.0	605884	9002.81823610741	1.3531286	-0.44999999999999996
8714.934690715449	300	13.339078028600188	0.0	149991	1705.7760242915124	1.1196809	-0.6000000000000001
8718.890090834848	750	13.383677909200422	0.0	345516	3955.4001193997656	1.163965	0.3
8720.605324280186	300	15.668444463863883	0.0	161857	1715.2334453365388	1.2493644	-0.15000000000000002
8724.961529823298	750	15.312238920752435	0.0	372093	4356.205543111447	1.2593948	0.3
8732.48191824596	1200	11.791850498089264	0.0	634861	7520.388422663171	1.305794	0.75
8737.023861444888	1200	11.249907299160894	0.0	630203	4541.943198928371	1.2162657	1.2
8741.913745625425	1200	10.360023118624346	0.0	638661	4889.884180536548	1.322768	1.2
8744.505448218251	750	11.768320525798915	0.0	331053	2591.702592825431	1.284602	0.3
8746.411488340796	300	13.862280403253434	0.0	118421	1906.040122545479	1.2919443	-0.15000000000000002

