17320.551124813403	750	4.0	2.7720774829579558	450283	2772.077482957956	1.5365063	-11.169933176719208
17323.10406244813	750	5.44706236527567	0.0	398865	2552.9376347243297	0.67018086	0.75
17325.708859165214	1200	6.842265648190178	0.0	571051	2604.7967170854918	0.84594274	0.75
17326.945877533683	750	9.605247279721029	0.0	382355	1237.0183684691492	1.0298381	0.3
17328.308818798443	750	12.242306014960434	0.0	411561	1362.941264760595	1.1942345	0.75
17330.744479510908	1200	13.806645302494553	0.0	520315	2435.6607124658804	1.3511604	0.75
17331.798084616395	750	16.753040197004253	0.0	352642	1053.6051054902973	1.4170814	0.3
17334.555888025236	1200	17.995236788164643	0.0	709534	2757.8034088396134	1.4238594	0.75
17335.364734613573	300	21.186390199829678	0.0	150710	808.8465883349633	1.5065683	-0.6000000000000001
17336.424953483267	300	24.12617133013371	0.0	139105	1060.2188696959665	1.4089593	0.3
17337.23932961912	300	27.311795194285654	0.0	141840	814.3761358480579	1.4093589	0.3
17340.643552302103	1200	27.907572511300668	0.0	594078	3404.222682984986	1.4387692	0.29999999999999993
17345.098535336856	1200	27.452589476548724	0.0	624282	4454.983034751943	1.5404093	1.2
17348.448649682574	750	28.102475130830946	0.0	434409	3350.11434571778	1.5265895	0.3
17351.958459745376	750	28.592665068026598	0.0	337059	3509.810062804346	1.4999774	0.75
17355.946380773206	1200	28.604744040197648	0.0	587876	3987.9210278289484	1.4914697	0.75
17356.9239105783	300	31.62721423509918	0.0	143509	977.5298050984683	1.5390967	-0.6000000000000001
17361.537540333342	750	31.013584480061	0.0	372963	4613.629755038183	1.4991424	0.3
17370.64488543271	1200	25.906239380694924	0.0	639204	9107.345099366077	1.4879793	0.75
17372.57822139529	750	27.972903418111418	0.0	350713	1933.335962583503	1.4559782	0.3
17373.301758150847	300	31.249366662557133	0.0	157671	723.5367555542862	1.5272748	-0.15000000000000002
17375.93402435731	1200	32.61710045609031	0.0	616206	2632.266206466824	1.5245908	0.29999999999999993
17378.71803257687	1850	33.833092236531805	0.0	968026	2784.0082195585037	1.591918	1.2000000000000002
17385.5019157141	1200	31.04920909930158	0.0	536667	6783.883137230222	1.6242192	0.5499999999999999
17387.910933079525	1200	32.64019173387475	0.0	587236	2409.017365426829	1.543284	1.2
17389.63412575146	1200	34.91699906193926	0.0	590335	1723.1926719354944	1.5961393	1.2
17393.829362342858	2850	34.72176247054596	0.0	1547572	4195.236591393296	1.6302059	1.2000000000000002
17396.732025696496	2850	35.8190991169052	0.0	1141971	2902.6633536407603	1.628136	2.85
17398.897766517723	1200	37.65335829568183	0.0	622896	2165.7408212233686	1.6307328	-0.44999999999999996
17399.489780654203	300	41.06134415919976	0.0	149029	592.0141364820631	1.6289847	-0.6000000000000001
17400.962510213245	750	43.5886146001574	0.0	358218	1472.7295590423603	1.6164789	0.3
17401.739350853783	300	46.81177395961856	0.0	157488	776.8406405388347	1.6560123	-0.15000000000000002
17416.35203756204	2850	36.19908725136297	0.0	1358081	14612.6867082556	1.6401814	0.30000000000000027
17434.114994959345	1850	22.436129854054762	0.0	1035329	17762.957397308204	1.589473	0.8500000000000001
17436.721598650845	750	23.8295261625568	0.0	401088	2606.6036914979622	1.4413548	-0.3500000000000001
17437.62101013628	300	26.93011467712228	0.0	159914	899.4114854345154	1.5431432	-0.15000000000000002
17439.857846644692	1200	28.693278168710716	0.0	487812	2236.8365084115644	1.5644318	0.29999999999999993
17443.3807902357	1850	29.170334577700917	0.0	938587	3522.943591009798	1.6059508	1.2000000000000002
17444.78704529659	750	31.764079516812334	0.0	378327	1406.2550608885815	1.6007873	-0.3500000000000001
17446.17231455922	750	34.37881025418657	0.0	390680	1385.2692626257715	1.5835066	0.75
17447.488513658223	750	37.06261115518331	0.0	345516	1316.1990990032562	1.6480427	0.75
17453.15976831342	1850	35.39135649998599	0.0	1025005	5671.254655197323	1.683845	0.75
17454.57190071946	750	37.97922409394354	0.0	372093	1412.1324060424486	1.6494504	-0.3500000000000001
17457.176244014492	1200	39.37488079891179	0.0	634861	2604.343295031752	1.6597133	0.75
17461.19928695982	1850	39.35183785357892	0.0	958994	4023.042945332868	1.6683886	1.2000000000000002
17463.704476091167	1200	40.846648722236246	0.0	638661	2505.189131342673	1.631385	0.5499999999999999
17464.94531496119	750	43.605809852209624	0.0	331053	1240.8388700266205	1.6685007	0.3
17467.89356174432	1200	44.65756306908128	0.0	550906	2948.2467831283507	1.67988	0.75

