540.2076136168569	750	4.0	3.3429362672757508	450283	3342.9362672757507	1.4856573	-13.624625949285727
541.3957352739741	300	6.811878342882704	0.0	155580	1188.1216571172963	0.619321	-0.15000000000000002
542.4988961065382	300	9.708717510318698	0.0	139857	1103.160832564006	0.8406794	0.3
547.0839848560942	1200	9.123628760762658	0.0	617681	4585.088749556041	0.9592443	0.29999999999999993
548.3910309509818	300	11.816582665875028	0.0	163442	1307.0460948876298	1.0642043	-0.6000000000000001
549.549026202865	300	14.658587413991837	0.0	126289	1157.9952518831915	1.0999695	0.3
551.9721614325744	750	16.23545218428243	0.0	352642	2423.135229709408	1.1852435	0.3
554.1635837951113	750	18.044029821745525	0.0	437162	2191.4223625369045	1.3117057	0.75
556.246604786182	750	19.96100883067477	0.0	374758	2083.0209910707545	1.4255089	0.75
558.5247637996185	750	21.682849817238285	0.0	362795	2278.159013436486	1.4377843	0.75
560.065059383419	750	24.142554233437924	0.0	353220	1540.2955838003613	1.4499227	0.75
561.8620893976969	750	26.34552421915998	0.0	405134	1797.0300142779465	1.5007032	0.75
562.6836661870655	300	29.523947429791413	0.0	160746	821.5767893685659	1.5142646	-0.15000000000000002
563.5659576276454	300	32.64165598921145	0.0	179801	882.29144057996	1.4831544	0.3
567.2202229700013	1850	32.98739064685555	0.0	821631	3654.2653423559022	1.5240247	0.30000000000000004
573.9221340188765	2850	30.285479597980398	0.0	1471065	6701.911048875154	1.602462	1.85
581.2413402772978	1850	26.96627333955908	0.0	966699	7319.206258421317	1.6120142	0.8500000000000001
583.0338019400691	300	29.173811676787736	0.0	150616	1792.4616627713426	1.575301	-1.25
588.3284121954574	750	27.879201421399394	0.0	405596	5294.610255388344	1.4592214	0.3
594.0336238429462	1200	26.17398977391053	0.0	586839	5705.21164748886	1.4701289	0.75
601.5931914113137	1200	22.614422205543015	0.0	601738	7559.56756836752	1.5071639	1.2
607.1529777002345	750	21.05463591662227	0.0	399894	5559.786288920744	1.4391831	0.3
616.5054155561105	1200	15.702198060746168	0.0	656471	9352.437855876104	1.3633344	0.75
618.5071031484744	750	17.700510468382415	0.0	343800	2001.687592363755	1.2995714	0.3
620.8078141540961	750	19.3997994627606	0.0	359903	2300.7110056218125	1.3978461	0.75
621.8019232208717	300	22.405690395985104	0.0	153938	994.1090667754964	1.4297436	-0.15000000000000002
626.3165005272001	1200	21.89111308965674	0.0	696376	4514.577306328362	1.3971901	0.29999999999999993
628.251271152319	750	23.95634246453791	0.0	277716	1934.770625118828	1.5164696	0.3
636.221431212911	2850	19.986182403945772	0.0	1498470	7970.160060592143	1.488219	0.75
638.9881732310615	1200	21.219440385795256	0.0	641447	2766.7420181505136	1.5749516	-0.44999999999999996
639.6977353803239	300	24.50987823653282	0.0	157421	709.5621492624383	1.5729947	-0.6000000000000001
644.4411891185486	1850	23.766424498308293	0.0	954453	4743.453738224524	1.5185721	0.30000000000000004
646.0026177557224	750	26.204995861134336	0.0	369834	1561.4286371739597	1.5951054	-0.3500000000000001
647.9128926268995	750	28.294720989957344	0.0	412837	1910.2748711769918	1.5529578	0.75
652.9361043053016	1200	27.27150931155529	0.0	690253	5023.211678402053	1.5748937	0.75
669.7133701244918	2850	14.494243492365152	0.0	1439896	16777.265819190136	1.571993	1.2000000000000002
677.1620414002319	1200	11.045572216625045	0.0	487812	7448.671275740107	1.4642284	-0.44999999999999996
681.8809891049007	750	10.326624511956307	0.0	361565	4718.947704668737	1.221471	0.3
686.6012142070414	750	9.60639940981545	0.0	378327	4720.2251021408565	1.1208527	0.75
688.8945589293246	300	11.313054687532206	0.0	149991	2293.344722283244	1.0219322	-0.15000000000000002
693.5965640455441	1200	10.611049571312726	0.0	566904	4702.005116219481	1.0519216	0.29999999999999993
696.591264241157	750	11.616349375699858	0.0	384505	2994.700195612869	1.139906	0.3
699.1681715074612	750	13.039442109395626	0.0	372093	2576.907266304232	1.133791	0.75
700.4856327508672	300	15.721980865989611	0.0	172312	1317.4612434060148	1.2770193	-0.15000000000000002
705.1488859524404	1200	15.058727664416402	0.0	630203	4663.253201573211	1.3084819	0.29999999999999993
708.482161803666	750	15.725451813190809	0.0	393804	3333.2758512255928	1.4276717	0.3
711.8688203329607	750	16.338793283896138	0.0	331053	3386.6585292946716	1.4161352	0.75
714.75488474728	750	17.452728869576834	0.0	314107	2886.0644143193035	1.4076737	0.75

