19248.329225788268	750	4.0	3.8635903273045304	450283	3863.5903273045305	0.67080665	-15.863438407409479
19249.569563194516	300	6.759662593753583	0.0	155580	1240.3374062464177	0.57388276	-0.15000000000000002
19250.990546373272	300	9.338679415001378	0.0	139857	1420.983178752206	0.8287008	0.3
19252.348975322533	300	11.980250465737047	0.0	155432	1358.428949264331	0.9171	0.3
19255.40492921424	750	12.92429657403178	0.0	411561	3055.9538917052673	1.0290619	0.3
19256.45457186219	300	15.874653926084896	0.0	126289	1049.6426479468828	1.18611	-0.15000000000000002
19257.824869989145	300	18.504355799126106	0.0	153295	1370.2981269587897	1.2350379	0.3
19259.462750172126	300	20.866475616145994	0.0	173849	1637.8801829801112	1.2787414	0.3
19265.95052318118	1850	18.378702607090357	0.0	852833	6487.773009055641	1.3512354	0.30000000000000004
19274.100957317103	1850	14.228268471168697	0.0	913888	8150.434135921659	1.4769822	1.85
19279.684360409294	1200	12.644865378979848	0.0	607410	5583.403092188847	1.3757948	0.5499999999999999
19285.786922653417	1200	10.542303134856432	0.0	594078	6102.562244123416	1.2670183	1.2
19288.976565712863	300	11.352660075414045	0.0	160746	3189.6430594423878	1.1487415	-0.6000000000000001
19293.150143504627	300	11.179082283649237	0.0	179801	4173.577791764807	0.9776448	0.3
19296.2583407411	300	12.070885047176416	0.0	140051	3108.1972364728204	0.9383938	0.3
19305.396125349886	750	6.93310043839291	0.0	366214	9137.784608783506	0.9312241	0.3
19309.066093266047	300	7.263132522230608	0.0	143509	3669.967916162303	0.3838949	-0.15000000000000002
19312.494753672287	300	7.834472115990602	0.0	150616	3428.660406240005	0.37836745	0.3
19316.549668450043	300	7.7795573382352705	0.0	165384	4054.914777755332	0.5442949	0.3
19324.305455428163	750	4.023770360117672	0.0	350713	7755.786978117598	0.38602692	0.3
19329.39463183654	300	4.0	1.065406048264088	157671	5089.176408381761	0.044649385	-4.731246007535578
19333.176876198773	300	4.217755637766912	0.0	157812	3782.244362233089	0.015073904	0.3
19335.48030519151	300	5.9143266450267005	0.0	163927	2303.428992740211	0.019522162	0.3
19336.948293101555	300	8.446338734982616	0.0	137654	1467.9879100440842	0.10169178	0.3
19338.367848158407	300	11.026783678132494	0.0	146754	1419.5550568501203	0.7331851	0.3
19339.90886924301	300	13.485762593533584	0.0	153938	1541.021084598911	0.9145457	0.3
19347.041199299074	750	10.353432537464533	0.0	425781	7132.330056069051	1.0268677	0.3
19350.158744809483	300	11.235887027058816	0.0	111155	3117.5455104057173	0.9461877	-0.15000000000000002
19354.838575978443	300	10.556055858097873	0.0	153605	4679.831168960944	0.9007213	0.3
19365.04897822208	750	4.345653614462222	0.0	400508	10210.40224363565	0.85731936	0.3
19368.901730557533	300	4.492901279011709	0.0	157421	3852.7523354505133	0.04802131	-0.15000000000000002
19373.18987252363	300	4.204759312912359	0.0	157488	4288.14196609935	0.09264225	0.3
19377.55183063912	300	4.0	0.15719880257648766	143881	4361.9581154888465	0.021707436	-0.375954851078897
19380.478759377416	300	5.073071261703469	0.0	163444	2926.928738296531	0.010730196	0.3
19383.386594684278	300	6.165235954844262	0.0	179328	2907.835306859207	0.044330005	0.3
19387.23860441691	300	6.313226222210386	0.0	159914	3852.0097326338764	0.07036144	0.3
19389.548999147275	300	8.002831491847576	0.0	131610	2310.3947303628097	0.101572715	0.3
19392.19221835963	300	9.359612279492387	0.0	124011	2643.2192123551904	0.41129798	0.3
19401.924008197137	750	4.0	0.3721775580131125	378327	9731.7898375055	0.7156945	-1.3003634994563835
19405.036479327242	300	4.887528869892733	0.0	149991	3112.4711301072675	0.02146538	-0.15000000000000002
19408.147617040708	300	5.776391156427756	0.0	147968	3111.1377134649765	0.064822204	0.3
19410.386595012675	300	7.537413184461521	0.0	161857	2238.9779719662356	0.09816644	0.3
19412.553770613365	300	9.370237583770912	0.0	145210	2167.1756006906094	0.34786177	0.3
19414.8373736866	300	11.086634510535585	0.0	172312	2283.603073235327	0.81649786	0.3
19417.651329437467	300	12.272678759668764	0.0	167025	2813.9557508668195	0.910648	0.3
19420.78249796374	300	13.141510233395865	0.0	160064	3131.1685262729	0.9878669	0.3
19423.480285197027	300	14.443723000108863	0.0	137507	2697.7872332870015	1.0445122	0.3
19425.780802593352	300	16.143205603786434	0.0	118421	2300.5173963224297	1.092441	0.3

