14766.83828565697	750	4.0	3.252274383373264	450283	3252.2743833732643	1.0625718	-13.234779848505035
14767.81214557613	300	7.026140080838887	0.0	155580	973.8599191611128	0.816539	-0.15000000000000002
14768.688694597891	300	10.149591059078627	0.0	139857	876.5490217602593	1.0465778	0.3
14771.112669072852	1200	11.725616584118399	0.0	617681	2423.9744749602287	1.1346445	0.29999999999999993
14772.835615136255	750	14.002670520714899	0.0	411561	1722.9460634035	1.3982491	0.3
14773.920868088017	750	16.917417568952935	0.0	318564	1085.2529517619623	1.345123	0.75
14775.05417348981	750	19.784112167157822	0.0	352642	1133.3054017951124	1.3989524	0.75
14775.841281456274	300	22.997004200693524	0.0	173849	787.1079664642963	1.4247452	-0.15000000000000002
14779.32097223833	1850	23.51731341863875	0.0	852833	3479.6907820547744	1.3314468	0.30000000000000004
14780.084432972812	300	26.7538526841571	0.0	139105	763.4607344816498	1.5744972	-1.25
14781.61316092454	750	29.2251247324272	0.0	353220	1528.7279517298998	1.3512554	0.3
14782.461686780796	300	32.3765988761721	0.0	156148	848.5258562550943	1.4629097	-0.15000000000000002
14785.572313851671	1200	33.265971805295436	0.0	624282	3110.627070876672	1.3949633	0.29999999999999993
14786.312389606259	300	36.5258960507072	0.0	179801	740.0757545882345	1.549663	-0.6000000000000001
14788.062349734766	1200	38.77593592220044	0.0	526950	1749.9601285067654	1.4663274	0.29999999999999993
14788.638142495438	300	42.200143161528096	0.0	138313	575.7927606723485	1.6704397	-0.6000000000000001
14792.335142473306	1850	42.50314318366094	0.0	966699	3696.9999778671527	1.5169858	0.30000000000000004
14798.183869324532	1850	40.654416332435254	0.0	885714	5848.726851225688	1.6472844	1.85
14804.445274498163	2850	38.393011158803134	0.0	1537156	6261.405173632118	1.6913543	1.85
14809.681039436402	2850	37.15724622056365	0.0	1336050	5235.7649382394875	1.1071943	2.85
14818.408464603655	4300	32.42982105330975	0.0	2039773	8727.425167253898	1.0376929	2.8499999999999996
14829.078672948483	2850	25.75961270848217	0.0	1468126	10670.20834482758	0.6328636	1.4000000000000001
14835.644123043563	1850	23.194162613401918	0.0	968026	6565.450095080253	1.6051832	0.8500000000000001
14839.55809914737	1850	23.28018650959579	0.0	874175	3913.9761038061265	1.5428339	1.85
14841.341973313984	750	25.496312342982815	0.0	359903	1783.874166612975	1.6332015	-0.3500000000000001
14844.381641491253	1200	26.456644165714174	0.0	590335	3039.668177268644	1.481322	0.75
14850.354261980681	1200	24.484023676285492	0.0	696376	5972.620489428681	1.5529597	1.2
14852.33513033166	750	26.50315532530715	0.0	277716	1980.8683509783411	1.4608632	0.3
14855.702188285777	750	27.136097371189667	0.0	400396	3367.057954117485	1.4455955	0.75
14858.043292432822	1200	28.7949932241442	0.0	641447	2341.104147045466	1.4322479	0.75
14858.7032344742	300	32.1350511827662	0.0	157421	659.9420413780019	1.6388972	-0.6000000000000001
14861.433096417382	1200	33.405189239584985	0.0	620283	2729.8619431812135	1.4892374	0.29999999999999993
14862.138013809581	300	36.70027184738768	0.0	143881	704.9173921973058	1.6668484	-0.6000000000000001
14866.548004922162	1850	36.29028073480514	0.0	1035329	4409.991112582544	1.5213668	0.30000000000000004
14873.293275664239	2850	33.54500999272961	0.0	1492672	6745.270742075525	1.5525192	1.85
14884.049493323211	2850	26.788792333757325	0.0	1439896	10756.217658972284	0.9530576	2.85
14887.37162513269	1200	27.466660524279014	0.0	487812	3322.1318094783114	1.6344388	-0.44999999999999996
14894.180969310994	2850	24.657316345974838	0.0	1499009	6809.3441783041735	1.6159207	1.2000000000000002
14902.803349461783	4300	20.03493619518491	0.0	2133870	8622.38015078993	1.1679524	2.8499999999999996
14906.564997822237	2850	20.273287834729253	0.0	1402287	3761.6483604556565	0.6663499	1.4000000000000001
14911.222317902568	2850	19.615967754401023	0.0	1339500	4657.320080328231	0.82340705	2.85
14912.701618766014	300	22.13666689095425	0.0	161857	1479.300863446772	0.96849525	-2.25
14915.796687953201	750	23.041597703765834	0.0	372093	3095.0691871884155	1.4281055	0.3
14921.146157958132	750	21.692127698836003	0.0	438281	5349.47000492983	1.5219986	0.75
14926.485017125606	1200	20.353268531360822	0.0	630203	5338.8591674751815	1.450155	0.75
14930.608808732379	1200	20.229476924587434	0.0	638661	4123.79160677339	1.5478885	1.2
14933.415420897547	750	21.422864759419	0.0	331053	2806.612165168435	1.6059449	0.3
14934.475435783279	300	24.362849873688482	0.0	118421	1060.0148857305185	1.5350863	-0.15000000000000002

