1658.1163518231242	750	4.0	1.4326655545084757	450283	1432.6655545084757	1.2384685	-5.410461884386445
1658.6716900433398	300	7.444661779784371	0.0	155580	555.3382202156292	0.825643	-0.15000000000000002
1659.963805621976	750	10.152546201148091	0.0	350812	1292.1155786362808	1.0212502	0.3
1660.628086724318	300	13.488265098806135	0.0	155432	664.2811023419555	1.250112	-0.15000000000000002
1662.2641777097535	750	15.852174113370705	0.0	411561	1636.0909854354297	1.2788757	0.3
1664.9188006653562	750	17.197551157768228	0.0	318564	2654.6229556024796	1.4221958	0.75
1665.7349846618824	300	20.381367161241936	0.0	153295	816.1839965262926	1.3771653	-0.15000000000000002
1670.9716126234516	2850	19.144739199673005	0.0	1638769	5236.627961568932	1.3671228	0.30000000000000027
1673.7077143167649	1850	20.408637506359607	0.0	852833	2736.1016933133974	1.6104442	0.8500000000000001
1674.8671583354972	750	23.249193487627313	0.0	362795	1159.4440187322932	1.5884874	-0.3500000000000001
1676.878272173542	1200	25.238079649582335	0.0	607410	2011.1138380449768	1.5192323	0.75
1678.3376375063538	750	27.778714316770788	0.0	405134	1459.3653328115481	1.5608903	0.3
1678.9957907734622	300	31.120561049662165	0.0	160746	658.1532671086245	1.5386751	-0.15000000000000002
1681.240203377087	1200	32.876148446037334	0.0	687371	2244.412603624826	1.5097133	0.29999999999999993
1685.3036958987914	1850	32.81265592433319	0.0	821631	4063.4925217041377	1.594356	1.2000000000000002
1687.1699134365767	750	34.94643838654785	0.0	366214	1866.217537785348	1.6175995	-0.3500000000000001
1687.8777897513492	300	38.23856207177535	0.0	143509	707.8763147724964	1.5639865	-0.15000000000000002
1692.990315883306	2850	37.12603593981849	0.0	1358801	5112.526131956849	1.5553216	0.30000000000000027
1696.5389299636106	1850	37.57742185951388	0.0	987708	3548.6140803046133	1.6393124	0.8500000000000001
1699.4993302606522	1850	38.61702156247241	0.0	923755	2960.400297041475	1.6273521	1.85
1701.6764451628624	1200	40.439906660262224	0.0	601738	2177.1149022101804	1.6258388	0.5499999999999999
1703.6741536693078	1200	42.44219815381691	0.0	616206	1997.7085064453136	1.6281399	1.2
1705.0656579272236	750	45.050693895901105	0.0	401853	1391.504257915807	1.6434203	0.3
1707.1104240719785	1200	47.005927751145975	0.0	536667	2044.766144755128	1.6389384	0.75
1710.9981360056715	1200	47.118215817453	0.0	587236	3887.711933692973	1.6427845	1.2
1714.0033123710928	1850	48.11303945203156	0.0	905935	3005.176365421438	1.6397679	1.2000000000000002
1715.4021693327973	750	50.714182490327296	0.0	425781	1398.8569617042663	1.6440159	-0.3500000000000001
1718.991550400088	2850	51.12480142303628	0.0	1141971	3589.381067291012	1.668115	0.75
1725.9259789950977	4300	48.1903728280266	0.0	2134614	6934.428595009688	1.5264452	2.8499999999999996
1727.4968757316403	750	50.619476091484195	0.0	400508	1570.8967365423962	1.1985506	-2.8
1734.0875813887199	2850	48.028770434404684	0.0	1341201	6590.7056570795085	1.6589011	0.75
1739.624989340762	2850	46.49136248236244	0.0	1497683	5537.407952042243	1.5885648	2.85
1741.6037282025563	1200	48.512623620568306	0.0	584349	1978.738861794131	1.5547861	-0.44999999999999996
1744.9259676347226	1850	49.19038418840197	0.0	1035329	3322.2394321663364	1.6535048	1.2000000000000002
1748.4065589443317	1850	49.70979287879274	0.0	1026056	3480.5913096092304	1.6270567	1.85
1751.7659230699717	1850	50.35042875315283	0.0	943942	3359.364125639903	1.6282698	1.85
1759.9153411519985	4300	46.201010671125914	0.0	1919781	8149.418082026921	1.580884	1.8499999999999996
1766.6213000385592	4300	43.495051784565284	0.0	2147467	6705.958886560625	1.1176451	4.3
1771.42880102347	2850	42.68755079965449	0.0	1427478	4807.500984910799	0.90151757	1.4000000000000001
1776.3063207090547	1850	41.81003111406969	0.0	930577	4877.519685584804	1.4109199	0.8500000000000001
1779.8158148705709	1850	42.3005369525538	0.0	858450	3509.4941615158873	1.639017	1.85
1787.4254236261359	4300	38.690928196988885	0.0	2184571	7609.608755564911	1.6340363	1.8499999999999996
1794.4329578446286	4300	35.6833939784959	0.0	2121928	7007.534218492985	0.99735665	4.3
1803.778485798992	4300	30.337866024132673	0.0	2219102	9345.527954363226	1.0475283	4.3
1808.331792007704	2850	29.784559815420593	0.0	1464921	4553.30620871208	1.1698059	1.4000000000000001
1810.3863956399214	1200	31.72995618320331	0.0	638661	2054.6036322172845	1.5132796	-0.44999999999999996
1813.3025983295286	1850	32.813753493596245	0.0	830730	2916.2026896070647	1.6750535	1.2000000000000002
1822.551752539541	4300	27.56459928358379	0.0	2155012	9249.154210012455	1.634715	1.8499999999999996

