932.4596440455152	750	4.0	2.7720774829579558	450283	2772.077482957956	1.3710722	-11.169933176719208
935.0125816802396	750	5.44706236527567	0.0	398865	2552.9376347243297	0.9550489	0.75
935.7855082660463	300	8.674135779468903	0.0	139857	772.9265858067675	1.0513537	-0.15000000000000002
938.2855492591527	1200	10.174094786362497	0.0	617681	2500.040993106407	1.1069171	0.29999999999999993
938.8406767838018	300	13.618967261713491	0.0	163442	555.1275246490051	1.3633083	-0.6000000000000001
939.8379768378072	750	16.621667207708068	0.0	318564	997.3000540054218	1.2927793	0.3
940.540689686225	300	19.918954359290304	0.0	153295	702.7128484177657	1.4049965	-0.15000000000000002
941.5953949706108	300	22.86424907490454	0.0	173849	1054.7052843857641	1.3073049	0.3
943.0700574346171	750	25.389586610898164	0.0	374758	1474.662464006375	1.294465	0.3
944.6418797993451	1200	27.817764246170054	0.0	560821	1571.822364728113	1.4419215	0.75
949.4367073020195	1850	27.022936743495787	0.0	939819	4794.827502674267	1.5617615	1.2000000000000002
952.9202201403261	1200	27.539423905189118	0.0	594078	3483.51283830667	1.5651627	0.5499999999999999
955.1536726954821	750	29.305971350033097	0.0	386351	2233.4525551560178	1.479288	0.3
964.196693001298	1850	24.26295104421721	0.0	1036454	9043.020305815888	1.4370323	0.75
967.9407904033294	1200	24.5188536421858	0.0	526950	3744.097402031409	1.4585893	0.5499999999999999
975.6091783637313	1200	20.850465681783966	0.0	587876	7668.387960401834	1.4545863	1.2
978.6928776077913	300	21.76676643772394	0.0	143509	3083.699244060025	1.3522403	-0.6000000000000001
980.8920252078459	300	23.56761883766923	0.0	150616	2199.1476000547127	1.2465018	0.3
983.4615623823281	750	24.998081663187055	0.0	405596	2569.537174482175	1.2815132	0.3
984.2595467322501	300	28.200097313265044	0.0	140881	797.9843499220125	1.4189906	-0.15000000000000002
985.8933696666023	750	30.56627437891286	0.0	386472	1633.8229343521857	1.3881944	0.3
987.6905690588011	750	32.76907498671416	0.0	399894	1797.1993921986991	1.5098995	0.75
988.9871707696935	750	35.472473275821635	0.0	401853	1296.6017108925234	1.5186124	0.75
998.510689895576	2850	29.948954149939194	0.0	1323990	9523.519125882443	1.5928621	0.75
1000.3490912214202	1200	32.11055282409493	0.0	587236	1838.4013258442596	1.6435158	-0.44999999999999996
1001.4746023802167	750	34.985041665298446	0.0	379700	1125.5111587964811	1.6641548	0.3
1004.4953971957378	1850	35.964246849777325	0.0	1076599	3020.794815521124	1.6265674	0.75
1007.3372274395822	2850	37.12241660593287	0.0	1141971	2841.830243844452	1.5266889	1.85
1012.2136534621961	2850	36.24599058331903	0.0	1498470	4876.426022613845	0.6716148	2.85
1036.0841292477617	4300	16.37551479775345	0.0	2164140	23870.475785565577	0.780409	2.8499999999999996
1041.417390975779	300	15.042253069736208	0.0	157421	5333.261728017242	1.3094487	-3.7
1046.1790254645855	750	14.28061858092961	0.0	400322	4761.634488806598	1.080228	0.3
1049.6075885163955	1200	14.852055529119529	0.0	584349	3428.563051810082	1.2110382	0.75
1053.552469860101	1850	14.907174185414203	0.0	1035329	3944.8813437053277	1.4179353	1.2000000000000002
1056.3274669358495	1200	16.132177109665538	0.0	690253	2774.9970757486644	1.568061	0.5499999999999999
1058.434055660332	1200	18.025588385182978	0.0	598727	2106.58872448256	1.508638	1.2
1059.0056130817175	300	21.45403096379763	0.0	131610	571.5574213853484	1.5672137	-0.6000000000000001
1060.8713418188518	750	23.588302226663313	0.0	361565	1865.7287371343207	1.4332005	0.3
1063.368543118743	750	25.091100926772047	0.0	378327	2497.2012998912655	1.5107957	0.75
1064.2373542047196	300	28.222289840795383	0.0	149991	868.8110859766643	1.5048158	-0.15000000000000002
1066.4860555206815	1200	29.97358852483355	0.0	566904	2248.701315961838	1.4916154	0.29999999999999993
1072.7638831665531	2850	27.695760878961664	0.0	1527299	6277.827645871884	1.6868279	1.2000000000000002
1082.1708046534468	4300	22.28883939206794	0.0	2121928	9406.921486893725	0.8185398	2.8499999999999996
1090.151453953099	4300	18.308190092415938	0.0	2219102	7980.649299651999	0.6290074	4.3
1098.1151067080555	4300	14.344537337459446	0.0	2124950	7963.652754956492	0.5579087	4.3
1108.374347076987	4300	8.085296968527702	0.0	2246506	10259.240368931743	0.7081151	4.3
1112.7730419059392	2850	7.686602139575793	0.0	1231456	4398.694828951909	1.5750153	1.4000000000000001
1117.3142068138154	2850	7.145437231699391	0.0	1364537	4541.164907876403	1.6052234	2.85

