20634.77731777683	750	4.0	5.105653885378062	450283	5105.653885378062	1.2322035	-21.204311707125665
20638.93301951649	300	4.0	0.15570173966025685	155580	4155.701739660257	0.48331717	-0.8195174805391044
20641.38965294646	300	5.543366570032065	0.0	139857	2456.6334299679343	0.31436008	0.3
20643.81835804503	750	7.114661471458387	0.0	382355	2428.705098573679	0.58518463	0.3
20644.499383936814	300	10.433635579674046	0.0	163442	681.025891784341	0.8506054	-0.15000000000000002
20645.833746323467	750	13.09927319302333	0.0	318564	1334.3623866507157	1.0982423	0.3
20647.301251036155	750	15.631768480332058	0.0	352642	1467.5047126912748	1.3134904	0.75
20650.84434426198	1200	16.088675254511276	0.0	709534	3543.0932258207804	1.3586425	0.75
20652.876931539384	1200	18.056087977104696	0.0	584846	2032.5872774065767	1.460933	1.2
20653.36085607386	300	21.57216344262638	0.0	139105	483.9245344783141	1.5116286	-0.6000000000000001
20656.970870054687	1850	21.96214946179678	0.0	939819	3610.0139808296008	1.4493773	0.30000000000000004
20658.876911260693	1200	24.056108255789077	0.0	594078	1906.0412060077035	1.5894556	0.5499999999999999
20659.47699711585	300	27.456022400633582	0.0	160746	600.0858551554942	1.5560598	-0.6000000000000001
20661.74199154612	1200	29.191027970363404	0.0	687371	2264.9944302701783	1.4875647	0.29999999999999993
20665.719004546794	2850	29.214014969690282	0.0	1231445	3977.013000673123	1.5889851	1.2000000000000002
20667.65831435041	1200	31.274705166074032	0.0	587876	1939.3098036162498	1.6505079	-0.44999999999999996
20668.861716058942	750	34.0713034575415	0.0	360831	1203.401708532543	1.5927527	0.3
20670.154143888358	750	36.77887562812515	0.0	372963	1292.4278294163453	1.58255	0.75
20671.735990611047	750	39.19702890543558	0.0	405596	1581.846722689569	1.5964762	0.75
20675.012979165112	1200	39.92004035137235	0.0	586839	3276.9885540632285	1.6034693	0.75
20678.920921930505	1850	40.01209758598022	0.0	891604	3907.9427653921284	1.6051879	1.2000000000000002
20682.241479738626	1850	40.69153977785575	0.0	955231	3320.5578081244694	1.627332	1.85
20684.503047754268	1200	42.42997176221447	0.0	656471	2261.5680156412795	1.6400852	0.5499999999999999
20686.51258316157	1200	44.42043635491302	0.0	536667	2009.535407301452	1.6435673	1.2
20694.74915718218	2850	40.18386233430223	0.0	1383735	8236.574020610791	1.6435374	1.2000000000000002
20701.648788860588	1850	37.28423065589332	0.0	905935	6899.63167840891	1.6271036	0.8500000000000001
20705.009860031256	750	37.92315948522915	0.0	425781	3361.0711706641664	1.5945065	-0.3500000000000001
20711.33532393171	1850	35.59769558477042	0.0	758197	6325.463900458726	1.5929335	0.75
20715.957836773992	750	34.97518274249275	0.0	400396	4622.512842277673	1.6093653	-0.3500000000000001
20723.943859894724	1200	30.989159621762123	0.0	641447	7986.023120730624	1.5521337	0.75
20727.602683123147	750	31.330336393340403	0.0	358218	3658.8232284217206	1.5359805	0.3
20733.263105284324	1200	29.66991423215965	0.0	620283	5660.422161180754	1.5258638	0.75
20735.082340342786	300	31.850679173699334	0.0	143881	1819.2350584603157	1.5682101	-0.6000000000000001
20744.239163771774	1850	26.693855744710948	0.0	1035329	9156.823428988386	1.5029546	0.30000000000000004
20749.744535148824	1200	25.188484367659253	0.0	690253	5505.371377051696	1.5435914	0.5499999999999999
20752.791814292545	750	26.141205223938776	0.0	365161	3047.279143720478	1.5371041	0.3
20761.61723320116	2850	21.31578631532395	0.0	1139291	8825.418908614827	1.548153	0.75
20772.5559242927	1850	14.377095223783726	0.0	938587	10938.691091540226	1.5727133	0.8500000000000001
20774.486343743487	300	16.446675772999487	0.0	144254	1930.4194507842394	1.391987	-1.25
20779.09877198389	1200	15.834247532598939	0.0	587506	4612.428240400548	1.2742993	0.29999999999999993
20780.06651150401	300	18.866508012479265	0.0	147968	967.739520119674	1.4091312	-0.6000000000000001
20782.964856655333	750	19.96816286115693	0.0	384505	2898.3451513223376	1.409139	0.3
20788.690197622203	1200	18.242821894286017	0.0	599477	5725.340966870908	1.4972917	0.75
20790.32542174411	300	20.607597772378746	0.0	172312	1635.2241219072703	1.4336302	-0.6000000000000001
20793.190499173106	750	21.742520343382996	0.0	398987	2865.0774289957503	1.445861	0.3
20795.764384819144	750	23.168634697345993	0.0	393804	2573.885646037001	1.540661	0.75
20797.131574608688	300	25.801444907801653	0.0	137507	1367.1897895443446	1.5722508	-0.15000000000000002
20804.548577470847	1200	22.3844420456427	0.0	550906	7417.002862158951	1.5639019	0.29999999999999993

