9943.201710537442	750	4.0	3.1328471558220468	450283	3132.8471558220467	1.4813148	-12.7212427700348
9944.264149697263	300	6.937560840178129	0.0	155580	1062.4391598218708	0.63631105	-0.15000000000000002
9945.136543504119	300	10.065167033322226	0.0	139857	872.393806855903	0.85819775	0.3
9946.121074400353	300	13.080636137089297	0.0	155432	984.5308962329289	1.0104548	0.3
9947.118134096672	300	16.08357644076851	0.0	163442	997.0596963207871	1.1515489	0.3
9949.098523666684	750	18.10318687075736	0.0	318564	1980.3895700111539	1.2941821	0.3
9951.188569278751	750	20.01314125868961	0.0	352642	2090.045612067748	1.3789697	0.75
9954.310735188092	750	20.890975349349258	0.0	437162	3122.165909340355	1.4103354	0.75
9957.435657342456	750	21.7660531949849	0.0	374758	3124.9221543643566	1.4396347	0.75
9962.160840703009	1200	21.04086983443341	0.0	560821	4725.183360551491	1.4273307	0.75
9963.441252709099	300	23.760457828344478	0.0	141840	1280.4120060889295	1.4649073	-0.6000000000000001
9967.09649429517	750	24.105216242272533	0.0	405134	3655.241586071945	1.3964221	0.3
9970.584054027537	750	24.617656509905608	0.0	386351	3487.559732366927	1.4383109	0.75
9973.651795052145	750	25.54991548529783	0.0	434409	3067.7410246077725	1.4354811	0.75
9976.278492474872	750	26.92321806256905	0.0	337059	2626.6974227287837	1.4825308	0.75
9977.808667546291	300	29.393042991150217	0.0	138313	1530.1750714188308	1.4836242	-0.15000000000000002
9979.434171131705	300	31.76753940573761	0.0	143509	1625.5035854126063	1.4397347	0.3
9982.2152036883	750	32.986506849142145	0.0	372963	2781.0325565954627	1.4650238	0.3
9985.619724321758	750	33.581986215682235	0.0	405596	3404.520633459916	1.5119104	0.75
9992.932437422482	1850	30.269273114957695	0.0	923755	7312.71310072454	1.5312872	0.75
9994.092712652893	300	33.108997884546916	0.0	157671	1160.2752304107817	1.5742648	-1.25
10001.111909066503	1850	30.08980147093693	0.0	955231	7019.196413609983	1.5091176	0.30000000000000004
10020.416193721327	4300	14.785516816114315	0.0	2221506	19304.284654822615	1.5738832	1.8499999999999996
10023.472216490503	750	15.729494046937361	0.0	343800	3056.0227691769546	1.4598471	-2.8
10024.546002630277	300	18.6557079071642	0.0	146754	1073.786139773162	1.3372867	-0.15000000000000002
10027.052061981707	750	20.149648555733155	0.0	379700	2506.0593514310435	1.3784003	0.3
10029.555714345583	750	21.645996191859503	0.0	425781	2503.6523638736503	1.4093158	0.75
10036.847584200239	2850	18.35412633720276	0.0	1141971	7291.869854656743	1.4947773	0.75
10040.40888804062	750	18.792822496822886	0.0	400396	3561.303840379874	1.5212654	-1.35
10045.74599412264	1200	17.455716414801476	0.0	641447	5337.106082021412	1.3763288	0.75
10047.125985948931	300	20.07572458851139	0.0	157421	1379.991826290083	1.4977313	-0.6000000000000001
10052.755437809275	1200	18.44627272816778	0.0	620283	5629.451860343614	1.391358	0.29999999999999993
10056.750830215513	1200	18.450880321929173	0.0	584349	3995.392406238609	1.4460518	1.2
10060.929210545355	750	18.27249999208822	0.0	412837	4178.380329840952	1.4664438	0.3
10066.189850124063	1200	17.011860413381257	0.0	690253	5260.639578706969	1.3986199	0.75
10073.870733176636	1850	13.330977360809477	0.0	943942	7680.8830525717785	1.452356	1.2000000000000002
10076.271772027962	750	14.929938509482787	0.0	321064	2401.0388513266894	1.4390738	-0.3500000000000001
10083.237594781123	1850	11.964115756321062	0.0	938587	6965.822753161725	1.3682427	0.75
10088.701639590407	1200	10.500070947038028	0.0	605884	5464.044809283033	1.3938688	0.5499999999999999
10091.724276664047	750	11.477433873398333	0.0	390680	3022.6370736396952	1.2252539	0.3
10094.907373785798	750	12.294336751648187	0.0	345516	3183.097121750146	1.2346023	0.75
10098.174129638219	750	13.027580899226356	0.0	384505	3266.7558524218307	1.2072839	0.75
10099.464128035486	300	15.737582501959714	0.0	145210	1289.998397266642	1.2887144	-0.15000000000000002
10103.954848415313	750	15.24686212213261	0.0	438281	4490.720379827103	1.3172269	0.3
10110.323964233356	1850	12.877746304090866	0.0	958994	6369.115818041745	1.3322649	0.75
10112.592465594886	750	14.609244942559783	0.0	393804	2268.5013615310827	1.4429816	-0.3500000000000001
10114.6676033268	750	16.534107210645534	0.0	331053	2075.1377319142525	1.4481449	0.75
10120.811086581843	1850	14.390623955601376	0.0	846370	6143.483255044156	1.4823425	0.75

