12292.41342088149	750	4.0	5.558065529459364	450283	5558.065529459364	1.2621568	-23.149681776675266
12295.221140013338	300	5.192280868151962	0.0	155580	2807.719131848038	0.4557493	-0.15000000000000002
12298.77006649668	750	5.643354384811677	0.0	350812	3548.9264833402844	0.5991581	0.3
12300.921830392	300	7.491590489489195	0.0	155432	2151.763895322481	0.75189906	-0.15000000000000002
12306.7233365515	750	5.6900843299890145	0.0	411561	5801.506159500181	0.78975666	0.3
12309.099789253185	300	7.313631628304478	0.0	126289	2376.452701684537	0.7339479	-0.15000000000000002
12311.482723157456	300	8.930697724033603	0.0	153295	2382.933904270875	0.7491585	0.3
12313.044746014499	300	11.368674866991732	0.0	173849	1562.022857041872	0.8337057	0.3
12314.084751983115	300	14.328668898375092	0.0	150710	1040.0059686166398	0.98069656	0.3
12315.020258984769	300	17.393161896722223	0.0	139105	935.5070016528656	1.1714818	0.3
12317.658723432683	750	18.754697448806134	0.0	353220	2638.464447916089	1.299797	0.3
12318.846022833275	300	21.567398048216404	0.0	156148	1187.2994005897294	1.3611157	-0.15000000000000002
12323.26872028529	1200	21.144700596200963	0.0	624282	4422.69745201544	1.3736188	0.29999999999999993
12330.983217927122	1850	17.43020295436921	0.0	1036454	7714.497641831751	1.4597461	1.2000000000000002
12331.901616479981	300	20.511804401509444	0.0	140051	918.3985528597644	1.4821817	-1.25
12336.128558013348	1200	20.284862868142536	0.0	587876	4226.941533366909	1.3990334	0.29999999999999993
12343.629110990578	1850	16.784309890911846	0.0	966699	7500.552977230692	1.4685894	1.2000000000000002
12348.931480641077	1200	15.481940240413936	0.0	581493	5302.369650497909	1.4743544	0.5499999999999999
12356.937658315237	1200	11.475762566252328	0.0	639204	8006.177674161608	1.3747481	1.2
12360.126204026348	750	12.287216855140228	0.0	350713	3188.5457111121004	1.1500751	0.3
12361.54049630092	300	14.872924580568242	0.0	157671	1414.2922745719864	1.1845949	-0.15000000000000002
12362.797076683015	300	17.616344198474934	0.0	157812	1256.5803820933093	1.2351127	0.3
12365.350754683814	750	19.062666197675732	0.0	401853	2553.678000799202	1.2856855	0.3
12372.587353125211	1850	15.826067756278645	0.0	874175	7236.5984413970855	1.4145374	0.75
12375.981274795195	750	16.432146086294882	0.0	359903	3393.921669983765	1.4507115	-0.3500000000000001
12385.24149607217	1850	11.171924809318941	0.0	905935	9260.221276975939	1.3246634	0.75
12386.72048715297	300	13.692933728520831	0.0	181901	1478.9910807981096	1.271677	-1.25
12389.318895120587	750	15.094525760903386	0.0	277716	2598.4079676174465	1.2080545	0.3
12390.898460818304	300	17.51496006318748	0.0	153605	1579.5656977159035	1.3234556	-0.15000000000000002
12392.433353408811	300	19.98006747267999	0.0	149029	1534.8925905074925	1.2575774	0.3
12395.86226840656	750	20.551152474932785	0.0	358218	3428.9149977472084	1.3483442	0.3
12399.409823681755	750	21.003597199737015	0.0	400322	3547.5552751957684	1.4072378	0.75
12405.985539781492	1200	18.427881100000718	0.0	584349	6575.716099736297	1.4216006	0.75
12417.451133972827	1200	10.962286908665957	0.0	670129	11465.594191334761	1.4283953	1.2
12421.723040863828	750	10.690380017664191	0.0	401088	4271.906891001767	1.0467017	0.3
12423.449137849664	300	12.964283031827868	0.0	159914	1726.0969858363226	1.0594785	-0.15000000000000002
12428.77053715757	1200	11.642883723921138	0.0	487812	5321.399307906731	1.1314005	0.29999999999999993
12430.103925554888	300	14.309495326603543	0.0	124011	1333.3883973175944	1.1767977	-0.6000000000000001
12431.827350956179	300	16.586069925312277	0.0	144254	1723.4254012912668	1.1528276	0.3
12435.883532938447	750	16.529887943044038	0.0	390680	4056.1819822682382	1.2175575	0.3
12442.723814285488	1200	13.689606596004829	0.0	566904	6840.281347039209	1.3020062	0.75
12444.732455862726	300	15.680965018766774	0.0	161857	2008.6415772380544	1.2903298	-0.6000000000000001
12446.769738556017	300	17.643682325475886	0.0	145210	2037.2826932908904	1.2301956	0.3
12451.170248205617	750	17.24317267587553	0.0	438281	4400.5096496003525	1.2729515	0.3
12453.993890181262	750	18.419530700230226	0.0	398987	2823.641975645306	1.3555629	0.75
12457.748501876073	750	18.664919005419165	0.0	393804	3754.6116948110603	1.4347252	0.75
12460.052148973704	300	20.361271907788982	0.0	137507	2303.6470976301825	1.4389745	-0.15000000000000002
12465.411846533423	1200	19.00157434806974	0.0	550906	5359.69755971924	1.3868337	0.29999999999999993

