4835.891312276932	750	4.0	4.127748728925795	450283	4127.748728925795	1.6891168	-16.999319534380916
4838.515252011044	300	5.376060265887466	0.0	155580	2623.939734112534	0.6328011	-0.15000000000000002
4840.960589869883	750	6.93072240704873	0.0	350812	2445.337858838736	0.5021931	0.3
4844.331287818305	1200	7.560024458626794	0.0	617681	3370.6979484219364	1.0639323	0.75
4846.883305014731	750	9.00800726220021	0.0	411561	2552.0171964265833	1.2218013	0.3
4847.860636251996	300	12.030676024934927	0.0	126289	977.3312372652833	1.1471102	-0.15000000000000002
4850.121465668889	750	13.769846608042384	0.0	352642	2260.8294168925418	1.1139205	0.3
4851.473808193958	300	16.417504082973828	0.0	173849	1352.342525068557	1.2544246	-0.15000000000000002
4852.629554982104	300	19.26175729482679	0.0	150710	1155.7467881470343	1.1924168	0.3
4855.635393139387	750	20.255919137545014	0.0	362795	3005.8381572817775	1.2391346	0.3
4868.344335172146	1850	11.546977104785276	0.0	939819	12708.942032759738	1.3161403	0.75
4871.5189339900635	750	12.372378286868427	0.0	405134	3174.598817916849	1.1444502	-0.3500000000000001
4875.878161580755	1200	12.013150696177288	0.0	624282	4359.227590691138	1.195386	0.75
4880.204370027525	1200	11.686942249406536	0.0	687371	4326.208446770753	1.2821445	1.2
4881.74553266779	750	14.145779609141893	0.0	337059	1541.1626402646439	1.2873083	0.3
4884.148620237283	1200	15.742692039649281	0.0	587876	2403.087569492612	1.3363096	0.75
4889.629985935416	2850	14.261326341515609	0.0	1491626	5481.365698133672	1.4449346	1.2000000000000002
4896.867068341624	4300	11.024243935307894	0.0	2059512	7237.082406207715	1.5931737	2.8499999999999996
4901.156245396193	2850	10.735066880738836	0.0	1537156	4289.177054569059	1.5977323	1.4000000000000001
4902.131760516298	750	13.759551760633666	0.0	350713	975.5151201051683	1.5680969	-1.35
4904.056921455051	1200	15.834390821879824	0.0	601738	1925.1609387538426	1.3962917	0.75
4907.114577140357	1850	16.77673513657435	0.0	955231	3057.655685305475	1.4774264	1.2000000000000002
4909.765343008477	1200	18.125969268454334	0.0	656471	2650.7658681200132	1.5643835	0.5499999999999999
4912.192865336481	1200	19.698446940450054	0.0	536667	2427.5223280042783	1.477007	1.2
4914.437428080391	750	21.453884196540056	0.0	359903	2244.5627439099985	1.4814863	0.3
4917.666413704211	1850	22.224898572720516	0.0	905935	3228.9856238195407	1.3902434	0.75
4918.767323940792	750	25.12398833613918	0.0	425781	1100.9102365813337	1.6346593	-0.3500000000000001
4919.095666020357	300	28.7956462565746	0.0	111155	328.34207956457954	1.5371535	-0.15000000000000002
4921.001428411669	1200	30.88988386526289	0.0	622896	1905.7623913117113	1.4765506	0.29999999999999993
4926.290682236351	2850	29.60063004058072	0.0	1561263	5289.253824682167	1.6679056	1.2000000000000002
4939.814630408627	4300	20.07668186830439	0.0	2113193	13523.948172276336	1.1713185	2.8499999999999996
4945.984932254883	1850	17.906380022049234	0.0	954453	6170.301846255154	1.6042911	-0.6000000000000001
4953.367847302364	2850	14.523464974567405	0.0	1358081	7382.915047481829	1.4951072	1.85
4960.246793104973	2850	11.64451917195803	0.0	1587293	6878.945802609374	1.5822811	2.85
4965.591674274012	2850	10.299638002919872	0.0	1492672	5344.881169038159	1.5706735	2.85
4971.399963078866	2850	8.491349198065185	0.0	1439896	5808.2888048546865	1.6045668	2.85
4972.689908000672	750	11.201404276258335	0.0	321064	1289.9449218068498	1.551718	-1.35
4974.051320857026	750	13.839991419903562	0.0	361565	1361.4128563547733	1.3675239	0.75
4974.694391541684	300	17.19692073524594	0.0	144254	643.0706846576256	1.449071	-0.15000000000000002
4975.513512137864	300	20.37780013906482	0.0	149991	819.1205961811172	1.3934107	0.3
4976.450498121596	300	23.440814155333825	0.0	147968	936.9859837309946	1.4118934	0.3
4985.120140187526	2850	18.771172089403706	0.0	1527299	8669.642065930117	1.4367601	0.30000000000000027
4993.771614803139	4300	14.119697473791675	0.0	2121928	8651.47461561203	1.607416	2.8499999999999996
5003.90080534993	4300	7.990506927000137	0.0	2219102	10129.190546791539	1.061973	4.3
5009.502929460899	2850	6.388382816031372	0.0	1464921	5602.124110968764	1.6064018	1.4000000000000001
5011.413401585768	1200	8.4779106911626	0.0	638661	1910.4721248687729	1.5883138	-0.44999999999999996
5013.218221847537	1850	10.673090429393906	0.0	830730	1804.8202617686945	1.5063176	1.2000000000000002
5016.946204963126	2850	10.945107313805664	0.0	1364537	3727.9831155882416	1.6417613	1.85

