14825.054211319662	750	4.0	4.751626329382562	450283	4751.626329382562	1.3338945	-19.681993216345017
14826.698666236363	300	6.35554508329921	0.0	155580	1644.4549167007901	0.5067446	-0.15000000000000002
14831.740797022296	1200	5.313414297366125	0.0	571051	5042.130785933085	0.7817984	0.29999999999999993
14832.691273760809	300	8.362937558853709	0.0	155432	950.4767385124157	0.8196419	-0.6000000000000001
14833.765967702479	300	11.288243617185014	0.0	163442	1074.693941668696	0.9044687	0.3
14834.869026727647	300	14.185184592017364	0.0	126289	1103.0590251676501	1.0938652	0.3
14836.384726215409	300	16.669485104255386	0.0	153295	1515.6994877619788	1.1664516	0.3
14849.475010954764	1850	7.579200364900186	0.0	1060487	13090.2847393552	1.2306651	0.30000000000000004
14851.285494665717	300	9.768716653945633	0.0	150710	1810.483710954551	1.0248865	-1.25
14853.785252554722	750	11.268958764941983	0.0	362795	2499.7578890036516	0.9747861	0.3
14856.024822529202	750	13.029388790462114	0.0	353220	2239.5699744798667	1.1828979	0.75
14865.647077999884	1850	7.407133319780942	0.0	917428	9622.255470681173	1.2469027	0.75
14869.014422545863	750	8.039788773802295	0.0	386351	3367.3445459786467	1.0972291	-0.3500000000000001
14870.870327956027	300	10.183883363638433	0.0	179801	1855.9054101638606	0.8961175	-0.15000000000000002
14876.136463797464	1200	8.917747522202129	0.0	526950	5266.135841436304	0.9951726	0.29999999999999993
14877.459196208629	300	11.595015111036778	0.0	138313	1322.7324111653509	1.0339913	-0.6000000000000001
14878.961892591766	300	14.09231872790013	0.0	143509	1502.6963831366477	1.0610209	0.3
14884.241057952055	1200	12.813153367610953	0.0	581493	5279.165360289177	1.1490952	0.29999999999999993
14892.611811213346	1850	8.44240010631862	0.0	987708	8370.753261292333	1.2331568	1.2000000000000002
14893.743778516451	300	11.310432803213592	0.0	140881	1131.967303105029	1.1717001	-1.25
14895.265769023377	300	13.788442296286949	0.0	157671	1521.9905069266442	1.0709652	0.3
14896.958060593975	300	16.09615072568779	0.0	157812	1692.2915705991602	1.14581	0.3
14900.698665546795	750	16.355545772867448	0.0	401853	3740.60495282034	1.2037566	0.3
14903.696975059285	750	17.35723626037782	0.0	343800	2998.309512489628	1.3079236	0.75
14915.77870055231	1200	9.27551076735501	0.0	587236	12081.72549302281	1.3226324	0.75
14925.677740693327	750	4.0	0.6235293736634194	379700	9899.04014101843	0.9713137	-2.3811763067527036
14928.320036664429	300	5.357704028898671	0.0	181901	2642.295971101329	0.06535476	-0.15000000000000002
14929.63158295178	300	8.04615774154697	0.0	111155	1311.5462873516997	0.31048813	0.3
14931.628110058498	300	10.049630634829581	0.0	153605	1996.5271067173892	0.65470594	0.3
14939.243160567874	750	6.434580125452359	0.0	400508	7615.050509377223	0.8796078	0.3
14942.122774588464	300	7.554966104861734	0.0	157421	2879.614020590626	0.20906833	-0.15000000000000002
14947.340058720183	750	6.337681973142421	0.0	400322	5217.284131719312	0.27391255	0.3
14949.064061711604	300	8.613678981721812	0.0	143881	1724.0029914206089	0.20028898	-0.15000000000000002
14951.871194624831	300	9.806546068493045	0.0	163444	2807.132913228766	0.6954988	0.3
14955.53760633817	300	10.14013435515572	0.0	179328	3666.411713337325	0.87626386	0.3
14958.7637984029	300	10.913942290425377	0.0	159914	3226.1920647303427	0.80941975	0.3
14960.886153230229	300	12.791587463096374	0.0	131610	2122.3548273290025	0.921268	0.3
14962.12151702122	300	15.556223672105924	0.0	124011	1235.3637909904503	0.983934	0.3
14965.150942035249	750	16.526798658077553	0.0	378327	3029.4250140283707	1.1636384	0.3
14966.599540080997	300	19.078200612330022	0.0	149991	1448.5980457475325	1.3447406	-0.15000000000000002
14969.742287924633	750	19.935452768694603	0.0	345516	3142.747843635421	1.3538294	0.3
14979.544885185182	1850	14.132855508144132	0.0	1025005	9802.59726055047	1.4235356	0.75
14984.28594504816	1200	13.39179564516699	0.0	599477	4741.059862977141	1.3834084	0.5499999999999999
14988.613329658125	750	13.06441103520172	0.0	438281	4327.38460996527	1.3456719	0.3
14993.192537594397	750	12.48520309893059	0.0	398987	4579.20793627113	1.2403386	0.75
14996.75635635653	750	12.921384336796065	0.0	393804	3563.8187621345246	1.1789079	0.75
14997.998796075715	300	15.678944617612423	0.0	137507	1242.4397191836417	1.2783965	-0.15000000000000002
15007.157437957801	1850	10.52030273552552	0.0	846370	9158.641882086904	1.3038429	0.30000000000000004

