19781.523637760576	750	4.0	1.8471370276969283	450283	1847.1370276969283	1.3391271	-7.192689219096792
19783.462848150717	750	6.060789609862291	0.0	398865	1939.2103901377081	0.7804492	0.75
19785.201493973127	750	8.322143787449836	0.0	350812	1738.6458224124558	0.9356313	0.75
19786.861367739162	750	10.662270021413521	0.0	382355	1659.8737660363154	1.0764809	0.75
19789.652815189555	1200	11.87082257102017	0.0	652874	2791.4474503933507	1.209134	0.75
19791.243825238467	750	14.279812522107571	0.0	318564	1591.0100489125973	1.36791	0.3
19794.916501624928	1850	14.60713613564601	0.0	905515	3672.6763864615605	1.3522257	0.75
19796.390167405058	750	17.133470355513627	0.0	437162	1473.6657801323854	1.4895558	-0.3500000000000001
19797.120248555337	300	20.40338920523697	0.0	150710	730.0811502766561	1.4451872	-0.15000000000000002
19800.829773904887	1850	20.69386385568782	0.0	913888	3709.5253495491497	1.4135538	0.30000000000000004
19801.497519472734	300	24.026118287841484	0.0	141840	667.7455678463374	1.5712128	-1.25
19804.11238367284	1200	25.41125408773451	0.0	594078	2614.8642001069766	1.434634	0.29999999999999993
19807.154462694198	1200	26.369175066376492	0.0	624282	3042.0790213580203	1.5491499	1.2
19808.136577754864	300	29.38706000571277	0.0	179801	982.1150606637201	1.5393535	-0.6000000000000001
19811.92098193488	1850	29.60265582569551	0.0	821631	3784.404180017261	1.502274	0.30000000000000004
19817.792509499584	2850	27.731128260991714	0.0	1471065	5871.527564703795	1.593608	1.85
19819.31591091037	750	30.207726850205283	0.0	360831	1523.4014107864311	1.616953	-1.35
19822.299170640046	1850	31.22446712052717	0.0	885714	2983.259729678113	1.5657398	0.75
19822.891145175363	300	34.63249258521025	0.0	165384	591.9745353169171	1.6062717	-1.25
19825.490402026993	1200	36.03323573358123	0.0	586839	2599.256851629027	1.5617799	0.29999999999999993
19828.522291976828	1850	37.00134578374651	0.0	891604	3031.889949834715	1.6092348	1.2000000000000002
19830.136614635052	750	39.38702312552291	0.0	399894	1614.3226582236014	1.6226958	-0.3500000000000001
19833.80993983749	1850	39.71369792308551	0.0	968026	3673.325202437393	1.6036688	0.75
19836.899456455623	1850	40.62418130495304	0.0	874175	3089.516618132475	1.6480768	1.85
19842.830315463878	2850	38.69332229669523	0.0	1383735	5930.859008257805	1.6452211	1.85
19849.88204190006	2850	35.64159586051622	0.0	1480464	7051.726436179012	1.6341064	2.85
19854.807072855732	1850	34.71656490484046	0.0	1076599	4925.030955675759	1.6264253	0.8500000000000001
19858.22961918414	1850	35.29401857643336	0.0	758197	3422.546328407099	1.631787	1.85
19859.026471895057	300	38.49716586551569	0.0	153605	796.8527109176664	1.6284664	-1.25
19860.91659263055	750	40.60704513002473	0.0	400508	1890.120735490964	1.5815732	0.3
19864.617698855487	1850	40.90593890508951	0.0	873429	3701.106224935219	1.6204995	0.75
19867.324890981978	1200	42.19874677859758	0.0	620283	2707.192126491929	1.6338184	0.5499999999999999
19871.535331467418	1850	41.98830629315847	0.0	885062	4210.440485439114	1.6399586	1.2000000000000002
19876.334962687954	1850	41.18867507262031	0.0	1035329	4799.631220538161	1.6381439	1.85
19886.436088418992	2850	35.08754934158371	0.0	1492672	10101.125731036595	1.6438528	1.85
19889.908492251707	750	35.61514550886906	0.0	365161	3472.403832714648	1.6241834	-1.35
19891.954008600573	300	37.569629160000275	0.0	131610	2045.516348868793	1.6087543	-0.15000000000000002
19900.139359131237	750	33.384278629338596	0.0	361565	8185.35053066168	1.5802356	0.3
19904.054326070644	750	33.46931168993158	0.0	378327	3914.9669394070165	1.5438795	0.75
19907.089003778554	750	34.434633982020564	0.0	390680	3034.677707911015	1.5769007	0.75
19912.41415445103	1200	33.1094833095447	0.0	566904	5325.1506724758565	1.5916795	0.75
19914.91962168399	300	34.60401607658539	0.0	161857	2505.4672329593163	1.5966376	-0.6000000000000001
19920.89885096301	1200	32.62478679756387	0.0	599477	5979.229279021514	1.5838519	0.29999999999999993
19925.481008838928	1200	32.0426289216459	0.0	634861	4582.157875917975	1.5702062	1.2
19932.710208785356	1850	28.813428975220535	0.0	958994	7229.1999464253595	1.5955915	1.2000000000000002
19939.358735094007	1850	26.164902666566707	0.0	982064	6648.526308653828	1.6059166	1.85
19951.18178406124	2850	18.34185369933478	0.0	1231456	11823.048967231929	1.6074259	1.85
19952.859553000144	300	20.664084760429045	0.0	118421	1677.7689389057323	1.5013009	-2.25

