359.78780505162524	750	4.0	4.746018619318359	450283	4746.018619318359	1.3111143	-19.65788006306894
361.08896014261694	300	6.698844909008274	0.0	155580	1301.1550909917264	0.50712276	-0.15000000000000002
362.2768479200402	300	9.510957131585016	0.0	139857	1187.8877774232599	0.8144864	0.3
363.66272673203326	300	12.125078319591939	0.0	155432	1385.8788119930766	0.9277043	0.3
367.0248255083528	750	12.762979543272374	0.0	411561	3362.098776319564	1.0329605	0.3
368.0443810811819	300	15.743423970443335	0.0	126289	1019.5555728290392	1.1650447	-0.15000000000000002
369.3652538552657	300	18.422551196359528	0.0	153295	1320.8727740838087	1.2225358	0.3
372.815936166387	750	18.971868885238237	0.0	437162	3450.682311121291	1.2780691	0.3
377.4258244752242	1200	18.36198057640106	0.0	584846	4609.888308837178	1.3864068	0.75
381.3495344632911	750	18.438270588334113	0.0	362795	3923.7099880669493	1.4187098	0.3
382.8406482402917	300	20.947156811333507	0.0	141840	1491.1137770006078	1.3438164	-0.15000000000000002
386.9940956622676	750	20.79370938935763	0.0	405134	4153.447421975876	1.3373158	0.3
391.60162334801805	1200	20.186181703607236	0.0	624282	4607.527685750396	1.3812749	0.75
396.1748593812963	1200	19.61294567032893	0.0	687371	4573.236033278306	1.4367231	1.2
398.6814400969493	750	21.106364954675993	0.0	337059	2506.580715652936	1.4666768	0.3
399.76884270643563	300	24.018962345189628	0.0	138313	1087.4026094863611	1.4309617	-0.15000000000000002
402.4213849562383	750	25.366420095386992	0.0	360831	2652.542249802637	1.411653	0.3
403.71227035535094	300	28.075534696274367	0.0	150616	1290.885399112624	1.4778501	-0.15000000000000002
411.41979287339075	1850	24.36801217823453	0.0	987708	7707.522518039839	1.4353935	0.30000000000000004
419.2939003897567	1850	20.493904661868637	0.0	923755	7874.107516365894	1.5433809	1.85
429.9258149850805	1850	13.861990066544777	0.0	891604	10631.91459532386	1.5142128	1.85
436.5244828068752	1200	11.26332224475011	0.0	616206	6598.6678217946655	1.3576235	0.5499999999999999
443.29594645171784	1200	8.491858599907506	0.0	656471	6771.4636448426045	1.1675175	1.2
445.0693438775755	300	10.718461174049834	0.0	137654	1773.397425857673	1.0301354	-0.6000000000000001
446.71593007709595	300	13.071874974529395	0.0	146754	1646.5861995204375	0.9551632	0.3
454.7721782167418	1200	9.01562683488354	0.0	590335	8056.248139645856	1.0599787	0.29999999999999993
457.3458385779125	300	10.441966473712853	0.0	181901	2573.6603611706873	0.8681338	-0.6000000000000001
460.03723844299606	300	11.750566608629294	0.0	111155	2691.3998650835597	0.9118982	0.3
465.06807087644574	300	10.719734175179601	0.0	153605	5030.832433449691	0.91779727	0.3
470.2658220923288	300	9.521982959296546	0.0	149029	5197.751215883056	0.802425	0.3
476.1385190906008	300	7.649285961024486	0.0	157421	5872.696998272059	0.7898746	0.3
481.81912940952844	300	5.9686756420968905	0.0	157488	5680.6103189275955	0.308225	0.3
486.4097851368993	300	5.378019914726029	0.0	143881	4590.655727370861	0.07607564	0.3
490.8389552010417	300	4.948849850583676	0.0	163444	4429.170064142353	0.040241163	0.3
497.0051767535875	300	4.0	1.2173717019621118	179328	6166.221552545788	0.026542751	-4.93469831843708
501.08155713221214	300	4.0	0.07638037862468582	159914	4076.380378624686	0.009694824	-0.028435628086149023
503.35146073454445	300	5.730096397667702	0.0	131610	2269.903602332298	0.011135832	0.3
505.50152029853973	300	7.580036833672395	0.0	124011	2150.059563995307	0.046902407	0.3
508.1915277615982	300	8.89002937061395	0.0	144254	2690.007463058444	0.24343543	0.3
511.28614486102254	300	9.795412271189614	0.0	149991	3094.617099424337	0.582095	0.3
527.4092132907299	1200	4.0	6.327656158517711	566904	16123.068429707326	0.74109805	-26.908921481626155
529.5172560953829	300	5.8919571953471035	0.0	161857	2108.042804652897	0.01810896	-0.6000000000000001
530.5450712659135	300	8.864142024816374	0.0	145210	1027.8151705307298	0.15574265	0.3
532.127071727196	750	11.282141563533896	0.0	438281	1582.0004612824769	0.88416684	0.3
533.1065342687247	750	14.302679022005277	0.0	398987	979.4625415286192	1.2406665	0.75
533.5187852888741	300	17.890428001855664	0.0	160064	412.25102014961294	1.4796473	-0.15000000000000002
533.8924563526385	300	21.51675693809134	0.0	137507	373.6710637643239	1.5359911	0.3
536.8646773495811	2850	22.544535941148787	0.0	1364537	2972.220996942551	1.5715475	0.30000000000000027

