24681.224776347226	750	4.0	3.478694088168143	450283	3478.694088168143	1.5135281	-14.208384579123015
24682.429903514945	300	6.794872832282032	0.0	155580	1205.1271677179675	0.60864025	-0.15000000000000002
24683.237096652672	300	9.987679694553293	0.0	139857	807.1931377287391	0.836999	0.3
24684.097827108275	300	13.126949238948402	0.0	155432	860.730455604892	1.0039352	0.3
24686.56115187702	750	14.663624470203118	0.0	411561	2463.324768745285	1.1717508	0.3
24688.539621177417	750	16.685155169808	0.0	318564	1978.4693003951193	1.3177693	0.75
24689.489622383968	300	19.735153963258256	0.0	153295	950.0012065497414	1.3550675	-0.15000000000000002
24690.67928825823	300	22.5454880889929	0.0	173849	1189.6658742653547	1.3515184	0.3
24694.152888811783	750	23.071887535442606	0.0	374758	3473.600553550295	1.4104899	0.3
24695.307261955735	300	25.91751439148873	0.0	139105	1154.3731439538756	1.4336702	-0.15000000000000002
24699.244759503068	750	25.98001684415745	0.0	353220	3937.497547331282	1.4186611	0.3
24708.589404466627	1200	20.63537188059332	0.0	594078	9344.644963564135	1.4403391	0.75
24714.41973645888	750	18.80503988834308	0.0	386351	5830.331992250234	1.3747445	0.3
24724.683267424894	1200	12.541508922329983	0.0	687371	10263.530966013099	1.3080227	0.75
24726.77218789521	750	14.452588452010433	0.0	337059	2088.920470319549	1.1298838	0.3
24731.355706854047	1200	13.869069493175695	0.0	587876	4583.5189588347375	1.2801076	0.75
24734.165683111183	300	15.059093236036787	0.0	143509	2809.976257138908	1.3353155	-0.6000000000000001
24741.079775049067	1200	12.145001298151834	0.0	581493	6914.091937884955	1.0976216	0.29999999999999993
24748.030661057317	1200	9.194115289903378	0.0	639204	6950.886008248455	1.1182281	1.2
24749.637222459354	300	11.587553887864058	0.0	140881	1606.5614020393211	0.96645063	-0.6000000000000001
24751.261580233295	300	13.963196113922516	0.0	157671	1624.3577739415439	1.0107162	0.3
24752.634487371764	300	16.59028897545269	0.0	157812	1372.907138469825	1.0999284	0.3
24753.99756432862	300	19.227212018599758	0.0	163927	1363.0769568529324	1.2244831	0.3
24761.21616492841	1850	16.00861141880808	0.0	874175	7218.600599791678	1.3307623	0.30000000000000004
24762.348750547622	300	18.876025799597656	0.0	146754	1132.5856192104259	1.4163315	-1.25
24763.61722549271	300	21.607550854507007	0.0	153938	1268.47494509065	1.349489	0.3
24765.49295037597	300	23.73182597124781	0.0	181901	1875.7248832591986	1.4007615	0.3
24766.711814827297	300	26.51296151992028	0.0	111155	1218.864451327529	1.4139818	0.3
24772.604802022553	1200	24.619974324664245	0.0	622896	5892.987195256033	1.4348536	0.29999999999999993
24776.239769984117	750	24.985006363103444	0.0	400508	3634.967961560804	1.4790184	0.3
24777.526704550415	300	27.6980717968034	0.0	157421	1286.9345663000408	1.4703406	-0.15000000000000002
24781.188804890473	750	28.035971456746033	0.0	400322	3662.100340057368	1.5001458	0.3
24786.731362188628	1200	26.49341415859393	0.0	584349	5542.557298152103	1.5147206	0.75
24790.3172600333	750	26.90751631392232	0.0	412837	3585.897844671611	1.5272613	0.3
24797.970979799335	1200	23.25379654788759	0.0	690253	7653.71976603473	1.5088688	0.75
24799.690652901227	300	25.53412344599358	0.0	159914	1719.6731018940095	1.4783436	-0.6000000000000001
24801.124391091667	300	28.10038525555313	0.0	131610	1433.738190440451	1.4971043	0.3
24811.197670260295	1850	22.027106086926512	0.0	938587	10073.27916862662	1.5086323	0.30000000000000004
24815.00998434838	750	22.21479199884366	0.0	378327	3812.3140880828537	1.4997811	-0.3500000000000001
24824.50395431423	1850	16.720822032992363	0.0	930577	9493.969965851295	1.4769857	0.75
24832.6870138359	1850	12.537762511325425	0.0	858450	8183.059521666939	1.4478493	1.85
24834.83353225413	300	14.391244093090961	0.0	161857	2146.5184182344638	1.3529041	-1.25
24838.555649280028	750	14.66912706719803	0.0	372093	3722.117025892933	1.2202197	0.3
24841.63716351616	750	15.587612831065357	0.0	438281	3081.514236132673	1.23635	0.75
24844.545789162825	750	16.67898718440027	0.0	398987	2908.625646665089	1.3441448	0.75
24856.23223797521	1850	8.99253837201491	0.0	982064	11686.44881238536	1.4220449	0.75
24860.060033882975	1200	9.164742464250748	0.0	538612	3827.7959077641613	1.1815249	0.5499999999999999
24864.68158256169	1200	8.543193785537657	0.0	550906	4621.548678713092	1.1976498	1.2

