18550.937577150347	750	4.0	6.8100179178166504	450283	6810.017917816651	1.1155809	-28.533077046611595
18552.101892450668	300	6.835684699681131	0.0	155580	1164.3153003188686	0.38871878	-0.15000000000000002
18553.06002600209	300	9.877551148259398	0.0	139857	958.1335514217336	0.8143652	0.3
18555.849523202476	750	11.088053947874455	0.0	382355	2789.497200384944	0.955598	0.3
18557.05368510267	300	13.883892047676403	0.0	163442	1204.1619001980512	1.0721774	-0.15000000000000002
18557.991225579935	300	16.94635157041284	0.0	126289	937.5404772635632	1.1835046	0.3
18561.956720495225	1200	16.98085665512548	0.0	561791	3965.4949152873646	1.2662958	0.29999999999999993
18565.086635197607	750	17.850941952742485	0.0	437162	3129.9147023829946	1.3725431	0.3
18572.26222109019	1850	14.675356060158702	0.0	852833	7175.585892583781	1.399936	0.75
18579.335452258754	1850	11.602124891593085	0.0	913888	7073.231168565616	1.4073312	1.85
18582.05065586546	750	12.88692128488556	0.0	353220	2715.203606707524	1.3450997	-0.3500000000000001
18587.02205826137	1200	11.915518888978548	0.0	594078	4971.402395907013	1.2755884	0.75
18591.073039711242	750	11.864537439107163	0.0	386351	4050.9814498713836	1.266715	0.3
18599.7901707985	1200	7.147406351849782	0.0	687371	8717.131087257381	1.1298805	0.75
18602.72656529442	750	8.211011855928598	0.0	337059	2936.394495921183	0.9019831	0.3
18608.53724389098	1200	6.400333259369012	0.0	587876	5810.678596559586	0.92405033	0.75
18610.034227256972	300	8.903349893376824	0.0	143509	1496.9833659921883	0.8192993	-0.6000000000000001
18611.599435306995	300	11.3381418433515	0.0	150616	1565.208050025323	0.89006346	0.3
18613.346888604796	300	13.590688545549662	0.0	165384	1747.4532978018378	1.0145155	0.3
18616.563749641435	750	14.373827508914154	0.0	350713	3216.861036635509	1.0813802	0.3
18618.393018571936	300	16.54455857841272	0.0	157671	1829.2689305014342	1.2330309	-0.15000000000000002
18619.824069517395	300	19.113507632951464	0.0	157812	1431.0509454612566	1.2153971	0.3
18623.270275102375	750	19.667302047972125	0.0	401853	3446.2055849793373	1.3118598	0.3
18626.511266914502	750	20.42631023584656	0.0	343800	3240.9918121255614	1.4030553	0.75
18634.703650870488	1200	16.2339262798622	0.0	587236	8192.383955984362	1.3986084	0.75
18638.75549367141	750	16.182083478939155	0.0	379700	4051.8428009230447	1.2973388	0.3
18643.31119470831	750	15.62638244204043	0.0	425781	4555.701036898726	1.2641207	0.75
18648.77212337695	1200	14.16545377339946	0.0	487160	5460.9286686409705	1.3025166	0.75
18656.84888331167	750	10.088693838678434	0.0	400396	8076.759934721024	1.2770884	0.3
18660.315401733264	300	10.62217541708335	0.0	149029	3466.5184215950853	0.928454	-0.15000000000000002
18667.02433488426	750	7.9132422660875585	0.0	358218	6708.933150995792	0.86954623	0.3
18670.295050658817	750	8.642526491530555	0.0	400322	3270.7157745570044	0.502868	0.75
18672.85511705142	750	10.082460098930099	0.0	369834	2560.0663926004545	0.8368486	0.75
18677.61602913825	750	9.321548012095269	0.0	412837	4760.912086834831	1.0478985	0.75
18678.864678519098	300	12.072898631251443	0.0	179328	1248.6493808438274	0.89902854	-0.15000000000000002
18681.382107306097	750	13.555469844249233	0.0	365161	2517.42878700221	1.0824302	0.3
18683.309317480005	750	15.628259670339354	0.0	321064	1927.2101739098791	1.301012	0.75
18685.396091915944	750	17.541485234403208	0.0	361565	2086.774435936146	1.3822569	0.75
18689.16027855607	1200	17.77729859427296	0.0	605884	3764.1866401302477	1.4788138	0.75
18690.45773926173	300	20.479837888616238	0.0	149991	1297.460705656721	1.511654	-0.6000000000000001
18691.460344544037	300	23.477232606305662	0.0	147968	1002.6052823105767	1.4686354	0.3
18692.67115646345	300	26.266420686894527	0.0	161857	1210.8119194111348	1.5198854	0.3
18700.23475250027	1850	22.702824650074174	0.0	886255	7563.5960368203505	1.5464658	0.30000000000000004
18704.195142035645	750	22.742435114698644	0.0	438281	3960.389535375529	1.5615373	-0.3500000000000001
18707.682197684524	750	23.2553794658214	0.0	398987	3487.055648877246	1.5234206	0.75
18710.550887938054	750	24.386689212292378	0.0	393804	2868.6902535290224	1.541912	0.75
18713.11760001847	750	25.8199771318715	0.0	331053	2566.712080420877	1.5846893	0.75
18716.479263880065	750	26.458313270280147	0.0	314107	3361.6638615913516	1.5866145	0.75

