4045.727347139243	750	4.0	2.184991174137217	450283	2184.991174137217	1.5958781	-8.645462048790034
4046.407518507165	300	7.319828632077841	0.0	155580	680.1713679221592	1.0751764	-0.15000000000000002
4048.8076030796224	1200	8.919744059621193	0.0	571051	2400.084572456648	1.1505101	0.29999999999999993
4052.1345720732315	1200	9.592775066011958	0.0	617681	3326.968993609234	1.3502697	1.2
4067.7861859648597	1200	4.0	6.058838825616298	652874	15651.613891628256	1.288499	-24.85300695015008
4070.0604882628886	300	5.725697701970885	0.0	126289	2274.3022980291144	0.094106965	-0.6000000000000001
4071.9590406169564	300	7.827145347902864	0.0	153295	1898.5523540680224	0.36530486	0.3
4073.7105211010303	300	10.075664863829381	0.0	173849	1751.480484073483	0.7731688	0.3
4075.113573850125	300	12.672612114734763	0.0	150710	1403.0527490946192	0.9647683	0.3
4076.6320689271593	300	15.154117037700411	0.0	139105	1518.495077034351	1.0760652	0.3
4078.6384230879316	300	17.147762876927715	0.0	141840	2006.354160772694	1.1348422	0.3
4084.524853199918	750	15.261332764941221	0.0	405134	5886.430111986493	1.1529305	0.3
4087.9173657690903	1200	15.868820195769311	0.0	624282	3392.5125691719095	1.141965	0.75
4091.2443003018448	1200	16.541885663014654	0.0	687371	3326.9345327546544	1.3828974	1.2
4092.025249862541	300	19.76093610231853	0.0	140051	780.9495606961254	1.4114802	-0.6000000000000001
4095.3863133129585	1200	20.399872651901266	0.0	587876	3361.063450417264	1.2930236	0.29999999999999993
4098.938071919603	1200	20.84811404525666	0.0	617242	3551.7586066446047	1.439626	1.2
4101.733254467032	750	22.05293149782825	0.0	372963	2795.1825474284105	1.441979	0.3
4113.136370014839	1850	14.649815950021148	0.0	987708	11403.115547807101	1.3625276	0.75
4115.234135708901	750	16.55205025595858	0.0	350713	2097.7656940625666	1.2663139	-0.3500000000000001
4117.919189394666	1200	17.866996570193834	0.0	601738	2685.053685764745	1.3357894	0.75
4120.621958974695	1200	19.16422699016456	0.0	616206	2702.7695800292754	1.4623888	1.2
4125.570340504225	1850	18.215845460634647	0.0	968026	4948.381529529914	1.4756604	1.2000000000000002
4128.668645353259	1200	19.117540611600642	0.0	536667	3098.3048490340025	1.5091643	0.5499999999999999
4133.145189319673	1850	18.64099664518781	0.0	897976	4476.543966412833	1.4450507	1.2000000000000002
4137.013507436332	1850	18.772678528529156	0.0	905935	3868.3181166586564	1.5276794	1.85
4139.910235303842	1200	19.875950661019093	0.0	696376	2896.7278675100606	1.556631	0.5499999999999999
4143.428815100784	1850	20.357370864076557	0.0	758197	3518.5797969425375	1.501899	1.2000000000000002
4148.165927890355	1850	19.62025807450519	0.0	972798	4737.112789571364	1.5811558	1.85
4148.945325375742	300	22.840860589117945	0.0	149029	779.3974853872505	1.5518023	-1.25
4149.744737331518	300	26.04144863334156	0.0	157421	799.4119557763827	1.3738235	0.3
4153.44300129298	1850	26.343184671880813	0.0	954453	3698.2639614607483	1.4087466	0.30000000000000004
4157.649164174086	2850	26.13702179077451	0.0	1358081	4206.162881106304	1.6735196	1.85
4167.064512416081	4300	20.72167354877926	0.0	2286761	9415.348241995247	1.1447828	2.8499999999999996
4174.29845241255	4300	17.487733552308846	0.0	2307787	7233.939996470412	1.0569144	4.3
4183.083123035272	4300	12.70306292958716	0.0	2143948	8784.670622721687	0.829026	4.3
4187.835613694737	2850	11.950572270122978	0.0	1139291	4752.490659464183	1.382253	1.4000000000000001
4189.155580483113	750	14.630605481746727	0.0	361565	1319.9667883762497	1.6264656	-1.35
4191.578836068113	1200	16.20734989674661	0.0	605884	2423.2555850001163	1.4849052	0.75
4192.205869626952	300	19.580316337907192	0.0	149991	627.0335588394189	1.5680861	-0.6000000000000001
4193.419102912925	750	22.367083051934816	0.0	345516	1213.2332859723772	1.4683027	0.3
4194.716199309144	750	25.06998665571535	0.0	384505	1297.096396219465	1.6202881	0.75
4195.932936117428	750	27.853249847432114	0.0	372093	1216.736808283235	1.6676581	0.75
4199.285147679913	1850	28.50103828494679	0.0	973972	3352.211562485326	1.7022616	0.75
4211.176680572821	4300	20.609505392038855	0.0	2124950	11891.532892907933	1.1893141	1.8499999999999996
4221.450156760869	4300	14.336029203990883	0.0	2246506	10273.476188047973	1.0519338	4.3
4241.637446606921	4300	4.0	5.851260642061292	1961140	20187.289846052176	1.0867548	-20.860420760863555
4244.690198171344	750	4.947248435577337	0.0	314107	3052.7515644226633	1.1278961	-2.8

