22374.087688099575	750	4.0	4.594934407378574	450283	4594.934407378574	0.87725013	-19.008217951727868
22375.071150811058	300	7.016537288516239	0.0	155580	983.462711483761	0.5175493	-0.15000000000000002
22376.190985022287	300	9.896703077287517	0.0	139857	1119.8342112287223	0.8505505	0.3
22377.394948592835	300	12.692739506739828	0.0	155432	1203.9635705476885	0.96485865	0.3
22382.593725353447	750	11.493962746126806	0.0	411561	5198.776760613022	1.0814958	0.3
22387.17955596164	1200	10.908132137933304	0.0	520315	4585.8306081935025	1.0769552	0.75
22389.17004818786	300	12.917639911708118	0.0	153295	1990.4922262251857	1.1326939	-0.6000000000000001
22400.832647152387	1200	5.255040947182837	0.0	709534	11662.598964525281	1.0775957	0.29999999999999993
22404.353360420442	300	5.734327679127218	0.0	150710	3520.7132680556183	0.6255942	-0.6000000000000001
22406.926593088523	300	7.161095011047446	0.0	139105	2573.232668079772	0.6138623	0.3
22408.67694960938	300	9.410738490189468	0.0	141840	1750.3565208579787	0.7410925	0.3
22410.075969096106	300	12.011719003464831	0.0	156148	1399.019486724636	0.8431367	0.3
22413.29420078237	750	12.79348731719959	0.0	386351	3218.2316862652424	1.0209316	0.3
22417.135829202656	750	12.951858896914656	0.0	434409	3841.6284202849324	1.1028032	0.75
22423.605161316318	1200	10.482526783255572	0.0	526950	6469.332113659084	1.1422322	0.75
22427.144466015354	750	10.943222084218732	0.0	366214	3539.3046990368402	1.0902984	0.3
22428.76316740913	300	13.324520690440623	0.0	143509	1618.7013937781091	1.0430946	-0.15000000000000002
22431.00852790801	300	15.079160191567054	0.0	150616	2245.36049887357	1.1023792	0.3
22442.057137675634	750	8.0305504239405	0.0	405596	11048.609767626554	1.1154877	0.3
22452.134589640773	750	4.0	2.0469015411984364	350713	10077.451965138936	0.78211325	-8.051676627153276
22457.08192104914	300	4.0	0.9473314083664218	157671	4947.331408366422	0.05384489	-4.223525055975614
22460.086874132186	300	4.995046916955989	0.0	157812	3004.9530830440112	0.031146176	0.3
22461.502883909867	300	7.579037139276731	0.0	163927	1416.0097776792581	0.045210335	0.3
22464.207127150465	750	8.874793898676886	0.0	343800	2704.243240599846	0.67464936	0.3
22469.151908295047	1200	7.930012754094886	0.0	587236	4944.781144582	0.9064867	0.75
22471.922614421677	300	9.159306627463561	0.0	153938	2770.706126631325	0.8717953	-0.6000000000000001
22474.11102470883	300	10.970896340310558	0.0	181901	2188.4102871530013	0.72788286	0.3
22474.949966565382	300	14.131954483758426	0.0	111155	838.9418565521339	0.94277984	0.3
22478.973604762294	1200	14.108316286846271	0.0	622896	4023.638196912154	1.1411598	0.29999999999999993
22480.083425866662	300	16.99849518247779	0.0	149029	1109.821104368482	1.3550591	-0.6000000000000001
22482.495722677533	750	18.586198371609537	0.0	358218	2412.29681086825	1.328832	0.3
22486.466342477866	1200	18.61557857127484	0.0	620283	3970.6198003347017	1.4202478	0.75
22487.422274550132	300	21.659646499007174	0.0	143881	955.9320722676641	1.494014	-0.6000000000000001
22490.271145568993	750	22.81077548014759	0.0	412837	2848.871018859585	1.4476793	0.3
22496.59667738812	1850	20.485243661021492	0.0	1026056	6325.531819126097	1.5006155	0.75
22501.86860693201	1850	19.213314117133034	0.0	943942	5271.92954388846	1.5547239	1.85
22506.960511239035	1850	18.121409810110265	0.0	728962	5091.904307022773	1.5893868	1.85
22509.560750439334	750	19.521170609807463	0.0	361565	2600.2392003027985	1.5437158	-0.3500000000000001
22510.541947727328	300	22.539973321814227	0.0	144254	981.1972879932358	1.499237	-0.15000000000000002
22516.42801796106	1850	20.653903088078224	0.0	930577	5886.070233736006	1.5074508	0.30000000000000004
22520.109362630956	1200	20.972558418183645	0.0	566904	3681.3446698945786	1.5616324	0.5499999999999999
22526.610971579245	1850	18.47094946989172	0.0	1025005	6501.608948291922	1.5448835	1.2000000000000002
22534.77977514852	2850	14.30214590061875	0.0	1343002	8168.803569272973	1.5597068	1.85
22541.190524452835	1850	11.891396596301323	0.0	973972	6410.749304317427	1.5144372	0.8500000000000001
22546.061514401412	1200	11.020406647722952	0.0	630203	4870.989948578372	1.4617789	0.5499999999999999
22549.94551760147	1200	11.136403447663321	0.0	638661	3884.00320005963	1.3270031	1.2
22550.707146855697	300	14.374774193437473	0.0	137507	761.6292542258467	1.3832111	-0.6000000000000001
22554.08590229756	1200	14.996018751572942	0.0	550906	3378.755441864532	1.3872523	0.29999999999999993

