8944.40507211964	750	4.0	3.9127276647253035	450283	3912.7276647253034	0.43185142	-16.074728958318804
8947.656682505505	750	4.748389614134752	0.0	398865	3251.610385865248	0.6705991	0.75
8950.000781352279	750	6.40429076736068	0.0	350812	2344.0988467740713	0.81523055	0.75
8953.772358880979	1200	6.632713238662418	0.0	617681	3771.5775286982625	1.0498537	0.75
8957.583807620067	750	6.821264499573097	0.0	411561	3811.448739089321	1.1500025	0.3
8960.762165440856	750	7.642906678785607	0.0	318564	3178.35782078749	0.97118556	0.75
8967.42366459819	1200	4.981407521451087	0.0	561791	6661.4991573345205	0.99132806	0.75
8968.658274001322	300	7.74679811831809	0.0	173849	1234.609403132997	0.6120436	-0.6000000000000001
8970.950932325739	750	9.454139793900977	0.0	374758	2292.658324417114	0.92491204	0.3
8974.278379172218	1200	10.126692947423177	0.0	560821	3327.4468464778006	1.1303277	0.75
8977.844325258064	1200	10.560746861577476	0.0	607410	3565.9460858457005	1.2511411	1.2
8982.97603053616	1850	9.429041583480586	0.0	917428	5131.70527809689	1.2568959	1.2000000000000002
8986.952294671382	1200	9.452777448257132	0.0	624282	3976.264135223455	1.3236378	0.5499999999999999
8990.3227673078	750	10.082304811840874	0.0	434409	3370.4726364162557	1.2071819	0.3
8991.596477788604	300	12.80859433103787	0.0	140051	1273.7104808030047	1.0987381	-0.15000000000000002
8995.257898605045	750	13.147173514595666	0.0	366214	3661.420816442203	1.1028291	0.3
8997.431082140873	300	14.97398997876837	0.0	143509	2173.183535827294	1.1805545	-0.15000000000000002
9002.246888904127	750	14.158183215513901	0.0	372963	4815.806763254471	1.114899	0.3
9003.592958907495	300	16.81211321214614	0.0	165384	1346.0700033677626	1.1711382	-0.15000000000000002
9005.00175851476	300	19.403313604879898	0.0	140881	1408.7996072662424	1.2127529	0.3
9012.693380779465	1200	15.71169134017465	0.0	601738	7691.622264705248	1.2355328	0.29999999999999993
9018.19378115676	1200	14.211290962880444	0.0	616206	5500.400377294205	1.2584711	1.2
9021.692697634115	750	14.712374485526281	0.0	401853	3498.916477354164	1.2893007	0.3
9022.937339496038	300	17.46773262360061	0.0	137654	1244.6418619256679	1.2446898	-0.15000000000000002
9026.121261332397	750	18.28381078724393	0.0	359903	3183.921836356681	1.2262102	0.3
9032.672399120918	1200	15.73267299872304	0.0	590335	6551.13778852089	1.3134463	0.75
9041.31985458824	750	11.085217531401044	0.0	425781	8647.455467321995	1.2914493	0.3
9043.32049178423	300	13.084580335411118	0.0	111155	2000.637195989926	0.96676403	-0.15000000000000002
9046.45502915052	300	13.950042969121949	0.0	153605	3134.537366289169	1.0398707	0.3
9050.348958876824	300	14.056113242816918	0.0	149029	3893.9297263050294	1.0571605	0.3
9063.48149143677	1200	4.92358068287007	0.0	570392	13132.532559946849	1.0364561	0.29999999999999993
9069.126818907916	300	4.0	0.721746788277007	157488	5645.327471147077	0.10054748	-3.70351118959113
9073.94958504504	300	4.0	0.8227661371238318	143881	4822.766137123832	0.019919189	-3.2378943896324768
9076.426056290882	300	5.523528754158803	0.0	163444	2476.471245841197	0.013755525	0.3
9079.337107610047	300	6.612477434993832	0.0	179328	2911.0513191649707	0.09278905	0.3
9081.508277891393	300	8.441307153646948	0.0	159914	2171.1702813468846	0.20919229	0.3
9082.94990795575	300	10.999677089289005	0.0	131610	1441.630064357942	0.49376974	0.3
9084.161970351228	300	13.787614693811914	0.0	124011	1212.062395477091	0.95752865	0.3
9085.414715493122	300	16.5348695519178	0.0	144254	1252.7451418941143	1.0980666	0.3
9090.475249004265	1200	15.474336040774999	0.0	587506	5060.533511142801	1.2216297	0.29999999999999993
9092.309035640492	300	17.640549404548857	0.0	147968	1833.7866362261436	1.3746256	-0.6000000000000001
9094.12574212153	300	19.8238429235098	0.0	161857	1816.7064810390543	1.253872	0.3
9102.857999710608	750	15.091585334433066	0.0	372093	8732.257589076735	1.32207	0.3
9115.133786362474	750	6.815798682566912	0.0	438281	12275.786651866154	1.1492438	0.75
9120.641055130216	300	5.3085299148261305	0.0	167025	5507.268767740782	0.16303866	-0.15000000000000002
9125.035861506001	300	4.913723539039985	0.0	160064	4394.806375786145	0.06366508	0.3
9128.906321131557	300	5.0432639134839174	0.0	137507	3870.4596255560687	0.05860556	0.3
9131.555379928466	300	6.3942051165753675	0.0	118421	2649.0587969085504	0.06148935	0.3

