15858.379969575422	750	4.0	4.751626329382562	450283	4751.626329382562	1.4250844	-19.681993216345017
15862.3117563785	750	4.068213196921591	0.0	398865	3931.786803078409	0.53913605	0.75
15863.560233316663	300	6.819736258759301	0.0	139857	1248.4769381622905	0.5416246	-0.15000000000000002
15864.89223196724	300	9.487737608181414	0.0	155432	1331.9986505778852	0.891168	0.3
15869.774283669447	1200	8.605685905975239	0.0	652874	4882.051702206175	1.0247246	0.29999999999999993
15875.45922625754	1200	6.920743317882738	0.0	520315	5684.942588092501	1.172455	1.2
15877.715868328381	300	8.664101247042131	0.0	153295	2256.6420708406054	1.0273546	-0.6000000000000001
15880.261973262895	300	10.117996312528623	0.0	173849	2546.104934513508	0.8807149	0.3
15882.39336500816	300	11.98660456726227	0.0	150710	2131.3917452663527	0.92943573	0.3
15884.152464578965	300	14.227504996456208	0.0	139105	1759.0995708060632	1.0137148	0.3
15885.378698599367	300	17.001270976056308	0.0	141840	1226.2340203998974	1.1092867	0.3
15889.185298093726	1200	17.19467148169696	0.0	594078	3806.5994943593482	1.2030573	0.29999999999999993
15899.028372577428	1850	11.351596997993518	0.0	946851	9843.074483703444	1.3765901	1.2000000000000002
15902.86859936226	750	11.511370213163366	0.0	434409	3840.226784830152	1.2109073	-0.3500000000000001
15906.187280453785	750	12.192689121639617	0.0	337059	3318.6810915237475	1.1354854	0.75
15909.918888224449	750	12.46108135097546	0.0	366214	3731.607770664157	1.1597874	0.75
15911.318157381069	300	15.061812194356056	0.0	143509	1399.2691566194037	1.1599399	-0.15000000000000002
15916.819825102475	1200	13.56014447294957	0.0	581493	5501.667721406486	1.1754719	0.29999999999999993
15922.31656102935	1200	12.063408546073461	0.0	639204	5496.735926876109	1.2744281	1.2
15927.079258508667	1200	11.300711066756897	0.0	586839	4762.6974793165655	1.2419782	1.2
15928.601249015594	300	13.778720559830251	0.0	157671	1521.9905069266442	1.2242873	-0.6000000000000001
15930.294807945442	300	16.085161629981783	0.0	157812	1693.5589298484672	1.129439	0.3
15931.930339542052	300	18.44963003337116	0.0	163927	1635.5315966106234	1.1818562	0.3
15933.241712869452	300	21.13825670596996	0.0	137654	1311.3733274012009	1.2260116	0.3
15938.690380532342	1200	19.68958904308192	0.0	587236	5448.667662888043	1.2715576	0.29999999999999993
15947.057858467175	750	15.322111108248508	0.0	379700	8367.477934833412	1.3822137	0.3
15953.094517090824	300	13.285452484600116	0.0	181901	6036.658623648394	1.1094563	-0.15000000000000002
15956.111746107252	300	14.268223468171277	0.0	111155	3017.229016428839	0.96536154	0.3
15959.312064937383	300	15.067904638041346	0.0	153605	3200.3188301299315	1.0518569	0.3
15964.473614752178	750	13.906354823247955	0.0	400508	5161.54981479339	1.093004	0.3
15970.812039981776	750	11.567929593648511	0.0	358218	6338.425229599446	1.1651071	0.75
15974.032675858958	300	12.347293716467066	0.0	157488	3220.6358771814453	1.0378664	-0.15000000000000002
15976.547165172258	300	13.832804403165577	0.0	143881	2514.489313301489	0.9949844	0.3
15978.783544458829	300	15.596425116595384	0.0	163444	2236.3792865701926	1.0701882	0.3
15989.423985327187	1200	8.955984248238614	0.0	690253	10640.44086835677	1.1531541	0.29999999999999993
15992.579400703813	300	9.800568871611041	0.0	159914	3155.415376627572	0.83398837	-0.6000000000000001
15994.455399895818	300	11.924569679606748	0.0	131610	1875.9991920042935	0.7933103	0.3
15995.63553345436	300	14.744436121065432	0.0	124011	1180.1335585413156	1.041092	0.3
16000.910599051957	1200	13.469370523469598	0.0	605884	5275.065597595834	1.2032678	0.29999999999999993
16009.210581404184	1850	9.169388171240092	0.0	930577	8299.982352229505	1.3259315	1.2000000000000002
16012.867540965022	750	9.512428610402146	0.0	345516	3656.9595608379464	1.2256969	-0.3500000000000001
16015.785414289523	750	10.5945552859024	0.0	384505	2917.873324499746	1.09027	0.75
16017.080758838067	300	13.29921073735929	0.0	145210	1295.3445485431105	1.1794391	-0.15000000000000002
16021.43768995962	750	12.942279615806275	0.0	438281	4356.931121553015	1.2025529	0.3
16028.178548277616	1200	10.201421297808697	0.0	630203	6740.858317997578	1.2463368	0.75
16033.995155650799	1200	8.384813924627663	0.0	638661	5816.607373181034	1.1794238	1.2
16037.906122344279	750	8.473847231148687	0.0	331053	3910.966693478974	1.1484263	0.3
16041.291744155706	750	9.08822541972197	0.0	314107	3385.621811426718	1.0555019	0.75

