12353.627431351404	750	4.0	4.2446647119615655	450283	4244.664711961565	0.43609014	-17.50205826143473
12355.042219484938	300	6.5852118664659365	0.0	155580	1414.7881335340633	0.61352307	-0.15000000000000002
12356.30591081728	300	9.321520534123353	0.0	139857	1263.6913323425845	0.9449728	0.3
12357.683823365129	300	11.94360798627423	0.0	155432	1377.9125478491217	1.0438623	0.3
12364.89431678745	1850	8.73311456395386	0.0	996749	7210.493422320369	1.1148194	0.30000000000000004
12369.033933996154	1200	8.593497355249418	0.0	520315	4139.617208704442	1.2690868	0.5499999999999999
12371.521279263618	750	10.106152087786631	0.0	352642	2487.3452674627883	1.1715695	0.3
12375.00932150258	750	10.618109848823401	0.0	437162	3488.0422389632295	1.1477578	0.75
12378.91009756833	750	10.71733378307338	0.0	374758	3900.7760657500226	1.1226848	0.75
12381.80129022376	750	11.82614112764435	0.0	362795	2891.1926554290303	1.0915822	0.75
12387.097713791138	1200	10.529717560267846	0.0	607410	5296.423567376505	1.1799146	0.75
12390.442634410345	750	11.184796941061668	0.0	405134	3344.920619206178	1.1921415	0.3
12391.811225214955	300	13.81620613645195	0.0	160746	1368.590804609719	1.13563	-0.15000000000000002
12397.139105101658	1200	12.488326249748388	0.0	687371	5327.879886703559	1.1436999	0.29999999999999993
12398.005679376864	300	15.621751974543157	0.0	140051	866.5742752052311	1.2673781	-0.6000000000000001
12398.870218623382	300	18.757212728023216	0.0	138313	864.5392465199405	1.2230676	0.3
12399.749436506132	300	21.877994845274	0.0	143509	879.2178827492166	1.2675012	0.3
12405.908037111998	1850	19.719394239408025	0.0	885714	6158.600605865972	1.3041006	0.30000000000000004
12413.470184773927	1850	16.15724657747837	0.0	987708	7562.147661929654	1.4707212	1.85
12416.378658639303	750	17.24877271210205	0.0	350713	2908.4738653763216	1.3949367	-0.3500000000000001
12417.878577391675	300	19.74885395973135	0.0	157671	1499.918752370701	1.300195	-0.15000000000000002
12423.119168758056	1200	18.50826259335065	0.0	616206	5240.591366380702	1.2524127	0.29999999999999993
12432.053676739682	1850	13.573754611722675	0.0	968026	8934.507981627974	1.3766731	1.2000000000000002
12438.634686970297	1200	10.99274438110799	0.0	536667	6581.0102306146855	1.3137918	0.5499999999999999
12450.485150679478	1200	4.0	0.8577193280726242	587236	11850.463709180614	1.1463246	-2.4881931107122837
12453.202373037064	300	5.282777642413575	0.0	153938	2717.222357586424	0.11846183	-0.6000000000000001
12455.900314502698	300	6.584836176781135	0.0	181901	2697.94146563244	0.22320169	0.3
12457.53135765383	300	8.953793025647617	0.0	111155	1631.0431511335184	0.35912758	0.3
12460.36057810858	300	10.12457257089662	0.0	153605	2829.220454750997	0.7404811	0.3
12464.903129702383	750	9.582020977093972	0.0	400508	4542.551593802648	0.78777415	0.3
12466.265798100158	300	12.219352579321377	0.0	157421	1362.6683977725947	0.9711176	-0.15000000000000002
12467.438479294782	300	15.046671384695639	0.0	157488	1172.6811946257385	1.0504273	0.3
12471.831933511374	1200	14.65321716810326	0.0	584349	4393.454216592378	1.1643908	0.29999999999999993
12473.208202215566	300	17.276948463910976	0.0	163444	1376.2687041922854	1.3337853	-0.6000000000000001
12477.62104758632	1200	16.86410309315762	0.0	690253	4412.8453707533545	1.2339901	0.29999999999999993
12484.065660891656	1850	14.41948978782133	0.0	943942	6444.61330533629	1.4224347	1.2000000000000002
12487.468438032742	1200	15.016712646734158	0.0	487812	3402.7771410871724	1.4428242	0.5499999999999999
12489.884548531609	750	16.600602147867964	0.0	361565	2416.1104988661937	1.407857	0.3
12492.474583259282	750	18.010567420195688	0.0	378327	2590.03472767228	1.3808925	0.75
12495.08020552277	750	19.40494515670599	0.0	390680	2605.6222634897003	1.4113812	0.75
12496.302887789961	300	22.182262889515478	0.0	147968	1222.6822671905115	1.4483994	-0.15000000000000002
12500.443232133503	750	22.041918545974042	0.0	384505	4140.344343541436	1.3927625	0.3
12509.248420702841	1850	17.236729976634503	0.0	886255	8805.188569339538	1.4458884	0.75
12514.05377795539	1200	16.431372724084678	0.0	634861	4805.357252549824	1.4699299	0.5499999999999999
12515.664666512104	300	18.820484167370992	0.0	167025	1610.8885567136858	1.4783895	-0.6000000000000001
12517.555067959574	300	20.930082719898856	0.0	160064	1890.401447472138	1.3711356	0.3
12519.074501174175	300	23.41064950529972	0.0	137507	1519.4332145991364	1.3951821	0.3
12528.56328537484	1850	17.92186530463567	0.0	846370	9488.784200664048	1.4507929	0.30000000000000004

