15306.381447144995	750	4.0	4.277909780182569	450283	4277.909780182569	1.4013952	-17.64501205478505
15307.63043344511	300	6.75101369988408	0.0	155580	1248.98630011592	0.6081176	-0.15000000000000002
15311.478714020786	750	6.902733124208192	0.0	350812	3848.280575675888	0.98343474	0.3
15312.964995235638	300	9.416451909358905	0.0	155432	1486.2812148492887	0.98401713	-0.15000000000000002
15316.226625445528	750	10.154821699467503	0.0	411561	3261.630209891402	1.0096232	0.3
15319.760256135143	1200	10.621191009852131	0.0	520315	3533.6306896153715	1.1404243	0.75
15321.301748075366	750	13.079699069628813	0.0	352642	1541.4919402233197	1.2597896	0.3
15322.18119411413	300	16.200253030864783	0.0	173849	879.4460387640294	1.3101131	-0.15000000000000002
15325.657602684198	1850	16.723844460796812	0.0	852833	3476.408570067972	1.2448716	0.30000000000000004
15332.55117903967	2850	13.830268105325134	0.0	1429765	6893.576355471678	1.5138105	1.85
15335.237514162636	1200	15.143932982360136	0.0	607410	2686.335122964998	1.5114479	-0.44999999999999996
15338.978991334618	1850	15.40245581037897	0.0	917428	3741.477171981165	1.4069647	1.2000000000000002
15341.903030684494	1200	16.478416460502565	0.0	624282	2924.0393498764047	1.4946582	0.5499999999999999
15342.760984366063	300	19.620462778932634	0.0	179801	857.9536815699329	1.4169167	-0.6000000000000001
15344.079530028783	750	22.30191711621348	0.0	337059	1318.5456627191516	1.3164036	0.3
15345.656903398965	750	24.72454374603175	0.0	366214	1577.3733701817325	1.4395819	0.75
15348.099813729532	1200	26.281633415463915	0.0	617242	2442.910330567833	1.4438668	0.75
15349.483059563814	750	28.898387581182014	0.0	372963	1383.2458342819	1.5370638	0.3
15350.856235734233	750	31.52521141076477	0.0	405596	1373.1761704172447	1.4971831	0.75
15354.596327219557	1850	31.785119925438952	0.0	923755	3740.0914853258187	1.5338796	0.75
15357.31039808214	1200	33.07104906285733	0.0	601738	2714.070862581628	1.6790568	0.5499999999999999
15359.560720470263	1200	34.82072667473383	0.0	616206	2250.322388123496	1.5982007	1.2
15365.22308667194	2850	33.15836047305636	0.0	1505760	5662.366201677469	1.6588843	1.2000000000000002
15371.026569996899	4300	31.354877148098616	0.0	2044075	5803.483324957744	1.1886952	2.8499999999999996
15378.272884918793	4300	28.108562226203013	0.0	2186790	7246.314921895607	0.47170302	4.3
15385.27148483235	4300	25.10996231264718	0.0	2105231	6998.5999135558295	0.5889869	4.3
15392.886942931458	4300	21.494504213539	0.0	2395588	7615.458099108181	0.6342928	4.3
15401.163350206147	4300	17.21809693885101	0.0	1972048	8276.40727468799	0.7512602	4.3
15404.08538509902	1850	18.296062045977205	0.0	972798	2922.0348928738067	1.1874342	-0.6000000000000001
15408.884637979972	2850	17.496809165023123	0.0	1561263	4799.252880954082	1.6460354	1.85
15413.927040089506	2850	16.45440705549172	0.0	1341201	5042.4021095314	1.5153472	2.85
15418.41995165767	2850	15.961495487326271	0.0	1497683	4492.911568165449	1.6019636	2.85
15425.665006051433	4300	12.716441093563338	0.0	2191074	7245.054393762932	1.5558177	2.8499999999999996
15434.829410337665	4300	7.552036807332294	0.0	2286761	9164.404286231045	1.2471226	4.3
15438.400397140678	1850	7.981050004318837	0.0	1026056	3570.986803013456	1.5904974	-0.6000000000000001
15443.678317928776	2850	6.703129216220446	0.0	1439896	5277.920788098391	1.450165	1.85
15451.62322230088	4300	4.0	1.2417751558823094	1919781	7944.904372102755	1.5252175	-2.4896331702939305
15452.893480707855	750	6.7297415930265565	0.0	361565	1270.2584069734442	1.545769	-2.8
15454.183413427521	750	9.439808873360853	0.0	378327	1289.932719665702	1.2441669	0.75
15456.033978538295	1200	11.589243762586563	0.0	587506	1850.5651107742906	1.345314	0.75
15457.040493012273	750	14.582729288607977	0.0	345516	1006.5144739785846	1.5117155	0.3
15462.392905836328	2850	13.230316464552681	0.0	1527299	5352.412824055296	1.5172758	0.75
15466.73317300216	2850	12.89004929872184	0.0	1343002	4340.267165830841	1.5392832	2.85
15473.736474221427	4300	9.886748079454742	0.0	2219102	7003.301219267098	1.4676957	2.8499999999999996
15480.49417732014	4300	7.129044980740499	0.0	2124950	6757.703098714243	1.1609919	4.3
15484.297865559583	2850	7.325356741298835	0.0	1483527	3803.6882394416643	1.3853703	1.4000000000000001
15486.57788358236	1850	9.045338718521709	0.0	830730	2280.0180227771257	1.603345	0.8500000000000001
15487.997446850432	1200	11.625775450451481	0.0	550906	1419.5632680702265	1.6347407	0.5499999999999999

