10248.392259330509	750	4.0	3.3429362672757508	450283	3342.9362672757507	1.6041068	-13.624625949285727
10249.580380987627	300	6.811878342882704	0.0	155580	1188.1216571172963	0.7926259	-0.15000000000000002
10253.964845688766	1200	6.427413641744934	0.0	571051	4384.464701137769	1.0002966	0.29999999999999993
10255.047715836672	300	9.344543493838088	0.0	155432	1082.8701479068473	1.1162168	-0.6000000000000001
10256.310593066324	300	12.081666264187094	0.0	163442	1262.8772296509944	1.0623529	0.3
10258.817697033997	750	13.574562296513792	0.0	318564	2507.103967673301	1.1347244	0.3
10260.953862108066	750	15.438397222445237	0.0	352642	2136.1650740685536	1.2390888	0.75
10263.16243220332	750	17.229827127190255	0.0	437162	2208.5700952549796	1.2979625	0.75
10265.48790936125	750	18.9043499692607	0.0	374758	2325.4771579295557	1.3333755	0.75
10268.192660715902	1200	20.199598614609652	0.0	560821	2704.751354651048	1.329722	0.75
10268.812990117594	300	23.5792692129168	0.0	141840	620.3294016928512	1.4461452	-0.6000000000000001
10270.730348618865	750	25.661910711645607	0.0	405134	1917.3585012711937	1.3536302	0.3
10272.522113181984	750	27.87014614852679	0.0	386351	1791.7645631188159	1.4288175	0.75
10274.459626587615	750	29.932632742896235	0.0	434409	1937.5134056305535	1.447837	0.75
10275.943318293403	750	32.44894103710891	0.0	337059	1483.6917057873272	1.4725733	0.75
10276.519329787374	300	35.87292954313709	0.0	138313	576.0114939718164	1.4953213	-0.15000000000000002
10277.11444251836	300	39.27781681215095	0.0	143509	595.1127309861388	1.460388	0.3
10278.922950302944	750	41.469309027566595	0.0	372963	1808.5077845843568	1.4922414	0.3
10280.928501141501	750	43.46375818900888	0.0	405596	2005.5508385577227	1.5701805	0.75
10286.881734371314	1850	41.51052495919755	0.0	923755	5953.233229811332	1.5945194	0.75
10309.540210580719	4300	22.852048749792125	0.0	2039773	22658.47620940542	1.6981509	1.8499999999999996
10323.862224332119	1850	12.530034998393424	0.0	955231	14322.013751398701	1.4102688	-0.6000000000000001
10326.279969131569	750	14.112290198942603	0.0	401853	2417.7447994508193	1.1409509	-0.3500000000000001
10328.44844411816	750	15.9438152123529	0.0	343800	2168.474986589702	1.3066614	0.75
10330.714979251154	750	17.67728007935742	0.0	359903	2266.535132995477	1.3426186	0.75
10333.190314029313	750	19.20194530119921	0.0	379700	2475.3347781582106	1.3617586	0.75
10336.104740051222	750	20.287519279289885	0.0	425781	2914.426021909323	1.3727558	0.75
10342.383128275216	2850	18.009131055294613	0.0	1141971	6278.388223995273	1.3803427	0.75
10344.445025688054	750	19.947233642455807	0.0	400396	2061.8974128388063	1.6105895	-1.35
10347.200533580592	1200	21.19172574991826	0.0	641447	2755.507892537547	1.4052151	0.75
10347.910095729854	300	24.482163600655824	0.0	157421	709.5621492624383	1.5200489	-0.6000000000000001
10350.945482014225	1200	25.44677731628427	0.0	620283	3035.3862843715538	1.4091812	0.29999999999999993
10353.695039434417	1200	26.697219896093323	0.0	584349	2749.557420190944	1.553916	1.2
10355.624098250997	750	28.768161079513416	0.0	412837	1929.0588165799097	1.5855771	0.3
10360.2135993552	1200	28.17865997530969	0.0	690253	4589.501104203724	1.5432833	0.75
10368.666698786037	1850	23.72556054447298	0.0	943942	8453.099430836706	1.567963	1.2000000000000002
10376.645381210514	1200	19.746878119995753	0.0	487812	7978.682424477227	1.5321823	0.5499999999999999
10389.784831270477	1850	10.60742806003165	0.0	938587	13139.450059964103	1.3676542	1.2000000000000002
10397.43944449972	1200	6.952814830788974	0.0	605884	7654.6132292426755	1.1205374	0.5499999999999999
10398.857176504167	300	9.535082826341204	0.0	149991	1417.7320044477704	0.78234446	-0.6000000000000001
10401.602325775348	750	10.789933555161094	0.0	345516	2745.1492711801106	1.0247575	0.3
10404.600506817174	750	11.79175251333303	0.0	384505	2998.1810418280625	1.1938826	0.75
10405.665856484087	300	14.726402846421616	0.0	145210	1065.3496669114163	1.2480898	-0.15000000000000002
10408.769971486776	750	15.622287843732892	0.0	438281	3104.1150026887244	1.2786703	0.3
10416.1075575017	1850	12.284701828808345	0.0	958994	7337.586014924545	1.3959572	0.75
10421.984453114133	1200	10.40780621637497	0.0	638661	5876.8956124333745	1.4155619	0.5499999999999999
10426.844410649299	750	9.547848681208158	0.0	331053	4859.957535166812	1.2307891	0.3
10429.900949632194	750	10.49130969831386	0.0	314107	3056.538982894299	1.0766996	0.75

