18718.391311928288	750	4.0	1.9120480482224669	450283	1912.0480482224668	1.5468158	-7.471806607356607
18720.24073757008	750	6.150574358208762	0.0	398865	1849.425641791238	0.7743014	0.75
18721.76713118721	750	8.62418074107329	0.0	350812	1526.3936171354708	0.9430434	0.75
18725.249126265513	750	9.142185662770313	0.0	382355	3481.995078302978	1.1124587	0.75
18734.47989346172	1200	4.0	0.0885815334366689	652874	9230.767196206982	1.0589961	0.3690994062223237
18735.443180408885	300	7.036713052838764	0.0	126289	963.286947161236	0.7497345	-0.6000000000000001
18736.539561045596	300	9.940332416128026	0.0	153295	1096.3806367107388	0.8904738	0.3
18738.194521389876	300	12.285372071846407	0.0	173849	1654.9603442816197	1.0533934	0.3
18739.813473768052	300	14.666419693669605	0.0	150710	1618.9523781768014	1.1665443	0.3
18741.53866010187	300	16.941233359851722	0.0	139105	1725.1863338178812	1.2162203	0.3
18745.251084778036	1200	17.228808683681528	0.0	607410	3712.4246761701966	1.2217288	0.29999999999999993
18747.694206688677	750	18.785686773041505	0.0	405134	2443.121910640026	1.4016924	0.3
18748.512052086346	300	21.967841375370874	0.0	160746	817.8453976706307	1.4289126	-0.15000000000000002
18751.792513170756	1200	22.68738029095934	0.0	687371	3280.4610844115346	1.4150866	0.29999999999999993
18766.214878744784	4300	12.265014716931839	0.0	2005399	14422.3655740275	1.534261	1.1999999999999997
18767.96637789638	300	14.513515565335044	0.0	138313	1751.4991515967931	1.4744098	-3.7
18770.274309365264	300	16.205584096448355	0.0	143509	2307.9314688866903	1.2125745	0.3
18772.49333401202	300	17.986559449692937	0.0	150616	2219.024646755417	1.2452388	0.3
18776.8063462591	300	17.67354720261257	0.0	165384	4313.012247080367	1.2221538	0.3
18787.29918880459	1200	11.180704657127102	0.0	586839	10492.84254548547	1.2173941	0.29999999999999993
18788.82112523708	300	13.658768224639443	0.0	157671	1521.9364324876578	1.0049741	-0.6000000000000001
18792.925619913414	1200	13.554273548301165	0.0	616206	4104.494676338279	1.0733182	0.29999999999999993
18794.42312950268	300	16.056763959035266	0.0	163927	1497.509589265897	1.3300331	-0.6000000000000001
18797.74066973365	750	16.73922372806703	0.0	343800	3317.540230968236	1.206637	0.3
18803.386128265407	750	15.093765196307874	0.0	359903	5645.458531759156	1.3009169	0.75
18805.52133371459	300	16.958559747124717	0.0	153938	2135.205449183158	1.1391307	-0.15000000000000002
18807.569453621873	300	18.910439839842965	0.0	181901	2048.1199072817503	1.1691047	0.3
18810.634600175254	750	19.845293286460407	0.0	277716	3065.14655338256	1.3100017	0.3
18811.879501167827	300	22.60039229388694	0.0	153605	1244.9009925734683	1.3730537	-0.15000000000000002
18815.79205279076	1200	22.687840670955453	0.0	641447	3912.551622931488	1.400298	0.29999999999999993
18816.428531088575	300	26.05136237313872	0.0	157421	636.4782978167308	1.5110074	-0.6000000000000001
18819.14593647459	1200	27.33395698712336	0.0	620283	2717.4053860153585	1.5088992	0.29999999999999993
18823.52464723306	1850	26.955246228658734	0.0	885062	4378.710758464627	1.6008055	1.2000000000000002
18825.498761955205	750	28.981131506512963	0.0	412837	1974.1147221457697	1.6020699	-0.3500000000000001
18831.38616934031	2850	27.09372412140895	0.0	1492672	5887.40738510401	1.5787544	0.75
18837.61071451791	2850	24.86917894380679	0.0	1439896	6224.545177602163	1.6324149	2.85
18839.67503726665	1200	26.80485619506842	0.0	487812	2064.3227487383715	1.6423597	-0.44999999999999996
18840.29649607225	300	30.183397389470702	0.0	124011	621.4588055977193	1.6254853	-0.6000000000000001
18840.973536617865	300	33.5063568438529	0.0	144254	677.0405456178036	1.5798181	0.3
18845.2776175864	1850	33.2022758753203	0.0	930577	4304.080968532606	1.6070215	0.30000000000000004
18863.681136884126	2850	18.798756577591412	0.0	1339500	18403.519297728883	1.6506695	1.85
18865.994943537044	750	20.484949924673813	0.0	384505	2313.806652917599	1.4682189	-1.35
18869.1078208752	1200	21.372072586517568	0.0	599477	3112.8773381562446	1.5347295	0.75
18874.39775743098	1850	20.082136030739655	0.0	973972	5289.936555777912	1.589132	1.2000000000000002
18881.355912240433	2850	17.123981221282218	0.0	1464921	6958.154809457435	1.5854337	1.85
18885.00184786993	1200	17.478045591782855	0.0	638661	3645.9356294993627	1.5525141	-0.44999999999999996
18889.514622185416	1850	16.96527127629833	0.0	830730	4512.774315484524	1.5118824	1.2000000000000002
18894.19441667591	1850	16.285476785803564	0.0	846370	4679.79449049477	1.5323566	1.85

