24592.507055957096	750	4.0	7.947206251782381	450283	7947.2062517823815	1.3152728	-33.42298688266424
24595.265448481267	300	5.241607475832228	0.0	155580	2758.392524167771	0.20705786	-0.15000000000000002
24598.43249712325	300	6.07455883384848	0.0	139857	3167.048641983749	0.3713987	0.3
24602.958376115734	300	5.548679841364558	0.0	155432	4525.878992483921	0.37576827	0.3
24605.672816135044	300	6.834239822051922	0.0	163442	2714.4400193126367	0.20928752	0.3
24608.214044543507	300	8.293011413587552	0.0	126289	2541.2284084643697	0.4346467	0.3
24615.13445030342	750	5.372605653674265	0.0	352642	6920.405759913287	0.64157224	0.3
24618.700655252927	300	5.806400704168439	0.0	173849	3566.2049495058263	0.22095612	-0.15000000000000002
24622.871243628575	300	5.635812328516641	0.0	150710	4170.588375651798	0.20041953	0.3
24627.19122628445	300	5.315829672644539	0.0	139105	4319.982655872102	0.15267639	0.3
24630.94592986432	300	5.5611260927728505	0.0	141840	3754.7035798716875	0.09149442	0.3
24636.28757572637	300	4.219480230724494	0.0	156148	5341.645862048357	0.11216126	0.3
24640.419929356503	300	4.08712660058794	0.0	160746	4132.353630136554	0.0195577	0.3
24644.394279472934	300	4.112776484159113	0.0	179801	3974.3501164288264	0.017162412	0.3
24646.032960971483	300	6.474094985609705	0.0	140051	1638.6814985494082	0.017099267	0.3
24651.30785333301	750	5.199202624080426	0.0	366214	5274.892361529279	0.28371128	0.3
24654.290525829856	300	6.216530127235374	0.0	143509	2982.6724968450526	0.16133101	-0.15000000000000002
24657.451915572463	300	7.055140384625358	0.0	150616	3161.389742610015	0.18293689	0.3
24660.746244198654	300	7.7608117584355005	0.0	165384	3294.3286261898575	0.24617372	0.3
24663.092584062488	300	9.414471894603693	0.0	140881	2346.3398638318067	0.3297151	0.3
24665.191126057958	300	11.315929899135176	0.0	157671	2098.5419954685185	0.66089344	0.3
24666.880606409024	300	13.626449548068672	0.0	157812	1689.4803510665026	0.95448047	0.3
24668.46431388091	300	16.042742076181092	0.0	163927	1583.7074718875817	1.0757363	0.3
24676.71164858865	1850	11.795407368445264	0.0	874175	8247.334707735827	1.1620308	0.30000000000000004
24681.123972542988	750	11.383083414108782	0.0	359903	4412.323954336483	1.2678816	-0.3500000000000001
24683.341004158156	300	13.166051798941947	0.0	153938	2217.031615166835	1.0750624	-0.15000000000000002
24687.936848197933	750	12.570207759163175	0.0	425781	4595.84403977877	1.052316	0.3
24693.25842890574	750	11.248627051357253	0.0	277716	5321.5807078059215	1.1376704	0.75
24696.193949815486	300	12.313106141611435	0.0	153605	2935.5209097458182	1.0298457	-0.15000000000000002
24697.784390796533	300	14.72266516056623	0.0	149029	1590.4409810452046	0.99794686	0.3
24703.86197870192	1200	12.64507725517847	0.0	570392	6077.587905387761	1.1487831	0.29999999999999993
24709.22099375788	1200	11.286062199216758	0.0	620283	5359.0150559617105	1.22215	1.2
24711.366628801094	300	13.140427156005856	0.0	143881	2145.635043210901	1.2026021	-0.6000000000000001
24714.701227600923	300	13.8058283561767	0.0	163444	3334.598799829157	1.0693508	0.3
24720.134771233028	750	12.37228472406741	0.0	401088	5433.54363210929	1.0549517	0.3
24722.15133684769	300	14.355719109404534	0.0	159914	2016.5656146628753	1.1096616	-0.15000000000000002
24726.06025397417	750	14.446801982927578	0.0	321064	3908.9171264769557	1.14129	0.3
24731.570416748094	1200	12.936639209001667	0.0	575591	5510.162773925911	1.2378157	0.75
24735.75233463618	1200	12.754721320915317	0.0	605884	4181.917888086349	1.2885695	1.2
24736.80968692469	300	15.69736903240306	0.0	149991	1057.3522885122588	1.3531469	-0.6000000000000001
24737.81784033607	300	18.68921562102687	0.0	147968	1008.1534113761837	1.2878225	0.3
24740.86368693374	300	19.643369023360485	0.0	161857	3045.846597666387	1.3589598	0.3
24747.211861376283	750	17.295194580814957	0.0	372093	6348.174442545528	1.2763304	0.3
24757.21586079819	750	11.291195158904838	0.0	438281	10003.999421910119	1.2876223	0.75
24764.942987276903	750	7.5640686801930155	0.0	398987	7727.126478711823	0.911322	0.75
24767.995811946403	300	8.511244010695389	0.0	160064	3052.8246694976256	0.47869465	-0.15000000000000002
24775.53536300349	750	4.971692953604737	0.0	331053	7539.551057090652	0.6794364	0.3
24779.37726917345	300	5.129786783651623	0.0	118421	3841.906169953115	0.1398315	-0.15000000000000002

