22021.41294797131	750	4.0	2.572266498290951	450283	2572.266498290951	1.503555	-10.310745942651089
22022.422018129	300	6.990929842309494	0.0	155580	1009.0701576905071	0.6928356	-0.15000000000000002
22025.07651152726	750	8.336436444049976	0.0	350812	2654.493398259518	0.87676054	0.3
22027.878911420696	300	9.534036550612075	0.0	155432	2802.399893437899	0.97515035	-0.15000000000000002
22031.75329780724	300	9.659650164064088	0.0	163442	3874.386386547989	0.9149343	0.3
22040.95694342949	1200	4.456004541816897	0.0	520315	9203.64562224719	0.9056964	0.29999999999999993
22052.361239831134	1200	4.0	6.9482918598302295	561791	11404.296401647127	0.47639325	-28.677654997269986
22055.964735095877	300	4.396504735255831	0.0	173849	3603.49526474417	0.2749322	-0.6000000000000001
22058.39614803698	300	5.965091794155167	0.0	150710	2431.412941100663	0.25753996	0.3
22060.161993532864	300	8.199246298271438	0.0	139105	1765.8454958837292	0.37271217	0.3
22067.469651403095	1200	4.891588428037832	0.0	607410	7307.657870233606	0.7565809	0.29999999999999993
22069.036609092713	300	7.324630738421185	0.0	156148	1566.9576896166473	0.2189646	-0.6000000000000001
22071.88736982236	750	8.473870008774874	0.0	386351	2850.76072964631	0.49933952	0.3
22074.12698622638	750	10.23425360475541	0.0	434409	2239.6164040194644	0.90353346	0.75
22075.083180903493	300	13.278058927642592	0.0	140051	956.1946771128173	1.11258	-0.15000000000000002
22075.753571519916	300	16.607668311222774	0.0	138313	670.3906164198206	1.2066228	0.3
22076.36404604292	300	19.997193788217803	0.0	143509	610.4745230049723	1.3252659	0.3
22077.118130066032	300	23.243109765102442	0.0	150616	754.0840231153594	1.4086596	0.3
22080.532049611968	1200	23.8291902191677	0.0	639204	3413.9195459347434	1.4564501	0.29999999999999993
22085.403947407645	750	22.957292423491232	0.0	350713	4871.897795676468	1.5350959	0.3
22101.708429198003	1850	10.652810633132226	0.0	891604	16304.481790359005	1.4383634	0.75
22108.73921512973	750	7.622024701403756	0.0	399894	7030.785931728471	1.1479912	-0.3500000000000001
22111.080161041584	300	9.28107878955215	0.0	163927	2340.9459118516056	0.88855267	-0.15000000000000002
22112.85019900916	300	11.511040821972848	0.0	137654	1770.0379675793013	0.94886416	0.3
22114.95671687227	300	13.404522958861389	0.0	146754	2106.5178631114595	0.9939162	0.3
22119.268437343064	750	13.09280248806625	0.0	379700	4311.72047079514	1.0554409	0.3
22120.947150793974	300	15.414089037155964	0.0	181901	1678.713450910285	1.0461068	-0.15000000000000002
22121.812256221103	300	18.548983610023075	0.0	111155	865.1054271328887	1.1261358	0.3
22123.131421592338	300	21.229818238791232	0.0	153605	1319.1653712318425	1.307549	0.3
22124.392419284297	300	23.968820546832315	0.0	149029	1260.9976919589183	1.3742225	0.3
22135.28184523065	1850	17.07939460047579	0.0	873429	10889.425946356523	1.4254669	0.30000000000000004
22138.894737913306	750	17.466501917820192	0.0	400322	3612.892682655598	1.393103	-0.3500000000000001
22141.060711191818	300	19.300528639307043	0.0	143881	2165.9732785131496	1.3418247	-0.15000000000000002
22146.915314422957	1200	17.445925408168602	0.0	670129	5854.603231138439	1.3354769	0.29999999999999993
22149.423329616337	750	18.937910214788435	0.0	401088	2508.0151933801703	1.3980856	0.3
22150.732565175735	300	21.628674655392082	0.0	159914	1309.235559396353	1.4419464	-0.15000000000000002
22152.9046992209	750	23.456540610226774	0.0	321064	2172.134045165307	1.4531612	0.3
22159.59264873133	1850	20.768591099798154	0.0	938587	6687.949510428619	1.494821	0.75
22164.93034662981	1850	19.43089320131313	0.0	908665	5337.697898485024	1.574651	1.85
22167.185809019265	750	21.17543081186159	0.0	390680	2255.462389451539	1.5616276	-0.3500000000000001
22169.188648900512	750	23.172590930611545	0.0	345516	2002.839881250046	1.5416327	0.75
22179.18291119898	1850	17.17832863214781	0.0	1025005	9994.262298463735	1.5682133	0.75
22196.37102193481	1850	4.0	0.009782103684836329	886255	17188.110735832648	1.4939855	1.807936954155204
22198.0577944904	300	6.313227444411002	0.0	172312	1686.772555588998	0.12653379	-1.25
22199.703673609896	300	8.667348324915348	0.0	167025	1645.8791194956532	0.43718633	0.3
22201.12370484873	300	11.24731708608127	0.0	160064	1420.0312388340772	0.88879544	0.3
22203.952843581148	750	12.41817835366843	0.0	331053	2829.1387324128414	1.1086025	0.3
22210.07007356034	750	10.300948374479216	0.0	314107	6117.229979189216	1.2468232	0.75

