20930.563435287688	750	4.0	2.993897582587049	450283	2993.897582587049	1.4008557	-12.12375960512431
20933.087274768317	750	5.4761605193743845	0.0	398865	2523.8394806256156	0.88790524	0.75
20933.71868368894	300	8.844751598748697	0.0	139857	631.4089206256874	1.0539811	-0.15000000000000002
20935.85220265211	1200	10.711232635581965	0.0	617681	2133.518963166733	1.1607255	0.29999999999999993
20938.805498334375	1850	11.757936953315237	0.0	996749	2953.2956822667275	1.3949351	1.2000000000000002
20940.536381184076	1200	14.027054103613956	0.0	520315	1730.8828497012794	1.4973832	0.5499999999999999
20941.676895103836	750	16.886540183855345	0.0	352642	1140.5139197586136	1.4376333	0.3
20943.891326763587	1200	18.672108524101844	0.0	709534	2214.4316597535008	1.3949616	0.75
20946.141655686977	1850	20.42177960071087	0.0	852833	2250.3289233909754	1.4747459	1.2000000000000002
20948.15230313217	1200	22.411132155519315	0.0	560821	2010.6474451915578	1.590075	0.5499999999999999
20948.757085346566	300	25.8063499411239	0.0	141840	604.7822143954097	1.4956813	-0.6000000000000001
20950.244365790677	750	28.319069497012116	0.0	405134	1487.2804441117894	1.3774706	0.3
20952.17264411331	1200	30.39079117437966	0.0	624282	1928.2783226324539	1.4785315	0.75
20953.769717103398	750	32.793718184289	0.0	434409	1597.072990090658	1.5879554	0.3
20956.752926988513	1850	33.810508299176085	0.0	821631	2983.209885112912	1.5215102	0.75
20959.88396459265	1850	34.679470695036606	0.0	923170	3131.037604139482	1.6888487	1.85
20960.489554978816	300	38.07388030886783	0.0	143509	605.5903861687804	1.6890004	-1.25
20961.93013755101	750	40.63329773667531	0.0	372963	1440.5825721925146	1.4896752	0.3
20963.686827554837	750	42.876607732846686	0.0	405596	1756.6900038286249	1.6102453	0.75
20966.177475257056	1200	44.38596003062613	0.0	586839	2490.647702220555	1.6218476	0.75
20967.642449232448	750	46.92098605523767	0.0	386472	1464.9739753884578	1.714814	0.3
20973.63969036831	2850	44.92374491937541	0.0	1468126	5997.241135862266	1.696461	0.75
20981.843750476233	4300	40.71968481145114	0.0	2221506	8204.060107924266	0.784959	2.8499999999999996
20989.715270725195	4300	36.8481645624894	0.0	2044075	7871.520248961739	0.38808775	4.3
20998.901449489043	4300	31.66198579864229	0.0	2186790	9186.17876384711	0.4163246	4.3
21007.461667784664	4300	27.101767503018703	0.0	2105231	8560.21829562359	0.5821072	4.3
21019.866872513394	4300	18.696562774290076	0.0	2395588	12405.204728728626	0.64892185	4.3
21026.500856303774	2850	16.062578983911568	0.0	1141971	6633.98379037851	1.565184	1.4000000000000001
21029.94879294946	1200	16.614642338226705	0.0	622896	3447.9366456848607	1.6081795	-0.44999999999999996
21032.488650801028	750	18.07478448665799	0.0	400508	2539.8578515687136	1.4543748	0.3
21033.58179400536	300	20.981641282326155	0.0	157421	1093.143204331835	1.3836107	-0.15000000000000002
21034.672181654434	300	23.891253633250557	0.0	157488	1090.3876490756024	1.3334024	0.3
21036.379488865998	300	26.183946421688212	0.0	143881	1707.3072115623454	1.3626028	0.3
21038.155710975163	300	28.407724312524884	0.0	163444	1776.2221091633276	1.343829	0.3
21043.555230201633	1200	27.008205086057483	0.0	690253	5399.5192264674015	1.3760234	0.29999999999999993
21045.889588074824	1200	28.67384721286317	0.0	598727	2334.357873194313	1.5254554	1.2
21046.98075380168	750	31.582681486009108	0.0	321064	1091.165726854062	1.6796169	0.3
21049.338981096193	1200	33.22445419149577	0.0	575591	2358.227294513336	1.6671996	0.75
21054.886716353827	2850	31.676718933862297	0.0	1427478	5547.735257633471	1.703723	1.2000000000000002
21064.206480946956	4300	26.356954340734248	0.0	2146120	9319.76459312805	0.710128	2.8499999999999996
21072.253847694752	4300	22.309587592935962	0.0	2108491	8047.366747798285	0.52964973	4.3
21082.25309259074	4300	16.310342696944456	0.0	2184571	9999.244895991505	0.4935114	4.3
21082.849724393312	300	19.7137108943738	0.0	145210	596.6318025706538	0.99323535	-3.7
21086.69506421344	1850	19.868371074245466	0.0	973972	3845.339820128334	1.5320157	0.30000000000000004
21089.323582136385	1200	21.23985315129935	0.0	630203	2628.5179229461164	1.5390747	0.5499999999999999
21091.56806110993	1200	22.995374177753668	0.0	638661	2244.478973545684	1.6836252	1.2
21094.564889501224	1850	23.998545786457854	0.0	830730	2996.828391295813	1.6417832	1.2000000000000002
21102.60957124814	4300	19.953864039542758	0.0	2155012	8044.681746915096	1.1709826	1.8499999999999996

