21818.321037933852	750	4.0	4.838144007766586	450283	4838.144007766587	1.1659929	-20.05401923339632
21819.91187726006	300	6.409160673793575	0.0	155580	1590.8393262064255	0.527673	-0.15000000000000002
21821.115231518554	300	9.205806415296815	0.0	139857	1203.3542584967608	0.8505049	0.3
21824.124500065856	750	10.19653786799697	0.0	382355	3009.2685472998446	1.0445518	0.3
21829.101735214368	1200	9.219302719486004	0.0	652874	4977.235148510964	1.1518832	0.75
21833.51220265428	1200	8.808835279574426	0.0	520315	4410.4674399115775	1.19231	1.2
21835.955637156145	750	10.365400777709727	0.0	352642	2443.4345018647005	1.1629665	0.3
21838.855860734766	750	11.465177199090153	0.0	437162	2900.223578619574	1.1557645	0.75
21840.269732087647	300	14.051305846208555	0.0	150710	1413.8713528815977	1.1869247	-0.15000000000000002
21843.23631195425	750	15.084725979606963	0.0	362795	2966.5798666015917	1.1426797	0.3
21845.57576899885	750	16.745268935003697	0.0	353220	2339.4570446032653	1.2519231	0.75
21852.572040588024	2850	13.748997345827743	0.0	1519951	6996.271589175955	1.3049335	0.75
21855.3117913698	1200	15.00924656405366	0.0	624282	2739.750781774082	1.5276052	-0.44999999999999996
21857.092003312588	750	17.229034621265008	0.0	434409	1780.2119427886514	1.408641	0.3
21858.632880759687	750	19.688157174164843	0.0	337059	1540.8774471001655	1.3826298	0.75
21859.332031969716	300	22.989005964138016	0.0	138313	699.1512100268279	1.393344	-0.15000000000000002
21861.099016964894	750	25.222020968960898	0.0	360831	1766.9849951771193	1.3394805	0.3
21862.820025620444	750	27.501012313412634	0.0	372963	1721.0086555482621	1.4331365	0.75
21866.023884295828	1200	28.29715363802608	0.0	639204	3203.858675386553	1.4579141	0.75
21869.32612861105	1850	28.994909322803448	0.0	923755	3302.2443152226315	1.5237346	1.2000000000000002
21872.52294044981	1850	29.7980974840448	0.0	891604	3196.811838758646	1.6710159	1.85
21879.389468629328	2850	26.931569304524363	0.0	1468126	6866.5281795204355	1.6794816	1.85
21887.913680214435	1850	22.40735771941613	0.0	968026	8524.211585108234	1.6065233	0.8500000000000001
21890.318219242454	1200	24.002818691397312	0.0	536667	2404.539028018819	1.4640514	0.5499999999999999
21891.957333851005	300	26.363704082846738	0.0	146754	1639.1146085505757	1.5384984	-0.6000000000000001
21893.599040866346	300	28.72199706750748	0.0	153938	1641.7070153392544	1.335377	0.3
21897.026341343466	750	29.294696590385307	0.0	425781	3427.3004771221754	1.3572844	0.3
21908.09518743245	4300	22.22585050140347	0.0	1972048	11068.846088981834	1.4501282	0.75
21920.14346580087	4300	14.177572132982556	0.0	2134614	12048.278368420915	1.4443878	4.3
21921.00960737575	750	17.311430558103993	0.0	400508	866.1415748785647	1.5743792	-2.8
21921.40886671268	300	20.912171221169814	0.0	157421	399.2593369341776	1.5075682	-0.15000000000000002
21921.817375387483	300	24.503662546369032	0.0	157488	408.50867480078193	1.4512064	0.3
21922.196464916196	300	28.124573017654093	0.0	143881	379.08952871493955	1.4810691	0.3
21923.656489973495	1200	30.664547960352746	0.0	670129	1460.0250573013477	1.520343	0.29999999999999993
21926.529360745964	2850	31.79167718788596	0.0	1492672	2872.8707724667856	1.6969553	1.2000000000000002
21930.579466992327	4300	31.741570941521957	0.0	2143948	4050.1062463640005	0.61549044	2.8499999999999996
21936.00909433266	4300	30.3119436011862	0.0	1919781	5429.627340335756	0.3576707	4.3
21940.05544161905	4300	30.265596314798252	0.0	2147467	4046.347286387951	0.36978343	4.3
21944.178537570464	4300	30.14250036338294	0.0	2133870	4123.09595141531	0.3491806	4.3
21951.678483828622	4300	26.642554105226914	0.0	2146120	7499.946258156025	0.34401715	4.3
21961.111794995297	4300	21.20924293855269	0.0	2108491	9433.311166674224	0.3834295	4.3
21971.347213175944	4300	14.973824757905735	0.0	2184571	10235.418180646957	0.602165	4.3
21981.391404839458	4300	8.929633094390764	0.0	2121928	10044.19166351497	1.0570642	4.3
21989.97568859297	2850	4.345349340878538	0.0	1587250	8584.283753512227	1.5558925	1.4000000000000001
21994.730188556907	1850	4.0	0.40915062305874655	958994	4754.4999639372845	1.3362234	-0.9093476791526101
21998.10417434214	1200	4.626014214763469	0.0	638661	3373.985785236531	1.2357501	0.5499999999999999
21999.997550694705	750	6.73263786219854	0.0	331053	1893.3763525649294	1.1384912	0.3
22002.167099802115	750	8.56308875478824	0.0	314107	2169.5491074102997	1.1398399	0.75

