1824.6519593663315	750	4.0	2.100206826790785	450283	2100.2068267907853	1.3712038	-8.280889355200376
1825.7146451145195	300	6.937314251812226	0.0	155580	1062.6857481877737	0.75571895	-0.15000000000000002
1826.635146104287	300	10.016813262044606	0.0	139857	920.5009897676201	0.88435966	0.3
1830.0502774808015	1200	10.601681885530096	0.0	617681	3415.1313765145082	1.0212886	0.29999999999999993
1836.1969096223872	2850	8.455049743944512	0.0	1472558	6146.6321415855855	1.202081	1.2000000000000002
1837.6868149927689	750	10.96514437356274	0.0	318564	1489.9053703817724	1.3960155	-1.35
1839.3748605220396	750	13.27709884429188	0.0	352642	1688.0455292708612	1.2648951	0.75
1843.21205241977	1200	13.439906946561594	0.0	709534	3837.1918977302857	1.3171098	0.75
1844.896133346695	750	15.755826019636693	0.0	374758	1684.0809269248994	1.3854697	0.3
1846.4834119987538	750	18.1685473675777	0.0	362795	1587.2786520589939	1.3888246	0.75
1847.8885054619843	750	20.763453904347266	0.0	353220	1405.0934632304338	1.4259052	0.75
1848.4928984813037	300	24.15906088502809	0.0	156148	604.3930193191724	1.4684429	-0.15000000000000002
1850.7140955270822	1200	25.937863839249403	0.0	624282	2221.197045778688	1.4670902	0.29999999999999993
1852.2576659527303	750	28.394293413601076	0.0	434409	1543.5704256483243	1.5562057	0.3
1854.0109207922987	1200	30.641038574032773	0.0	526950	1753.2548395683034	1.5508127	0.75
1857.5916246341772	1850	31.060334732154434	0.0	923170	3580.703841878337	1.5953865	1.2000000000000002
1859.2228477655021	750	33.429111600829465	0.0	360831	1631.223131324969	1.608153	-0.3500000000000001
1861.0524932936685	750	35.599466072663056	0.0	372963	1829.645528166412	1.5722631	0.75
1867.4149964685193	2850	33.236962897812155	0.0	1537156	6362.5031748509	1.5677196	0.75
1870.1576255701427	1200	34.494333796188876	0.0	586839	2742.6291016232803	1.6346011	-0.44999999999999996
1872.929972596026	1200	35.72198677030577	0.0	601738	2772.347025883105	1.6019567	1.2
1875.1109978458335	1200	37.54096152049813	0.0	616206	2181.025249807635	1.5973177	1.2
1876.5091769939756	750	40.14278237235584	0.0	401853	1398.1791481422886	1.6167636	0.3
1880.68079930627	1850	39.97116006006153	0.0	874175	4171.622312294315	1.6264307	0.75
1881.5342650359828	300	43.117694330348876	0.0	146754	853.4657297126521	1.6228867	-1.25
1882.3956645650212	300	46.25629480131046	0.0	153938	861.3995290384102	1.5891745	0.3
1887.8254508134387	1850	44.826508552892854	0.0	1076599	5429.786248417605	1.6098098	0.30000000000000004
1889.510667754803	1200	47.14129161152858	0.0	487160	1685.2169413642775	1.6409603	0.5499999999999999
1890.1140727622594	300	50.53788660407216	0.0	153605	603.405007456417	1.6496379	-0.6000000000000001
1892.1889533912417	1200	52.463005975089764	0.0	641447	2074.880628982398	1.640814	0.29999999999999993
1895.6736101395907	1850	52.978349226740804	0.0	873429	3484.656748348961	1.6622496	1.2000000000000002
1897.5546687704596	750	55.097290595871954	0.0	400322	1881.0586308688403	1.627735	-0.3500000000000001
1898.2262825886203	300	58.42567677771133	0.0	143881	671.6138181606243	1.6573814	-0.15000000000000002
1900.5257142054252	750	59.543225955698574	0.0	412837	1882.4508220127643	1.6653322	0.3
1909.124533291214	2850	54.944406869909855	0.0	1492672	8598.819085788717	1.6769556	0.75
1922.4316414472225	1850	45.63729871390127	0.0	943942	13307.108156008584	1.5216188	0.8500000000000001
1930.222172084333	2850	41.84676807679093	0.0	1139291	7790.530637110339	1.6028167	1.85
1933.3700920286178	1200	42.69884813250608	0.0	575591	3147.9199442848526	1.5881261	-0.44999999999999996
1944.2671324412865	4300	35.8018077198375	0.0	2133870	10897.040412668584	1.6368574	1.1999999999999997
1951.0006113043253	4300	33.068328856798665	0.0	2146120	6733.478863038827	1.3025417	4.3
1954.0781493217473	1850	33.99079083937667	0.0	858450	3077.538017421998	1.169141	-0.6000000000000001
1956.0830264501376	1200	35.985913710986324	0.0	641452	2004.8771283903516	1.6062856	0.5499999999999999
1957.628140440965	750	38.44079972015916	0.0	372093	1545.1139908271603	1.6532252	0.3
1959.5841480195156	1200	40.48479214160832	0.0	634861	1956.0075785508454	1.6757903	0.75
1960.867454148972	750	43.201486012152166	0.0	398987	1283.3061294561583	1.6632221	0.3
1962.7357707170552	750	45.33316944406914	0.0	393804	1868.3165680830236	1.6751175	0.75
1965.9827366900458	1850	46.086203471078335	0.0	830730	3246.9659729908076	1.6884556	0.75
1975.6598624806215	4300	40.409077680502634	0.0	2155012	9677.125790575703	1.5248835	1.8499999999999996

