23110.675329392005	750	4.0	7.862962959107444	450283	7862.962959107444	0.34599352	-33.06074072416201
23112.24065851086	300	6.434670881144126	0.0	155580	1565.3291188558746	0.21302757	-0.15000000000000002
23113.643432526093	300	9.03189686591194	0.0	139857	1402.7740152321862	0.76333076	0.3
23115.53003200861	300	11.1452973833924	0.0	155432	1886.5994825195382	1.007439	0.3
23119.330679691855	750	11.34464970014828	0.0	411561	3800.6476832441217	1.0313334	0.3
23125.6978119208	750	8.977517471201994	0.0	318564	6367.132228946284	1.141924	0.75
23130.078923133344	1200	8.596406258658055	0.0	561791	4381.1112125439395	0.94179	0.75
23134.69871247124	750	7.976616920762471	0.0	437162	4619.789337895584	1.1405987	0.3
23138.708685560534	750	7.966643831466972	0.0	374758	4009.973089295499	0.9619333	0.75
23141.137760708614	300	9.537568683388054	0.0	139105	2429.0751480789177	0.9713241	-0.15000000000000002
23142.260844449298	300	12.414484942707078	0.0	141840	1123.083740680975	0.91385853	0.3
23143.15312455474	300	15.5222048372611	0.0	156148	892.2801054459771	1.1068339	0.3
23143.971782438522	300	18.703546953477662	0.0	160746	818.6578837834368	1.222155	0.3
23148.661477490397	1200	18.0138519016043	0.0	687371	4689.69505187336	1.2751261	0.29999999999999993
23150.893313543485	750	19.78201584851864	0.0	337059	2231.8360530856608	1.3738136	0.3
23152.02242550433	300	22.652903887676153	0.0	138313	1129.1119608424892	1.3344918	-0.15000000000000002
23156.53560690515	1200	22.139722486853877	0.0	617242	4513.181400822275	1.2781204	0.29999999999999993
23159.20709132078	1200	23.46823807122178	0.0	581493	2671.484415632097	1.421844	1.2
23160.789562732167	750	25.885766659835134	0.0	405596	1582.4714113866423	1.4945172	0.3
23161.509250278064	300	29.166079113941144	0.0	140881	719.6875458939908	1.4744393	-0.15000000000000002
23162.368778254488	300	32.306551137517324	0.0	157671	859.5279764238173	1.3992916	0.3
23164.23837155634	750	34.4369578356606	0.0	399894	1869.5933018567248	1.4147186	0.3
23165.81154666502	750	36.8637827269837	0.0	401853	1573.1751086768975	1.5257747	0.75
23168.203792320583	1200	38.471537071419206	0.0	536667	2392.2456555644985	1.5849383	0.75
23170.398095739292	1200	40.27723365270693	0.0	587236	2194.3034187122717	1.66812	1.2
23175.190082563295	1850	39.48524682870634	0.0	905935	4791.986824000598	1.7100501	1.2000000000000002
23177.73297778742	750	40.94235160458238	0.0	425781	2542.8952241239567	1.6851983	-0.3500000000000001
23182.028555969882	1850	40.64677342211925	0.0	758197	4295.578182463124	1.5927619	0.75
23206.218991881124	4300	20.45633751087603	0.0	2134614	24190.43591124322	1.6638325	1.8499999999999996
23210.972021938745	1200	19.70330745325608	0.0	641447	4753.030057619952	1.3710909	-1.9000000000000001
23213.505743896192	1200	21.16958549580867	0.0	570392	2533.72195744741	1.4525099	1.2
23215.92724828302	1200	22.74808110898062	0.0	620283	2421.5043868280472	1.5481949	1.2
23224.546301084123	2850	18.129028307879235	0.0	1358081	8619.052801101385	1.5854127	1.2000000000000002
23232.648805840807	1850	14.026523551197355	0.0	1035329	8102.504756681879	1.587994	0.8500000000000001
23234.05278589193	300	16.622543500071195	0.0	179328	1403.9800511261597	1.3855946	-1.25
23235.266652773666	300	19.40867661833639	0.0	159914	1213.8668817348046	1.2760333	0.3
23238.979964643593	1200	19.695364748410217	0.0	487812	3713.3118699261745	1.3310702	0.29999999999999993
23242.24016236757	750	20.43516702443804	0.0	361565	3260.197723972177	1.4829538	0.3
23244.922718728274	750	21.752610663732895	0.0	378327	2682.5563607051436	1.4083878	0.75
23247.82601019569	750	22.849319196316188	0.0	390680	2903.2914674167073	1.4678764	0.75
23254.050758632806	1850	20.62457075920184	0.0	858450	6224.748437114348	1.4816035	0.75
23264.098842815667	1850	14.576486576339478	0.0	1025005	10048.084182862362	1.5958669	1.85
23267.224666215756	1200	15.450663176251338	0.0	599477	3125.8234000881425	1.3623835	0.5499999999999999
23274.788871549816	2850	11.886457842189989	0.0	1587250	7564.205334061348	1.5311174	1.2000000000000002
23288.45190381293	1200	4.0	1.7765744209264394	630203	13663.032263116429	1.6190135	-8.08927000998369
23290.803244529663	300	5.648659283267294	0.0	160064	2351.3407167327064	0.1863272	-0.6000000000000001
23291.79768106853	300	8.6542227444022	0.0	137507	994.4365388650954	0.3809238	0.3
23293.84854267173	750	10.603361141202026	0.0	314107	2050.861603200173	1.0629914	0.3

