7818.155713033484	750	4.0	2.1451274043719923	450283	2145.1274043719923	1.3571163	-8.474047838799567
7818.722292223822	300	7.433420809663336	0.0	155580	566.5791903366634	1.0808246	-0.15000000000000002
7825.149252784902	1200	5.006460248582435	0.0	571051	6426.960561080901	1.2021761	0.29999999999999993
7829.699558214389	750	4.456154819095905	0.0	382355	4550.305429486531	0.90117335	0.3
7833.110436068151	750	5.045276965333192	0.0	411561	3410.877853762712	0.46907938	0.75
7834.150947490384	300	8.004765543100536	0.0	126289	1040.5114222326551	0.6734986	-0.15000000000000002
7835.379296394824	300	10.77641663866051	0.0	153295	1228.3489044400278	0.9526883	0.3
7839.5256265490925	750	10.630086484392402	0.0	437162	4146.3301542681065	1.045237	0.3
7840.881251165022	300	13.274461868462403	0.0	150710	1355.6246159299983	1.083119	-0.15000000000000002
7845.56480324544	1200	12.590909788043998	0.0	560821	4683.552080418405	1.1083529	0.29999999999999993
7851.114131141509	1200	11.041581891975095	0.0	607410	5549.327896068904	1.2504375	1.2
7852.792714470106	300	13.36299856337771	0.0	156148	1678.5833285973847	1.1815895	-0.6000000000000001
7856.031673722285	750	14.124039311198802	0.0	386351	3238.959252178908	1.0961843	0.3
7864.340530843588	1200	9.81518218989645	0.0	687371	8308.857121302352	1.2306911	0.75
7868.958245530704	1200	9.197467502779611	0.0	526950	4617.714687116838	1.0771135	1.2
7870.115900074571	300	12.039812958912448	0.0	138313	1157.6545438671649	1.1428486	-0.6000000000000001
7871.231265217248	300	14.924447816236263	0.0	143509	1115.3651426761844	1.0959338	0.3
7875.692399523076	1200	14.463313510407524	0.0	581493	4461.134305828738	1.1890564	0.29999999999999993
7880.639258667415	1200	13.516454366069393	0.0	639204	4946.859144338131	1.3218459	1.2
7883.521305264062	750	14.63440776942233	0.0	350713	2882.0465966470615	1.2938066	0.3
7886.658744470513	750	15.496968562972251	0.0	386472	3137.439206450078	1.2482834	0.75
7891.65328044754	1200	14.502432585944945	0.0	616206	4994.535977027307	1.2564137	0.75
7892.98255837044	300	17.173154663045153	0.0	163927	1329.2779228997933	1.3087922	-0.6000000000000001
7895.846330366669	750	18.30938266681653	0.0	343800	2863.771996228626	1.2279469	0.3
7896.967667375345	300	21.18804565814038	0.0	146754	1121.3370086761497	1.3206912	-0.15000000000000002
7900.561144202283	750	21.59456883120263	0.0	379700	3593.476826937748	1.292005	0.3
7902.582467970185	300	23.57324506330063	0.0	181901	2021.3237679019985	1.3452399	-0.15000000000000002
7905.505499372329	750	24.65021366115692	0.0	277716	2923.031402143712	1.2950279	0.3
7907.089553505013	300	27.066159528472603	0.0	153605	1584.0541326843158	1.3803557	-0.15000000000000002
7912.092865461172	1200	26.06284757231343	0.0	641447	5003.311956159173	1.3369857	0.29999999999999993
7914.371448246469	750	27.784264787015537	0.0	358218	2278.58278529789	1.4826393	0.3
7921.3776785165	1850	24.778034516985294	0.0	954453	7006.230270030243	1.4642503	0.75
7926.021614169403	1200	24.134098864082354	0.0	584349	4643.935652902943	1.5493208	0.5499999999999999
7929.108837970438	750	25.046875063048315	0.0	412837	3087.2238010340375	1.4828569	0.3
7930.5411179969515	300	27.614595036533967	0.0	179328	1432.2800265143505	1.4506587	-0.15000000000000002
7935.794968988707	1200	26.360744044778517	0.0	598727	5253.85099175545	1.411452	0.29999999999999993
7939.859044325705	1200	26.296668707780594	0.0	487812	4064.0753369979216	1.5296336	1.2
7950.967087693871	1850	19.18862533961476	0.0	938587	11108.043368165838	1.5542811	1.2000000000000002
7952.814391966048	300	21.34132106743848	0.0	144254	1847.3042721762802	1.402277	-1.25
7954.534230978756	300	23.62148205473103	0.0	149991	1719.8390127074501	1.3425225	0.3
7956.137507084901	300	26.018205948586104	0.0	147968	1603.2761061449278	1.3852317	0.3
7957.7651371391385	300	28.390575894347517	0.0	161857	1627.630054238586	1.4264123	0.3
7959.118953704453	300	31.036759329033064	0.0	145210	1353.816565314452	1.4670124	0.3
7960.977262649687	300	33.17845038379904	0.0	172312	1858.3089452340216	1.5090669	0.3
7965.417282941625	750	32.73843009186113	0.0	398987	4440.020291937907	1.5314089	0.3
7978.272831065626	1850	23.882881967860122	0.0	982064	12855.548124001014	1.6123786	0.75
8016.547037852889	2850	4.0	14.391324819402719	1231456	38274.20678726284	1.4888555	-60.03269672343169
8019.914319290554	300	4.632718562334956	0.0	118421	3367.2814376650435	0.023489695	-2.25

