9691.194264888309	750	4.0	4.39150033291431	450283	4391.50033291431	1.0079165	-18.133451431531533
9692.58024464486	300	6.61402024344835	0.0	155580	1385.979756551649	0.59052694	-0.15000000000000002
9695.501202798594	750	7.69306208971392	0.0	350812	2920.958153734431	0.95094764	0.3
9696.578133598761	300	10.61613128954546	0.0	155432	1076.9308001684594	1.0724058	-0.15000000000000002
9700.839330141018	1200	10.354934747289185	0.0	652874	4261.196542256275	1.1021833	0.29999999999999993
9706.211588664393	1850	8.982676223912899	0.0	801058	5372.258523376288	1.2612784	1.2000000000000002
9707.20775729341	300	11.98650759489657	0.0	153295	996.1686290163261	1.3034128	-1.25
9710.33770689122	750	12.856557997087563	0.0	437162	3129.949597809009	1.1372931	0.3
9711.365856814959	300	15.828408073349083	0.0	150710	1028.1499237384796	1.216299	-0.15000000000000002
9712.363721503672	300	18.830543384633938	0.0	139105	997.8646887151465	1.209474	0.3
9716.466507696723	1200	18.727757191584068	0.0	607410	4102.786193049871	1.2489662	0.29999999999999993
9717.420825436695	300	21.773439451612518	0.0	156148	954.3177399715503	1.3893533	-0.6000000000000001
9718.319562617704	300	24.874702270602917	0.0	160746	898.7371810096012	1.2968198	0.3
9719.310074241686	300	27.884190646621043	0.0	179801	990.511623981873	1.3349097	0.3
9722.515246999506	1200	28.67901788880166	0.0	526950	3205.172757819383	1.3672299	0.29999999999999993
9723.473066717082	300	31.7211981712256	0.0	138313	957.8197175760627	1.4916544	-0.6000000000000001
9724.460855818435	300	34.73340906987349	0.0	143509	987.7891013521124	1.3780752	0.3
9727.067853461753	750	36.12641142655474	0.0	372963	2606.9976433187444	1.4008193	0.3
9728.109690587331	300	39.0845743009786	0.0	165384	1041.8371255761376	1.474799	-0.15000000000000002
9730.310946518013	750	40.883318370295754	0.0	350713	2201.255930682849	1.4461691	0.3
9731.524525423676	300	43.66973946463405	0.0	157671	1213.578905661705	1.5377935	-0.15000000000000002
9737.992141155743	1850	41.20212373256797	0.0	955231	6467.615732066075	1.4731442	0.30000000000000004
9749.85884668534	2850	33.335418202968796	0.0	1505760	11866.705529599178	1.6946689	1.85
9764.245462852743	4300	22.948802035567592	0.0	2044075	14386.616167401206	1.6411275	2.8499999999999996
9781.008187505779	2850	10.186077382532924	0.0	1383735	16762.724653034667	1.6016794	1.4000000000000001
9788.661825522848	750	6.5324393654642146	0.0	379700	7653.638017068709	1.1647341	-1.35
9792.11323185661	300	7.081033031700877	0.0	181901	3451.4063337633365	0.4258991	-0.15000000000000002
9796.690202943044	750	6.50406194526854	0.0	277716	4576.971086432338	0.43504706	0.3
9798.196243799206	300	8.998021089106887	0.0	153605	1506.0408561616528	0.50034964	-0.15000000000000002
9799.774091877578	300	11.420173010735024	0.0	149029	1577.848078371864	0.91340107	0.3
9801.08279489089	300	14.111469997422484	0.0	157421	1308.7030133125395	1.0204458	0.3
9802.376654060135	300	16.817610828177564	0.0	157488	1293.859169244921	1.1441756	0.3
9807.602275259991	1200	15.591989628322809	0.0	584349	5225.621199854756	1.1992472	0.29999999999999993
9813.490217433766	1200	13.704047454547172	0.0	670129	5887.942173775637	1.3148626	1.2
9819.797493414906	1200	11.396771473406744	0.0	690253	6307.275981140427	1.2754734	1.2
9822.06058706339	300	13.133677824923172	0.0	159914	2263.093648483574	1.1924717	-0.6000000000000001
9823.312286841448	300	15.881978046866466	0.0	131610	1251.6997780567049	1.0894732	0.3
9824.62362110709	300	18.570643781225222	0.0	124011	1311.3342656412435	1.228391	0.3
9826.302351636072	300	20.89191325224369	0.0	144254	1678.7305289815336	1.2807095	0.3
9831.918097304659	750	19.276167583657728	0.0	390680	5615.74566858596	1.3229632	0.3
9839.482309822477	1850	15.711955065839604	0.0	858450	7564.212517818124	1.3359723	0.75
9842.142641119619	750	17.051623768698033	0.0	384505	2660.331297141572	1.4619367	-0.3500000000000001
9846.846224053816	1200	16.34804083450199	0.0	599477	4703.5829341960425	1.4223281	0.75
9852.50233009496	1200	14.691934793356731	0.0	634861	5656.106041145258	1.4585153	1.2
9854.902180045223	300	16.292084843092876	0.0	167025	2399.8499502638556	1.3993564	-0.6000000000000001
9859.369694744408	1200	15.824570143906797	0.0	638661	4467.514699186078	1.2618126	0.29999999999999993
9866.968499502871	2850	12.225765385444225	0.0	1231456	7598.804758462574	1.5048481	1.2000000000000002
9883.876660268397	4300	4.0	4.682395380082122	2155012	16908.160765526347	1.6188704	-17.28430013435312

