22354.499428395164	750	4.0	1.1823497891980714	450283	1182.3497891980714	1.3729047	-4.334104093551707
22356.023647481958	1200	6.475780913204564	0.0	611087	1524.2190867954364	1.2406532	0.75
22356.480792618604	300	10.01863577656309	0.0	139857	457.14513664147563	1.3944012	-0.6000000000000001
22358.165007293097	1200	12.334421102066747	0.0	617681	1684.2146744963425	1.249711	0.29999999999999993
22359.59393553446	1200	14.905492860707069	0.0	652874	1428.9282413596766	1.4551549	1.2
22362.474394741574	2850	16.025033653592484	0.0	1224260	2880.459207114585	1.4936359	1.2000000000000002
22363.428058600577	750	19.071369794585216	0.0	352642	953.6638590072685	1.6360631	-1.35
22363.995316463417	300	22.504111931744195	0.0	173849	567.2578628410183	1.4357736	-0.15000000000000002
22364.87761762751	750	25.621810767654836	0.0	374758	882.30116408936	1.3726119	0.3
22365.85676324617	750	28.642665148991124	0.0	362795	979.1456186637104	1.4898266	0.75
22368.557158308635	1850	29.9422700865242	0.0	939819	2700.3950624669246	1.4996451	0.75
22369.649399781567	750	32.85002861359568	0.0	405134	1092.2414729285156	1.6694071	-0.3500000000000001
22370.532418721894	750	35.96700967326769	0.0	386351	883.0189403279988	1.543122	0.75
22373.142071292303	1850	37.357357102860256	0.0	1036454	2609.65257040744	1.5931789	0.75
22376.080922516194	2850	38.41850587896929	0.0	1231445	2938.851223890959	1.6587968	1.85
22382.956668119958	4300	35.54276027520585	0.0	2152483	6875.745603763442	0.9467243	2.8499999999999996
22388.79222848227	4300	33.7071999128895	0.0	2289689	5835.560362316352	0.5305411	4.3
22394.202353382385	4300	32.29707501277744	0.0	2059512	5410.124900112057	0.45815572	4.3
22400.51842731948	4300	29.981001075685967	0.0	2220726	6316.073937091473	0.44658226	4.3
22405.477165246983	4300	29.022263148182986	0.0	2156729	4958.737927502982	0.4964096	4.3
22411.151839503098	4300	27.347588892065644	0.0	2039773	5674.674256117342	0.42641768	4.3
22416.89565045475	4300	25.603777940415075	0.0	2176469	5743.810951650568	0.48181385	4.3
22421.951829078964	2850	24.547599316196923	0.0	1505760	5056.178624218152	0.5003704	1.4000000000000001
22426.761977559545	4300	23.737450835617032	0.0	2044075	4810.148480579889	1.3311089	2.8499999999999996
22431.666060918564	4300	22.833367476598195	0.0	2186790	4904.083359018837	0.49549147	4.3
22436.81467287978	4300	21.684755515380385	0.0	2105231	5148.611961217811	0.5123996	4.3
22442.270668217643	4300	20.228760177516115	0.0	2395588	5455.995337864269	0.5654985	4.3
22446.471853168438	4300	20.02757522672189	0.0	1972048	4201.184950794229	0.5794545	4.3
22449.61512228416	2850	20.884306110996988	0.0	1498470	3143.2691157249005	0.5469904	1.4000000000000001
22455.908761633866	4300	18.590666761292812	0.0	2164140	6293.639349704177	1.1489518	2.8499999999999996
22460.0976184812	2850	18.4018099139586	0.0	1341201	4188.856847334213	0.74471503	1.4000000000000001
22464.499509129135	1850	17.99991926602512	0.0	954453	4401.890647933478	1.4542924	0.8500000000000001
22466.3504871699	750	20.148941225260202	0.0	369834	1850.9780407649193	1.5790913	-0.3500000000000001
22469.289810658644	1200	21.2096177365149	0.0	670129	2939.3234887452986	1.4575362	0.75
22470.855109536853	750	23.644318858307265	0.0	401088	1565.2988782076357	1.5624268	0.3
22472.062145502157	750	26.437282893000965	0.0	365161	1207.0359653063006	1.5485609	0.75
22473.71001321656	1200	28.789415178594215	0.0	487812	1647.8677144067474	1.6134945	0.75
22476.959797828804	1850	29.539630566353615	0.0	938587	3249.784612240602	1.7015913	1.2000000000000002
22484.483561088644	4300	26.015867306514288	0.0	2133870	7523.763259839327	1.4770665	1.8499999999999996
22492.76481323299	4300	21.734615162170766	0.0	2146120	8281.252144343522	0.46193403	4.3
22501.400951919954	4300	17.098476475203483	0.0	2108491	8636.13868696728	0.588065	4.3
22507.85697994506	4300	14.642448450096987	0.0	2184571	6456.028025106496	0.7970427	4.3
22513.033804985138	4300	13.465623410017406	0.0	2121928	5176.8250400795805	0.59096104	4.3
22518.343481800828	4300	12.155946594330409	0.0	2219102	5309.6768156869975	0.5120968	4.3
22523.68809223412	4300	10.811336161038449	0.0	2124950	5344.61043329196	0.54359704	4.3
22529.346965263972	4300	9.152463131185028	0.0	2246506	5658.873029853421	0.62880784	4.3
22535.662396371954	4300	6.837032023204822	0.0	1961140	6315.431107980206	0.747038	4.3
22541.07135091755	4300	5.428077477605575	0.0	2155012	5408.954545599247	1.1707966	4.3

