11200.471901231478	750	4.0	4.236019030700693	450283	4236.019030700693	1.492715	-17.46488183201298
11201.614610249064	300	6.857290982416554	0.0	155580	1142.7090175834455	0.6149594	-0.15000000000000002
11205.210452852703	750	7.261448378775008	0.0	350812	3595.842603641546	1.0043992	0.3
11206.528962127119	300	9.94293910435924	0.0	155432	1318.509274415769	1.0148809	-0.15000000000000002
11207.538811141141	300	12.933090090337508	0.0	163442	1009.8490140217325	1.0471098	0.3
11210.008128453926	750	14.463772777551407	0.0	318564	2469.3173127861005	1.1915697	0.3
11212.100139985067	300	16.371761246411992	0.0	153295	2092.011531139413	1.256283	-0.15000000000000002
11214.769907266269	300	17.70199396521024	0.0	173849	2669.7672812017513	1.1646827	0.3
11220.232361505465	750	16.239539726012495	0.0	374758	5462.454239197747	1.1693238	0.3
11227.758631315464	750	12.71326991601352	0.0	362795	7526.269809998974	1.2140901	0.75
11237.753957047671	1200	6.717944183806077	0.0	607410	9995.325732207442	1.0546504	0.75
11240.644885063519	300	7.8270161679572485	0.0	156148	2890.9280158488286	0.5856471	-0.6000000000000001
11242.371232650034	300	10.100668581442369	0.0	160746	1726.347586514879	0.6402265	0.3
11245.415118059947	750	11.056783171528467	0.0	434409	3043.885409913903	0.9777452	0.3
11249.031506407617	1200	11.440394823860236	0.0	526950	3616.3883476682295	1.1641414	0.75
11251.87087573304	1200	12.601025498436936	0.0	587876	2839.3693254233	1.2683722	1.2
11254.697820865129	1200	13.774080366349619	0.0	617242	2826.945132087318	1.3582346	1.2
11256.955569827418	300	15.516331404059791	0.0	150616	2257.748962289829	1.3801622	-0.6000000000000001
11259.231062314733	300	17.24083891674532	0.0	165384	2275.4924873144714	1.1109831	0.3
11262.526210395792	750	17.945690835686143	0.0	350713	3295.1480810591784	1.174373	0.3
11267.134546542155	1200	17.337354689324172	0.0	601738	4608.3361463619685	1.2891709	0.75
11272.388859375298	1200	16.08304185618151	0.0	616206	5254.312833142664	1.368001	1.2
11280.204106560353	1200	12.267794671127142	0.0	656471	7815.247185054368	1.3334373	1.2
11283.733392554315	1200	12.738508677165905	0.0	536667	3529.285993961237	1.1664275	1.2
11287.441903363779	1850	13.029997867701182	0.0	897976	3708.510809464721	1.3158419	1.2000000000000002
11292.050486340662	1850	12.42141489081744	0.0	905935	4608.582976883742	1.4891728	1.85
11299.875935446464	1850	8.595965785015473	0.0	1076599	7825.449105801967	1.4313753	1.85
11304.288276595778	1200	8.183624635699967	0.0	487160	4412.341149315505	1.2142235	0.5499999999999999
11308.157801173147	750	8.314100058332127	0.0	400396	3869.5245773678425	1.1076007	0.3
11309.367465150397	300	11.104436081081303	0.0	149029	1209.6639772508229	0.9973897	-0.15000000000000002
11310.29619154678	300	14.175709684696718	0.0	157421	928.7263963845855	1.0463657	0.3
11312.049314003889	300	16.422587227589894	0.0	157488	1753.1224571068249	1.2129494	0.3
11316.126300109765	750	16.34560112171408	0.0	369834	4076.9861058758147	1.1908478	0.3
11338.349507386973	1850	4.0	5.877606155494293	1035329	22223.207277208374	1.2551045	-24.52370646862546
11344.251677148402	300	4.0	1.9021697614285313	179328	5902.169761428531	0.032711357	-9.429329974142684
11349.364611933404	300	4.0	1.112934785002033	159914	5112.934785002033	0.013960665	-4.485619575508742
11353.570061650686	300	4.0	0.20544971728053132	131610	4205.449717280531	0.0118794935	-0.5834337843062847
11357.425900894916	300	4.144160755770747	0.0	124011	3855.8392442292534	0.011753046	0.3
11361.624178421085	300	4.0	0.05411677039939423	144254	4198.277526170141	0.011943064	0.06729788728260483
11366.032590577901	300	4.0	0.40841215681554605	149991	4408.412156815546	0.009841478	-1.456172274306848
11370.257358394898	300	4.0	0.22476781699728418	147968	4224.767816997284	0.008323489	-0.6665016130883219
11374.93430680519	300	4.0	0.6769484102911447	161857	4676.948410291145	0.007187035	-2.6108781642519223
11379.228058177967	300	4.0	0.293751372777524	145210	4293.751372777524	0.008286805	-0.963130902943353
11384.059033870293	300	4.0	0.8309756923255409	172312	4830.975692325541	0.009038873	-3.273195476999826
11386.511457868693	300	5.547576001599506	0.0	167025	2452.4239984004944	0.008547394	0.3
11388.010112151267	300	8.04892171902522	0.0	160064	1498.654282574285	0.07101069	0.3
11390.060159844606	750	9.99887402568439	0.0	331053	2050.04769334083	0.6043589	0.3
11391.511427024863	750	12.547606845427497	0.0	314107	1451.2671802568925	1.1981447	0.75

