5600.258920311479	750	4.0	12.266701258043659	450283	12266.701258043659	1.2665837	-51.99681540958773
5604.89084084174	300	4.0	0.6319205302601922	155580	4631.920530260192	0.030472029	-2.867258280118827
5607.938672508073	300	4.952168333667658	0.0	139857	3047.8316663323417	0.0520787	0.3
5611.208148945311	300	5.682691896429397	0.0	155432	3269.4764372382615	0.17260717	0.3
5614.565424366117	300	6.325416475623024	0.0	163442	3357.275420806372	0.22218423	0.3
5616.693189831166	300	8.19765101057458	0.0	126289	2127.765465048444	0.26601627	0.3
5621.305122811364	750	7.5857180303766025	0.0	352642	4611.9329801979775	0.5732895	0.3
5623.3866969508845	300	9.504143890856467	0.0	173849	2081.5741395201358	0.63830876	-0.15000000000000002
5625.075042748895	300	11.815798092846224	0.0	150710	1688.3457980102435	0.8345932	0.3
5626.507197804788	300	14.383643036952847	0.0	139105	1432.1550558933761	1.0085931	0.3
5627.985079841772	300	16.905760999969075	0.0	141840	1477.8820369837715	1.1147765	0.3
5634.098396546404	1200	14.79244429533711	0.0	594078	6113.316704631967	1.1726831	0.29999999999999993
5641.549607006332	1200	11.341233835409268	0.0	624282	7451.210459927841	1.2692363	1.2
5647.620849039498	750	9.26999180224209	0.0	434409	6071.242033167179	1.1377652	0.3
5651.195236432518	750	9.695604409223332	0.0	337059	3574.387393018759	0.96576965	0.75
5657.694989202527	1200	7.19585163921491	0.0	587876	6499.752770008422	1.0436124	0.75
5659.54464025817	300	9.346200583572026	0.0	143509	1849.6510556428832	1.0048227	-0.6000000000000001
5665.5283870521735	750	7.362453789568322	0.0	372963	5983.746794003704	0.93437773	0.3
5668.802704768649	750	8.088136073092395	0.0	405596	3274.3177164759277	0.66585773	0.75
5669.773939258691	300	11.116901583051149	0.0	140881	971.2344900412454	1.0004683	-0.15000000000000002
5674.290260791941	1200	10.600580049800692	0.0	601738	4516.321533250457	1.0671704	0.29999999999999993
5675.453612066045	300	13.437228775696997	0.0	157812	1163.351274103694	1.2035298	-0.6000000000000001
5678.105307607103	750	14.785533234639724	0.0	401853	2651.6955410572737	1.140055	0.3
5680.7976234394755	750	16.093217402266507	0.0	343800	2692.315832373217	1.2675819	0.75
5684.585249680807	1200	16.305591160935595	0.0	587236	3787.626241330912	1.2744713	0.75
5688.608698973514	1200	16.28214186822862	0.0	590335	4023.4492927069728	1.3746063	1.2
5691.689015630681	750	17.201825211061532	0.0	425781	3080.3166571670904	1.3707591	0.3
5695.306256654943	1200	17.584584186799017	0.0	487160	3617.241024262518	1.3171473	0.75
5696.596280779802	300	20.294560061940565	0.0	153605	1290.0241248584512	1.3931085	-0.6000000000000001
5697.465554833427	300	23.425286008315528	0.0	149029	869.2740536250385	1.2818938	0.3
5700.779740573671	1200	24.11110026807187	0.0	570392	3314.185740243657	1.3564894	0.29999999999999993
5706.818164885266	1850	22.072675956476818	0.0	954453	6038.424311595053	1.5074464	1.2000000000000002
5712.708535314414	1850	20.182305527328463	0.0	885062	5890.370429148354	1.541024	1.85
5719.983953869702	1850	16.906886972039985	0.0	1035329	7275.418555288476	1.5220189	1.85
5723.937937487765	750	16.95290335397735	0.0	401088	3953.983618062632	1.4566655	-0.3500000000000001
5725.119377982523	300	19.77146285922033	0.0	159914	1181.4404947570245	1.3091034	-0.15000000000000002
5728.782803661985	1200	20.108037179757165	0.0	487812	3663.4256794631656	1.3362994	0.29999999999999993
5734.307206412407	750	18.583634429335195	0.0	361565	5524.402750421969	1.4915991	0.3
5739.092793335878	1200	17.798047505864655	0.0	605884	4785.586923470538	1.3084917	0.75
5744.519535099305	1850	16.37130574243749	0.0	930577	5426.741763427167	1.4555335	1.2000000000000002
5747.68648030207	1200	17.204360539672077	0.0	566904	3166.945202765412	1.5600603	0.5499999999999999
5757.565693510046	1200	11.325147331696016	0.0	641452	9879.213207976061	1.5235145	1.2
5768.222133343043	1200	4.668707498698146	0.0	599477	10656.43983299787	1.1185092	1.2
5769.653481310167	300	7.237359531574226	0.0	172312	1431.3479671239197	0.20080657	-0.6000000000000001
5770.8923626723945	300	9.998478169347214	0.0	167025	1238.8813622270116	0.76901096	0.3
5772.3028041700145	300	12.588036671726762	0.0	160064	1410.4414976204519	1.0952188	0.3
5774.14075130593	300	14.750089535810792	0.0	137507	1837.947135915971	1.1902733	0.3
5781.881186331576	1200	11.009654510164927	0.0	550906	7740.435025645866	1.2268994	0.29999999999999993

