21104.33780185402	750	4.0	1.7282306058808998	450283	1728.2306058809	0.4520535	-6.681391605287869
21107.119202723527	1200	5.218599130495685	0.0	611087	2781.400869504315	1.1490866	0.75
21107.889289969415	300	8.448511884605283	0.0	139857	770.0872458904016	1.2337784	-0.6000000000000001
21109.546425131	750	10.791376723018635	0.0	382355	1657.135161586647	1.1037717	0.3
21110.294067049206	300	14.043734804814838	0.0	163442	747.6419182037973	1.2898027	-0.15000000000000002
21112.373141054384	1200	15.964660799637015	0.0	520315	2079.074005177824	1.2610302	0.29999999999999993
21113.17358753802	750	19.164214316003342	0.0	352642	800.4464836336732	1.4463445	0.3
21114.589204250253	1200	21.748597603767678	0.0	709534	1415.616712235663	1.4497892	0.75
21116.225782579662	1850	24.112019274355855	0.0	852833	1636.5783294118212	1.5415279	1.2000000000000002
21118.36918008636	1850	25.96862176765984	0.0	913888	2143.3975066960156	1.6515706	1.85
21119.197676967353	750	29.140124886666353	0.0	353220	828.4968809934884	1.6497477	-0.3500000000000001
21120.548277135073	1200	31.789524718943568	0.0	594078	1350.6001677227841	1.5192426	0.75
21121.90485410671	1200	34.43294774730655	0.0	624282	1356.5769716370235	1.6288263	1.2
21124.19206093651	1850	36.145740917506366	0.0	1036454	2287.2068298001855	1.6621578	1.2000000000000002
21125.545801572185	1850	38.79200028183303	0.0	821631	1353.7406356733354	1.649313	1.85
21127.442354086346	1850	40.89544776767073	0.0	923170	1896.552514162303	1.5011365	1.85
21131.707704540782	4300	40.63009731323514	0.0	2289689	4265.350454435589	1.5033079	1.8499999999999996
21136.13151102498	4300	40.20629082903364	0.0	2059512	4423.806484201502	0.3607176	4.3
21141.697773045194	4300	38.640028808822414	0.0	2220726	5566.262020211228	0.3625086	4.3
21145.36206026015	2850	38.97574159386378	0.0	1336050	3664.287214958636	0.36907285	1.4000000000000001
21147.403744127147	1850	40.93405772686809	0.0	891604	2041.6838669956858	0.70657533	0.8500000000000001
21153.160524408002	4300	39.17727744601265	0.0	2176469	5756.78028085544	1.294246	1.8499999999999996
21159.232130326298	4300	37.105671527716346	0.0	2221506	6071.605918296311	0.36111057	4.3
21163.73112886538	4300	36.60667298863527	0.0	2044075	4498.998539081078	0.36748978	4.3
21172.29958257483	4300	32.038219279185064	0.0	2186790	8568.453709450208	0.35647473	4.3
21177.445327271118	4300	30.892474582895925	0.0	2105231	5145.744696289138	0.47259063	4.3
21182.789534830627	4300	29.54826702338997	0.0	2395588	5344.207559505954	0.37796578	4.3
21186.828184776266	4300	29.50961707775271	0.0	1972048	4038.649945637258	0.37821043	4.3
21191.175140444957	4300	29.16266140906184	0.0	2134614	4346.955668690872	0.37128678	4.3
21197.438793762292	4300	26.8990080917266	0.0	2164140	6263.653317335239	0.37207535	4.3
21203.25825122404	4300	25.079550629978005	0.0	2113193	5819.457461748593	0.41367543	4.3
21208.453697942517	4300	23.88410391150073	0.0	2147852	5195.4467184772775	0.4251595	4.3
21213.95741564038	4300	22.380386213637784	0.0	2191074	5503.717697862948	0.4187315	4.3
21223.44513100119	4300	16.892670852829564	0.0	2286761	9487.71536080822	0.44388628	4.3
21233.34112099632	4300	10.996680857701557	0.0	2307787	9895.989995128006	1.1318918	4.3
21235.79863616039	1850	12.539165693628632	0.0	943942	2457.5151640729255	1.5677402	-0.6000000000000001
21237.603660619152	1850	14.734141234869993	0.0	728962	1805.0244587586396	1.6354812	1.85
21240.132843105595	1850	16.20495874842461	0.0	938587	2529.1824864453856	1.6585712	1.85
21244.006523844757	1850	16.33127800926289	0.0	908665	3873.680739161718	1.6571302	1.85
21249.75879316987	1850	14.57900868415251	0.0	930577	5752.269325110379	1.6323166	1.85
21256.53291466848	1200	11.804887185538576	0.0	566904	6774.121498613935	1.5237049	0.5499999999999999
21259.232321831685	1200	13.105480022335323	0.0	641452	2699.407163203251	1.2251472	1.2
21259.97116055388	300	16.366641300141243	0.0	145210	738.8387221940793	1.5150796	-0.6000000000000001
21260.853195960186	300	19.484605893834452	0.0	172312	882.035406306796	1.3953121	0.3
21263.718544559004	1200	20.619257295016727	0.0	630203	2865.3485988177226	1.457104	0.29999999999999993
21268.11318697594	2850	20.2246148780825	0.0	1483527	4394.6424169342245	1.6564054	1.2000000000000002
21270.4526047761	2850	21.885197077925397	0.0	1231456	2339.4178001571067	0.80322814	2.85
21273.53853348086	2850	22.799268373165287	0.0	1364537	3085.928704760109	0.53296506	2.85

