16807.51494890927	750	4.0	4.277909780182569	450283	4277.909780182569	1.4131159	-17.64501205478505
16808.763935209383	300	6.75101369988408	0.0	155580	1248.98630011592	0.5408118	-0.15000000000000002
16810.30840688224	300	9.206542027029297	0.0	139857	1544.4716728547828	0.82353324	0.3
16812.078766010247	300	11.436182899020517	0.0	155432	1770.3591280087778	0.9030341	0.3
16813.816412936256	300	13.69853597301224	0.0	163442	1737.6469260082768	0.97736317	0.3
16816.464012134133	750	15.050936775138222	0.0	318564	2647.5991978740185	1.1028727	0.3
16817.613529712555	300	17.90141919671681	0.0	153295	1149.5175784214146	1.2386168	-0.15000000000000002
16820.68096380493	750	18.833985104338744	0.0	437162	3067.4340923780646	1.272727	0.3
16822.34469903451	750	21.170249874756028	0.0	374758	1663.7352295827136	1.3975618	0.75
16824.079140772046	750	23.435808137224942	0.0	362795	1734.4417375310823	1.45809	0.75
16824.797983425626	300	26.71696548364624	0.0	141840	718.842653578703	1.4903804	-0.15000000000000002
16826.48910094466	750	29.02584796461317	0.0	405134	1691.117519033068	1.4652487	0.3
16830.462933273546	1850	29.052015635724054	0.0	946851	3973.83232888912	1.5331252	0.75
16835.61106440318	1850	27.903884506091558	0.0	1036454	5148.131129632492	1.5944054	1.85
16837.154392766202	750	30.36055614306926	0.0	337059	1543.3283630222973	1.5938224	-0.3500000000000001
16840.912004833794	1850	30.602944075477648	0.0	923170	3757.612067591613	1.5496264	0.75
16842.714265132	750	32.80068377727464	0.0	360831	1802.260298203003	1.6013225	-0.3500000000000001
16845.201372790027	1200	34.31357611924419	0.0	581493	2487.1076580304607	1.5640413	0.75
16851.064702097832	2850	32.45024681143996	0.0	1537156	5863.329307804222	1.586163	1.2000000000000002
16853.054003165988	1200	34.46094574328727	0.0	586839	1989.3010681526964	1.6299831	-0.44999999999999996
16853.674345118878	300	37.84060379039602	0.0	157671	620.3419528912457	1.6151832	-0.6000000000000001
16855.442053788596	750	40.07289512067753	0.0	399894	1767.7086697184866	1.5854362	0.3
16859.577165013176	1850	39.93778389609801	0.0	968026	4135.111224579522	1.6027213	0.75
16860.091112728718	300	43.42383618055584	0.0	137654	513.9477155421687	1.6384796	-1.25
16861.70459087018	750	45.81035803909513	0.0	359903	1613.4781414607103	1.6048672	0.3
16867.007192905865	2850	44.507756003410464	0.0	1480464	5302.602035684664	1.627625	0.75
16869.923473100338	1850	45.59147580893746	0.0	1076599	2916.280194473002	1.6166121	0.8500000000000001
16873.50545331575	2850	46.00949559352694	0.0	1141971	3581.980215410521	1.6484399	1.85
16880.52023469105	4300	42.99471421822732	0.0	2134614	7014.781375299615	1.5800748	2.8499999999999996
16881.125173741955	300	46.38977516732146	0.0	149029	604.939050905865	1.292527	-3.7
16885.93047913191	2850	45.584469777368405	0.0	1341201	4805.305389953059	1.6526408	0.30000000000000027
16892.44805227325	4300	43.06689663602998	0.0	2147852	6517.5731413384165	1.5880454	2.8499999999999996
16895.476558875722	1850	44.038390033555295	0.0	885062	3028.506602474686	1.1893153	-0.6000000000000001
16904.76086447794	4300	38.75408443133598	0.0	2286761	9284.305602219312	1.6410737	1.8499999999999996
16907.29011341262	1850	40.22483549665794	0.0	1026056	2529.2489346780512	1.3868597	-0.6000000000000001
16910.64857968833	1850	40.866369220943106	0.0	943942	3358.466275714836	1.6524458	1.85
16912.720846929235	1200	42.794101980041006	0.0	487812	2072.267240902096	1.625609	0.5499999999999999
16914.134676320264	750	45.38027258901162	0.0	361565	1413.82939102939	1.6643854	0.3
16920.568932610437	4300	42.94601629883486	0.0	2133870	6434.256290176759	1.6764328	0.75
16927.820562117056	4300	39.69438679221607	0.0	2146120	7251.629506618792	0.9400715	4.3
16936.38693077937	4300	35.12801812990334	0.0	2108491	8566.368662312734	1.0506014	4.3
16938.61202752278	1200	36.90292138648948	0.0	641452	2225.0967434138547	1.0719787	-1.9000000000000001
16941.519464490826	1850	37.995484418443205	0.0	886255	2907.4369680462764	1.6717999	1.2000000000000002
16948.38063671437	2850	35.134312194900794	0.0	1587250	6861.17222354242	1.6244099	1.85
16956.048076416184	4300	31.46687249308556	0.0	2124950	7667.439701815229	1.5476059	2.8499999999999996
16963.30468986443	4300	28.210259044840065	0.0	2246506	7256.613448245494	1.2120888	4.3
16969.372693973837	4300	26.142254935435602	0.0	1961140	6068.004109404466	1.0940932	4.3
16976.551768548656	4300	22.963180360613528	0.0	2155012	7179.0745748220725	1.0192171	4.3

