23433.329232971733	750	4.0	5.057839080863765	450283	5057.839080863765	1.3515022	-20.99870804771419
23434.759970486786	300	6.569262484946178	0.0	155580	1430.7375150538228	0.4864326	-0.15000000000000002
23438.026826698173	750	7.30240627355801	0.0	350812	3266.856211388167	0.79967475	0.3
23439.64063755704	300	9.688595414691788	0.0	155432	1613.810858866222	0.8661647	-0.15000000000000002
23441.118606596658	300	12.210626375076668	0.0	163442	1477.96903961512	0.91190314	0.3
23444.033983724672	750	13.295249247060337	0.0	318564	2915.377128016331	1.0631229	0.3
23445.43906778309	300	15.890165188643959	0.0	153295	1405.0840584163775	1.1498438	-0.15000000000000002
23449.235327819006	750	16.093905152726467	0.0	437162	3796.260035917491	1.2011544	0.3
23452.479640862715	750	16.849592109015727	0.0	374758	3244.313043710739	1.3147329	0.75
23455.54638639565	750	17.782846576079866	0.0	362795	3066.7455329358636	1.3209355	0.75
23466.011592423885	1850	11.317640547844112	0.0	939819	10465.206028235752	1.3595848	0.75
23471.061591078673	1200	10.26764189305578	0.0	594078	5049.998654788333	1.2255349	0.5499999999999999
23475.073987013027	750	10.255245958701522	0.0	386351	4012.3959343542565	1.1511266	0.3
23476.76365521013	300	12.565577761600006	0.0	179801	1689.6681971015162	1.041887	-0.15000000000000002
23479.912617221507	750	13.416615750220654	0.0	337059	3148.962011379352	1.0890875	0.3
23487.54123854596	1200	9.787994425767055	0.0	587876	7628.6213244536	1.2089483	0.75
23496.121942976548	1200	5.207289995180341	0.0	617242	8580.704430586713	1.0226797	1.2
23498.0834413926	300	7.245791579133493	0.0	150616	1961.4984160468487	0.35554653	-0.6000000000000001
23500.133905508334	300	9.19532746339968	0.0	165384	2050.464115733811	0.59530765	0.3
23501.232437737344	300	12.096795234387107	0.0	140881	1098.5322290125728	0.8731534	0.3
23504.28308971768	750	13.046143254054455	0.0	386472	3050.6519803326532	1.0442456	0.3
23505.636819013307	300	15.69241395842313	0.0	157812	1353.7292956313256	1.1767013	-0.15000000000000002
23509.631463734033	750	15.69776923769882	0.0	401853	3994.6447207243086	1.1853983	0.3
23517.787961852395	1850	11.541271119338418	0.0	874175	8156.498118360401	1.2832594	0.75
23519.953375548277	300	13.37585742345563	0.0	146754	2165.4136958827903	1.2972697	-1.25
23523.68206734789	750	13.64716562384109	0.0	379700	3728.6917996145385	1.1021807	0.3
23524.985788546503	300	16.343444425229457	0.0	181901	1303.721198611634	1.1738492	-0.15000000000000002
23527.55607162437	750	17.77316134735986	0.0	277716	2570.283077869596	1.2913663	0.3
23530.623777322722	750	18.7054556490127	0.0	400396	3067.705698347158	1.3754392	0.75
23535.340927426176	1200	17.98830554555873	0.0	641447	4717.150103453969	1.3692273	0.75
23539.98904512466	750	17.340187847071096	0.0	358218	4648.117698487635	1.4398428	0.3
23542.87827965271	300	18.45095331902534	0.0	157488	2889.2345280457544	1.3427625	-0.15000000000000002
23555.132254870416	1850	10.196978101318551	0.0	885062	12253.975217706791	1.2755316	0.30000000000000004
23560.711219832963	750	8.618013138768521	0.0	412837	5578.964962550029	1.1263577	-0.3500000000000001
23565.45895963609	750	7.87027333564418	0.0	401088	4747.739803124341	0.9118248	0.75
23567.909955633684	300	9.41927733804947	0.0	159914	2450.995997594709	0.833146	-0.15000000000000002
23572.412837296728	750	8.916395675008033	0.0	321064	4502.881663041439	0.7969212	0.3
23573.61844742127	300	11.710785550466248	0.0	124011	1205.6101245417844	0.8742771	-0.15000000000000002
23575.179595032816	300	14.149637938921718	0.0	144254	1561.147611544529	0.98695284	0.3
23576.608363197	300	16.72086977473799	0.0	149991	1428.7681641837285	1.1107602	0.3
23578.132332155536	300	19.196900816198127	0.0	147968	1523.9689585398683	1.263172	0.3
23584.32473735607	750	17.004495615662822	0.0	384505	6192.405200535303	1.3514005	0.3
23590.074259857538	750	15.254973114194458	0.0	372093	5749.522501468365	1.3026541	0.75
23597.112097465553	750	12.21713550618205	0.0	438281	7037.837608012407	1.2117916	0.75
23599.66546094213	300	13.663772029602802	0.0	167025	2553.3634765792476	1.0887487	-0.15000000000000002
23602.050646605934	300	15.278586365798272	0.0	160064	2385.18566380453	1.0976741	0.3
23607.704089754618	750	13.625143217114939	0.0	331053	5653.443148683332	1.1939125	0.3
23609.795789067666	300	15.5334439040664	0.0	118421	2091.699313048538	1.1328815	-0.15000000000000002

