12898.65126673638	750	4.0	4.010168074006698	450283	4010.168074006698	1.6528494	-16.4937227182288
12899.825184829026	300	6.8260819073535774	0.0	155580	1173.9180926464226	0.65303034	-0.15000000000000002
12902.25853405401	750	8.392732682369962	0.0	350812	2433.3492249836154	0.99955744	0.3
12903.259775305427	300	11.391491430951984	0.0	155432	1001.2412514179787	1.1420462	-0.15000000000000002
12905.45422403454	750	13.197042701838848	0.0	411561	2194.4487291131372	1.1450917	0.3
12906.19626883629	300	16.454997900089705	0.0	126289	742.0448017491436	1.2950033	-0.15000000000000002
12908.007824256567	750	18.643442479812183	0.0	352642	1811.5554202775177	1.245967	0.3
12913.45183035231	1850	17.19943638407066	0.0	1060487	5444.006095741524	1.3529317	0.75
12914.28006494958	300	20.371201786799105	0.0	150710	828.2345972715515	1.4673419	-1.25
12915.097910928665	300	23.553355807713242	0.0	139105	817.8459790858643	1.2923849	0.3
12916.89021829985	750	25.761048436528064	0.0	353220	1792.3073711851755	1.3154495	0.3
12917.563512905432	300	29.087753830946976	0.0	156148	673.294605581091	1.4205803	-0.15000000000000002
12919.981198891117	1200	30.670067845262263	0.0	624282	2417.6859856847104	1.399708	0.29999999999999993
12925.885881275863	1850	28.765385460516796	0.0	1036454	5904.682384745465	1.5662644	1.2000000000000002
12932.36531663709	2850	26.285950099289085	0.0	1231445	6479.435361227713	1.5742754	1.85
12942.111232974004	4300	20.540033762375323	0.0	2152483	9745.916336913764	1.6428477	2.8499999999999996
12946.635888545257	1850	20.015378191121492	0.0	966699	4524.6555712538275	1.4962091	-0.6000000000000001
12949.430313022314	1200	21.22095371406639	0.0	581493	2794.4244770551068	1.5379406	0.5499999999999999
12952.687824191438	1200	21.963442544941806	0.0	639204	3257.5111691245825	1.4834265	1.2
12957.67670351804	1850	20.97456321833952	0.0	923755	4988.879326602288	1.4826375	1.2000000000000002
12961.3043678202	1200	21.346898916179878	0.0	601738	3627.664302159639	1.5363243	0.5499999999999999
12962.403731703693	300	24.24753503268637	0.0	157812	1099.363883493508	1.4581227	-0.6000000000000001
12965.233154385458	750	25.41811235092109	0.0	401853	2829.4226817652807	1.3408052	0.3
12969.959243744415	1850	24.69202299196323	0.0	874175	4726.089358957854	1.417989	0.75
12972.135737650271	750	26.515529086107822	0.0	359903	2176.493905855412	1.5873132	-0.3500000000000001
12977.683812286654	1850	24.96745444972443	0.0	905935	5548.074636383391	1.4436586	0.75
12987.189096598879	2850	19.462170137500184	0.0	1547572	9505.284312224245	1.5733659	1.85
12994.398076049538	1850	16.25319068683968	0.0	758197	7208.979450660504	1.5561472	0.8500000000000001
12995.599143433177	300	19.052123303199433	0.0	153605	1201.0673836402455	1.4042482	-1.25
12996.68624333872	300	21.96502339765793	0.0	149029	1087.0999055415054	1.2875988	0.3
12999.335257637635	750	23.31600909874179	0.0	358218	2649.0142989161395	1.3295196	0.3
13004.152498002888	750	22.498768733487573	0.0	400322	4817.240365254218	1.4159386	0.75
13013.783063039784	1200	16.868203696592737	0.0	584349	9630.565036894837	1.3559134	0.75
13020.193377254463	1200	14.457889481911657	0.0	670129	6410.31421468108	1.2451464	1.2
13024.044353333542	750	14.60691340283355	0.0	401088	3850.976079078108	1.2952822	0.3
13026.280425616123	300	16.37084112025329	0.0	159914	2236.072282580263	1.2588031	-0.15000000000000002
13030.695720597256	1200	15.955546139119997	0.0	487812	4415.29498113329	1.2088848	0.29999999999999993
13033.926191588975	750	16.72507514740047	0.0	361565	3230.4709917195246	1.39811	0.3
13039.990678281572	1200	14.660588454803598	0.0	605884	6064.486692596875	1.3443257	0.75
13044.11182600539	750	14.539440730985962	0.0	390680	4121.147723817636	1.3372903	0.3
13051.197165970128	1200	11.45410076624732	0.0	566904	7085.33996473864	1.272225	0.75
13052.840295086475	300	13.810971649899896	0.0	161857	1643.1291163474232	1.1880655	-0.6000000000000001
13053.919939448819	300	16.731327287556223	0.0	145210	1079.644362343675	1.198881	0.3
13057.390994829111	750	17.260271907263725	0.0	438281	3471.0553802924946	1.3309765	0.3
13061.696365500464	750	16.954901235911006	0.0	398987	4305.370671352721	1.4173198	0.75
13066.315051952237	750	16.336214784137102	0.0	393804	4618.686451773905	1.368039	0.75
13067.530377709212	300	19.120889027162796	0.0	137507	1215.3257569743055	1.345475	-0.15000000000000002
13073.240603573851	1200	17.410663162523754	0.0	550906	5710.225864639044	1.3966159	0.29999999999999993

