20122.23188063343	750	4.0	1.1823497891980714	450283	1182.3497891980714	1.2868154	-4.334104093551707
20123.195721411605	750	7.036159221826023	0.0	398865	963.8407781739772	0.8563057	0.75
20123.640175339122	300	10.591705294309136	0.0	139857	444.45392751688667	1.1400945	-0.15000000000000002
20125.366883270606	1200	12.864997362824456	0.0	617681	1726.707931484682	1.2666008	0.29999999999999993
20127.599171850346	1850	14.632708783084393	0.0	996749	2232.2885797400622	1.4272484	1.2000000000000002
20128.990891891095	1200	17.240988742334775	0.0	520315	1391.7200407496164	1.5744725	0.5499999999999999
20129.824390455837	750	20.40749017759085	0.0	352642	833.4985647439255	1.5357275	0.3
20131.62516788957	1200	22.60671274385713	0.0	709534	1800.7774337337205	1.4932394	0.75
20133.721352547815	1850	24.510528085616105	0.0	852833	2096.1846582410235	1.5648007	1.2000000000000002
20135.388145165754	1200	26.84373546767819	0.0	560821	1666.7926179379128	1.6125126	0.5499999999999999
20135.855347992787	300	30.376532640645546	0.0	141840	467.20282703264417	1.5742736	-0.6000000000000001
20138.112913890454	1850	32.11896674297489	0.0	917428	2257.565897670657	1.512169	0.30000000000000004
20140.43193599263	1850	33.79994464079884	0.0	946851	2319.022102176049	1.6371677	1.85
20141.705662730546	750	36.52621790288674	0.0	434409	1273.7267379121029	1.6367378	-0.3500000000000001
20143.557592903857	1850	38.674287729577074	0.0	821631	1851.930173309668	1.6011342	0.75
20146.250784594802	1850	39.98109603863219	0.0	923170	2693.1916909448837	1.6555371	1.85
20146.7889627214	300	43.44291791203401	0.0	143509	538.1781265981791	1.653002	-1.25
20148.118829473606	750	46.11305115982612	0.0	372963	1329.8667522078874	1.605807	0.3
20149.569228374286	750	48.66265225914599	0.0	405596	1450.3989006801307	1.6200651	0.75
20151.495603781033	1200	50.73627685240052	0.0	586839	1926.3754067454702	1.6456274	0.75
20152.49429217649	750	53.73758845694543	0.0	386472	998.688395455092	1.6597264	0.3
20156.25048418857	2850	53.98139644486112	0.0	1468126	3756.1920120843065	1.6607003	0.75
20158.640376792206	1850	55.59150384122372	0.0	968026	2389.8926036374	1.5434953	0.8500000000000001
20160.919755745927	1850	57.31212488750698	0.0	874175	2279.3789537167368	1.6321452	1.85
20164.813579065296	2850	57.418301568135654	0.0	1383735	3893.8233193713213	1.627748	1.85
20170.595547512854	4300	55.63633312057677	0.0	2105231	5781.968447558877	1.4588569	2.8499999999999996
20176.802170727988	4300	53.42970990544403	0.0	2395588	6206.623215132752	1.0202593	4.3
20181.999988644315	4300	52.231891989118374	0.0	1972048	5197.817916325653	0.95120955	4.3
20188.204845234708	4300	50.02703539872575	0.0	2134614	6204.856590392626	0.9911937	4.3
20192.748872551852	2850	49.483008081580785	0.0	1561263	4544.027317144968	1.0159113	1.4000000000000001
20195.640056917786	2850	50.59182371564526	0.0	1341201	2891.184365935524	1.5043561	2.85
20199.016262763973	2850	51.21561786945713	0.0	1497683	3376.20584618813	1.4291147	2.85
20204.344615832175	4300	49.887264801254055	0.0	2191074	5328.353068203073	1.3843831	2.8499999999999996
20209.624566075945	4300	48.60731455748711	0.0	2286761	5279.950243766942	0.8724309	4.3
20212.788558482494	2850	49.44332215093727	0.0	1492672	3163.9924065498417	0.85773563	1.4000000000000001
20217.261429990926	4300	48.97045064250647	0.0	2143948	4472.871508430797	1.3069674	2.8499999999999996
20222.269346032346	4300	47.96253460108343	0.0	1919781	5007.916041423035	0.6649183	4.3
20229.234379911824	4300	44.997500721604055	0.0	2147467	6965.033879479379	0.75632936	4.3
20239.021431375175	4300	39.21044925825419	0.0	2133870	9787.051463349871	0.9281953	4.3
20245.860927395282	4300	36.370953238147216	0.0	2146120	6839.496020106969	1.2243127	4.3
20253.74765395385	4300	32.48422667958161	0.0	2108491	7886.726558565608	1.0194138	4.3
20257.561188650325	1850	32.670691983105286	0.0	1025005	3813.5346964763216	1.159299	-0.6000000000000001
20258.145369998376	300	36.08651063505165	0.0	145210	584.181348053638	1.6610864	-1.25
20262.496617401244	1850	35.73526323218207	0.0	973972	4351.247402869583	1.6481224	0.30000000000000004
20265.62448443926	1200	36.60739619416574	0.0	630203	3127.8670380163303	1.6498867	0.5499999999999999
20267.95347109919	1200	38.27840953423703	0.0	638661	2328.986659928713	1.6633887	1.2
20270.54267811633	1850	39.68920251709987	0.0	830730	2589.2070171371497	1.6688082	1.2000000000000002
20273.337334070446	1850	40.894546562985795	0.0	846370	2794.655954114084	1.575327	1.85

