17472.667904205493	750	4.0	4.492096968258112	450283	4492.096968258112	1.6577346	-18.56601696350988
17474.06638104502	300	6.6015231604739535	0.0	155580	1398.4768395260464	0.57544625	-0.15000000000000002
17475.249719932162	300	9.418184273333548	0.0	139857	1183.3388871404063	0.9453678	0.3
17476.568735280278	300	12.09916892521706	0.0	155432	1319.0153481164841	1.0565044	0.3
17477.975988079736	300	14.69191612576039	0.0	163442	1407.2527994566724	1.1256115	0.3
17479.14684574755	300	17.521058457947184	0.0	126289	1170.857667813207	1.1879295	0.3
17480.563616061176	300	20.104288144319266	0.0	153295	1416.770313627918	1.2152408	0.3
17484.523805847017	750	20.14409835848001	0.0	437162	3960.1897858392563	1.2407694	0.3
17487.722668297065	750	20.945235908430785	0.0	374758	3198.8624500492247	1.299267	0.75
17490.80937155398	750	21.858532651512924	0.0	362795	3086.7032569178614	1.3220096	0.75
17492.05479153568	300	24.613112669811787	0.0	141840	1245.419981701134	1.3356957	-0.15000000000000002
17497.31453704271	1200	23.353367162783787	0.0	594078	5259.745507028	1.2968915	0.29999999999999993
17508.12803382452	1850	16.539870380974207	0.0	946851	10813.49678180958	1.4128547	1.2000000000000002
17510.357109271612	300	18.310794933881493	0.0	179801	2229.0754470927154	1.3163879	-1.25
17515.03696718594	750	17.63093701955307	0.0	337059	4679.857914328426	1.2207656	0.3
17517.814697960224	300	18.853206245268	0.0	138313	2777.730774285069	1.2587186	-0.15000000000000002
17520.979435496924	300	19.688468708568195	0.0	143509	3164.7375366998044	1.2016679	0.3
17523.101278790535	300	21.566625414956484	0.0	150616	2121.8432936117115	1.2092153	0.3
17524.97963555592	300	23.68826864957187	0.0	165384	1878.3567653846137	1.2578497	0.3
17531.309506923557	1200	21.358397281935044	0.0	586839	6329.871367636823	1.2892545	0.29999999999999993
17533.492428779995	300	23.17547542549678	0.0	157671	2182.921856438265	1.381108	-0.6000000000000001
17538.879861702335	750	21.788042503157623	0.0	399894	5387.43292233916	1.2754434	0.3
17554.82456908486	1850	9.843335120631432	0.0	968026	15944.707382526192	1.3175867	0.75
17556.971101317733	300	11.69680288775749	0.0	137654	2146.5322328739403	0.9762917	-1.25
17560.95298592118	750	11.714918284314022	0.0	359903	3981.8846034434673	1.0026053	0.3
17564.562282963838	750	12.105621241654829	0.0	379700	3609.297042659193	1.1237581	0.75
17570.37184607756	1200	10.29605812793099	0.0	696376	5809.56311372384	1.1552396	0.75
17574.82129888085	1200	9.846605324641722	0.0	487160	4449.452803289269	1.1748717	1.2
17576.512998267255	300	12.154905938235057	0.0	153605	1691.6993864066633	1.1657674	-0.6000000000000001
17578.172172195867	300	14.49573200962452	0.0	149029	1659.1739286105371	1.0604225	0.3
17581.560990938782	750	15.106913266708828	0.0	358218	3388.818742915692	1.1212411	0.3
17583.28812647415	300	17.379777731339402	0.0	157488	1727.135535369427	1.245764	-0.15000000000000002
17586.521430144738	750	18.14647406075384	0.0	369834	3233.3036705855616	1.2089452	0.3
17589.993733477488	750	18.674170728005432	0.0	412837	3472.303332748408	1.3243659	0.75
17598.901174209383	1850	13.766729996110053	0.0	1026056	8907.44073189538	1.3419787	0.75
17606.94000944336	1850	9.72789476213574	0.0	943942	8038.835233974312	1.3411663	1.85
17612.154791797475	1200	8.513112408020358	0.0	487812	5214.78235411538	1.2390642	0.5499999999999999
17616.373390411525	750	8.294513793968136	0.0	361565	4218.598614052224	1.1163496	0.3
17618.16979122554	300	10.498112979952106	0.0	144254	1796.4008140160292	0.9977779	-0.15000000000000002
17620.17233960453	300	12.495564600961409	0.0	149991	2002.548378990698	1.0179418	0.3
17621.85002179136	300	14.81788241413162	0.0	147968	1677.682186829788	1.0969571	0.3
17632.894796636505	1200	7.773107568988964	0.0	641452	11044.774845142656	1.2074332	0.29999999999999993
17634.682449183314	300	9.985455022176849	0.0	145210	1787.652546812115	0.63688636	-0.6000000000000001
17639.35959198683	750	9.308312218660733	0.0	438281	4677.142803516116	0.98584867	0.3
17641.259805258396	300	11.408098947094153	0.0	167025	1900.2132715665794	1.0662687	-0.15000000000000002
17646.312301817416	750	10.355602388073672	0.0	393804	5052.496559020481	1.0862638	0.3
17648.26180631869	300	12.40609788680257	0.0	137507	1949.5045012711007	1.1031564	-0.15000000000000002
17649.962404432026	300	14.705499773465673	0.0	118421	1700.5981133368969	1.1264102	0.3

