12536.134347327014	750	4.0	7.571061952176263	450283	7571.061952176264	1.4995986	-31.805566394357932
12538.114141750175	300	6.020205576839139	0.0	155580	1979.794423160861	0.23520774	-0.15000000000000002
12540.542260204114	750	7.592087122899908	0.0	350812	2428.1184539392307	0.59825236	0.3
12543.920367056879	750	8.213980270134893	0.0	382355	3378.106852765017	1.0927066	0.75
12548.631054336242	1200	7.5032929907706025	0.0	652874	4710.68727936429	1.0473117	0.75
12549.692018128317	300	10.442329198695411	0.0	126289	1060.9637920751911	1.1266191	-0.6000000000000001
12550.692549461035	300	13.44179786597715	0.0	153295	1000.5313327182618	1.0374811	0.3
12551.82692927477	300	16.30741805224199	0.0	173849	1134.3798137351632	1.1624879	0.3
12552.953529278575	300	19.180818048436077	0.0	150710	1126.600003805912	1.2011553	0.3
12554.331673173172	300	21.802674153838776	0.0	139105	1378.1438945973025	1.2421373	0.3
12556.931156999193	300	23.20319032781733	0.0	141840	2599.483826021446	1.2516783	0.3
12565.73173104084	1200	18.4026162861721	0.0	594078	8800.57404164523	1.2393872	0.29999999999999993
12579.405024219976	1200	8.729323107036072	0.0	624282	13673.293179136032	1.2772632	1.2
12582.899095121265	750	9.235252205743858	0.0	434409	3494.070901292212	0.60273385	0.3
12585.646131012272	750	10.48821631473732	0.0	337059	2747.0358910065393	1.0532442	0.75
12588.46757620361	750	11.666771123399787	0.0	366214	2821.4451913375324	1.1355394	0.75
12589.594390228645	300	14.539957098363	0.0	143509	1126.8140250367874	1.181943	-0.15000000000000002
12590.820498219478	300	17.313849107529773	0.0	150616	1226.1079908332276	1.1881845	0.3
12592.178893193666	300	19.955454133342823	0.0	165384	1358.3949741869471	1.2256235	0.3
12597.54948415751	1200	18.584863169501393	0.0	586839	5370.590963841431	1.2585529	0.29999999999999993
12601.66468919479	750	18.469658132220065	0.0	386472	4115.205037281328	1.34864	0.3
12612.582952706143	1200	11.551394620866166	0.0	616206	10918.2635113539	1.2790543	0.75
12616.702331321436	750	11.432016005573587	0.0	401853	4119.3786152925795	1.0390105	0.3
12618.222157223603	300	13.912190103406138	0.0	137654	1519.8259021674496	1.0973841	-0.15000000000000002
12619.862301223106	300	16.272046103904245	0.0	146754	1640.143999501893	1.1260247	0.3
12624.654603910398	1200	15.479743416610775	0.0	590335	4792.302687293468	1.1910361	0.29999999999999993
12629.425076607102	1200	14.709270719905504	0.0	696376	4770.472696705273	1.3442451	1.2
12631.209996983727	750	16.92435034328028	0.0	277716	1784.9203766252192	1.3487407	0.3
12635.931916505086	750	16.20243082192193	0.0	400396	4721.9195213583525	1.3400245	0.75
12638.875337052405	750	17.259010274601557	0.0	400508	2943.4205473203724	1.2325228	0.75
12640.748715175025	300	19.385632151981152	0.0	157421	1873.378122620406	1.3210052	-0.15000000000000002
12647.418408528369	750	16.715938798637318	0.0	400322	6669.693353343836	1.2401972	0.3
12652.233721065573	1200	15.900626261433159	0.0	584349	4815.3125372041595	1.204588	0.75
12655.581132358982	750	16.553214968022917	0.0	412837	3347.4112934102427	1.3624285	0.3
12658.579083634408	750	17.555263692598544	0.0	401088	2997.9512754243738	1.313975	0.75
12659.818863131772	300	20.31548419523629	0.0	159914	1239.779497362251	1.3605983	-0.15000000000000002
12660.911554271328	300	23.222793055679514	0.0	131610	1092.691139556778	1.3306909	0.3
12663.169483299189	750	24.964864027818475	0.0	361565	2257.9290278610406	1.3667428	0.3
12664.271709698105	300	27.862637628902345	0.0	144254	1102.226398916128	1.503186	-0.15000000000000002
12679.926004221445	1850	16.20834310556253	0.0	930577	15654.294523339817	1.4419155	0.30000000000000004
12688.106225321006	750	12.028122006001283	0.0	345516	8180.221099561248	1.2153444	-0.3500000000000001
12690.255624079991	300	13.87872324701696	0.0	161857	2149.3987589843223	1.0445733	-0.15000000000000002
12691.444270607322	300	16.690076719684743	0.0	145210	1188.6465273322176	1.1615082	0.3
12699.057130593723	1850	13.077216733284724	0.0	973972	7612.85998640002	1.3223661	0.30000000000000004
12706.831164781312	1850	9.303182545695105	0.0	958994	7774.03418758962	1.4454403	1.85
12714.184466860974	1200	5.949880466031957	0.0	638661	7353.302079663147	1.2947556	0.5499999999999999
12716.593976216735	300	7.540371110270862	0.0	137507	2409.509355761095	0.8183744	-0.6000000000000001
12723.014930411955	750	5.119416915049941	0.0	314107	6420.954195220921	0.6676778	0.3

