6340.939848569918	750	4.0	3.1328471558220468	450283	3132.8471558220467	0.74397975	-12.7212427700348
6342.002287729739	300	6.937560840178129	0.0	155580	1062.4391598218708	0.848609	-0.15000000000000002
6342.874681536596	300	10.065167033322226	0.0	139857	872.393806855903	1.0263975	0.3
6343.859212432828	300	13.080636137089297	0.0	155432	984.5308962329289	1.1327295	0.3
6344.856272129148	300	16.08357644076851	0.0	163442	997.0596963207871	1.199985	0.3
6348.03661120053	1200	16.903237369386392	0.0	520315	3180.3390713821204	1.248881	0.29999999999999993
6350.387735440963	750	18.55211312895374	0.0	352642	2351.1242404326536	1.390051	0.3
6355.997441456416	1200	16.94240711350131	0.0	709534	5609.706015452426	1.3226492	0.75
6359.086008348216	750	17.853840221701457	0.0	374758	3088.5668917998564	1.3368354	0.3
6363.861866864231	1200	17.077981705685538	0.0	560821	4775.858516015917	1.2959918	0.75
6367.39291112768	750	17.54693744223728	0.0	353220	3531.044263448262	1.3483895	0.3
6368.630647467419	300	20.309201102498104	0.0	156148	1237.7363397391762	1.2790425	-0.15000000000000002
6371.322612862368	750	21.617235707549302	0.0	386351	2691.9653949488034	1.270466	0.3
6374.9794212229945	750	21.96042734692285	0.0	434409	3656.8083606264518	1.361839	0.75
6379.538164852799	1200	21.401683717117617	0.0	526950	4558.7436298052335	1.3478831	0.75
6380.526465996062	300	24.41338257385439	0.0	138313	988.3011432632255	1.40447	-0.6000000000000001
6385.986976310989	1200	22.952872258928217	0.0	617242	5460.510314926173	1.32157	0.29999999999999993
6392.461423186594	1850	20.47842538332222	0.0	885714	6474.446875605993	1.4157474	1.2000000000000002
6395.320875425385	750	21.618973144532188	0.0	405596	2859.4522387900306	1.4729927	-0.3500000000000001
6396.518677111796	300	24.421171458120472	0.0	140881	1197.8016864117153	1.3726984	-0.15000000000000002
6399.609360499972	750	25.330488069944135	0.0	386472	3090.683388176336	1.3179923	0.3
6401.020880378315	300	27.918968191601788	0.0	157812	1411.5198783423482	1.3990424	-0.15000000000000002
6402.631047766498	300	30.30880080341918	0.0	163927	1610.1673881826048	1.3462412	0.3
6405.662849143142	750	31.276999426775184	0.0	343800	3031.8013766439976	1.3626887	0.3
6413.225537563372	1850	27.714311006544563	0.0	897976	7562.68842023062	1.4394192	0.75
6414.551552062934	300	30.38829650698303	0.0	153938	1326.0144995615346	1.537385	-1.25
6416.172935415943	300	32.76691315397414	0.0	181901	1621.383353008887	1.3824177	0.3
6419.151499580868	750	33.78834898904884	0.0	277716	2978.564164925302	1.4011374	0.3
6420.730542189146	300	36.20930638077053	0.0	153605	1579.0426082783165	1.4607769	-0.15000000000000002
6425.019488612789	1200	35.920359957126834	0.0	641447	4288.946423643691	1.4209371	0.29999999999999993
6427.148996285269	750	37.79085228464746	0.0	358218	2129.507672479378	1.609992	0.3
6429.658794831685	750	39.28105373823216	0.0	400322	2509.798546415301	1.5738815	0.75
6433.461918532087	1200	39.477930037829076	0.0	584349	3803.123700403079	1.5863376	0.75
6446.377127638675	2850	30.562720931241223	0.0	1587293	12915.209106587856	1.6803514	1.2000000000000002
6458.988262031343	2850	21.95158653857401	0.0	1492672	12611.134392667213	1.6299034	2.85
6466.674182312799	1850	18.265666257117857	0.0	943942	7685.920281456154	1.5361159	0.8500000000000001
6475.05161855053	2850	13.88823001938616	0.0	1139291	8377.436237731696	1.4916147	1.85
6482.218215089006	1850	10.72163348091133	0.0	938587	7166.5965384748315	1.5570557	0.8500000000000001
6487.577305692753	1200	9.362542877163635	0.0	605884	5359.0906037476925	1.334625	0.5499999999999999
6490.772535455371	750	10.167313114545632	0.0	390680	3195.2297626180043	1.1890368	0.3
6495.728466855152	1200	9.211381714764926	0.0	566904	4955.931399780706	1.1631012	0.75
6502.007064433875	1200	6.932784136042084	0.0	641452	6278.597578722842	1.1909285	1.2
6504.609047175001	750	8.33080139491522	0.0	372093	2601.982741126865	1.0426131	0.3
6510.451485327598	1850	6.488363242318941	0.0	973972	5842.438152596279	1.115655	0.75
6512.878198625333	750	8.061649944583372	0.0	398987	2426.713297735568	1.2486502	-0.3500000000000001
6514.101049012008	300	10.838799557908482	0.0	160064	1222.850386674891	1.1537827	-0.15000000000000002
6518.081792393144	1200	10.858056176773662	0.0	538612	3980.7433811348205	1.1411209	0.29999999999999993
6519.271186702638	300	13.668661867279429	0.0	118421	1189.3943094942333	1.3301289	-0.6000000000000001

