16621.565961158576	750	4.0	2.287148895543779	450283	2287.148895543779	1.4037894	-9.084740250838248
16623.983812906317	750	5.582148252258925	0.0	398865	2417.8517477410755	0.7310825	0.75
16626.92650630803	1200	6.639454850546712	0.0	571051	2942.6934017122135	0.8706195	0.75
16628.75767035117	750	8.80829080740639	0.0	382355	1831.1640431403216	1.0087688	0.3
16630.802375595547	750	10.763585563026753	0.0	411561	2044.7052443796379	1.0933721	0.75
16631.553881748696	300	14.012079409879686	0.0	126289	751.5061531470672	1.2423342	-0.15000000000000002
16633.365405526154	750	16.20055563242225	0.0	352642	1811.5237774574337	1.2693665	0.3
16644.675117780593	1850	8.890843377981541	0.0	1060487	11309.712254440708	1.3631233	0.75
16647.44183520661	300	10.124125951966143	0.0	150710	2766.717426015398	1.2049948	-1.25
16650.15902160649	300	11.40693955208514	0.0	139105	2717.186399881003	1.038544	0.3
16663.031039209094	1200	4.0	1.4650780505197527	607410	12872.017602604892	1.051405	-5.999835617234937
16669.568941140024	750	4.0	2.5379019309275708	405134	6537.901930927571	0.18459561	-10.612978302988553
16671.756648496994	300	5.812292643029218	0.0	160746	2187.707356970783	0.3665189	-0.15000000000000002
16674.308498414015	300	7.260442726009158	0.0	179801	2551.84991702006	0.2942453	0.3
16678.7610183665	750	6.807922773527334	0.0	337059	4452.519952481824	0.45944232	0.3
16680.070254110113	300	9.498687029912457	0.0	138313	1309.2357436148777	0.5624332	-0.15000000000000002
16682.679279431653	300	10.889661708371598	0.0	143509	2609.0253215408584	0.84733516	0.3
16686.281996151396	300	11.286944988628523	0.0	150616	3602.716719743074	0.8893675	0.3
16689.43069212111	300	12.138249018915896	0.0	165384	3148.6959697126285	0.8730293	0.3
16702.633556994395	1200	4.0	1.0646158543692892	586839	13202.864873285185	0.9519457	-4.277848173787944
16706.7059438631	300	4.0	0.07238686870580886	157671	4072.386868705809	0.07390325	-0.9112635354349781
16710.198439052187	300	4.507504810913222	0.0	157812	3492.495189086778	0.05851407	0.3
16712.87450258671	300	5.831441276391703	0.0	163927	2676.0635345215187	0.06725303	0.3
16714.158217615455	300	8.54772624764758	0.0	137654	1283.7150287441243	0.11151362	0.3
16715.481240488127	300	11.224703374973446	0.0	146754	1323.0228726741336	0.810226	0.3
16716.818607846224	300	13.887336016875935	0.0	153938	1337.3673580975094	0.9207024	0.3
16718.185465172686	300	16.520478690413373	0.0	181901	1366.857326462565	1.0607741	0.3
16719.00692245451	300	19.69902140859175	0.0	111155	821.4572818216212	1.2735094	0.3
16728.34581804284	2850	14.360125820262896	0.0	1498470	9338.895588328855	1.3572226	0.30000000000000027
16730.670405946687	750	16.03553791641738	0.0	400508	2324.5879038455164	1.474927	-1.35
16732.73623162908	750	17.969712234025458	0.0	358218	2065.825682391924	1.4014932	0.75
16736.78972088298	750	17.916222980120807	0.0	400322	4053.4892539046473	1.4502056	0.75
16739.83055196451	750	18.87539189859251	0.0	369834	3040.8310815282975	1.4001722	0.75
16754.366225071626	2850	8.339718791475395	0.0	1587293	14535.673107117116	1.4153441	0.75
16755.619229131793	300	11.086714731309137	0.0	179328	1253.0040601662574	1.2209187	-2.25
16763.190148531605	1850	7.515795331498739	0.0	943942	7570.919399810398	1.118502	0.30000000000000004
16767.56460634308	750	7.141337520023651	0.0	321064	4374.457811475088	1.2427723	-0.3500000000000001
16772.343705099578	750	6.362238763526248	0.0	361565	4779.098756497402	0.63738894	0.75
16775.113249235565	300	7.592694627540698	0.0	144254	2769.5441359855504	0.6929281	-0.15000000000000002
16778.002767562855	300	8.70317630024903	0.0	149991	2889.5183272916684	0.25886783	0.3
16780.752928843383	300	9.953015019722857	0.0	147968	2750.161280526173	0.7544913	0.3
16783.4346755462	300	11.271268316905493	0.0	161857	2681.7467028173646	0.7959011	0.3
16790.015966876617	750	8.689976986486984	0.0	372093	6581.291330418509	0.97363496	0.3
16793.679705835195	300	9.026238027910308	0.0	172312	3663.738958576678	0.72047454	-0.15000000000000002
16795.835437953207	300	10.870505909894902	0.0	167025	2155.732118015405	0.7251476	0.3
16797.20414475283	300	13.501799110274012	0.0	160064	1368.706799620889	0.94267	0.3
16799.47257348074	750	15.233370382364335	0.0	331053	2268.428727909677	1.122026	0.3
16803.237039129086	1200	15.468904734017986	0.0	550906	3764.4656483463486	1.3542912	0.75

