21848.327475540267	750	4.0	5.84241140162946	450283	5842.41140162946	1.6139126	-24.372369027006677
21850.060756285995	300	6.266719254268797	0.0	155580	1733.2807457312028	0.4395289	-0.15000000000000002
21852.919809840405	750	7.407665699861212	0.0	350812	2859.0535544075847	0.76321906	0.3
21854.1718781357	300	10.15559740456392	0.0	155432	1252.068295297294	0.87118703	-0.15000000000000002
21857.10793521497	750	11.219540325294481	0.0	411561	2936.0570792694384	0.9471166	0.3
21860.70217970699	1200	11.625295833274071	0.0	520315	3594.2444920204107	1.11785	0.75
21862.929993206042	750	13.397482334223179	0.0	352642	2227.813499050892	1.2166439	0.3
21864.019393231145	300	16.308082309119005	0.0	173849	1089.400025104175	1.2436558	-0.15000000000000002
21866.322356024422	750	18.005119515844246	0.0	374758	2302.9627932747585	1.3254602	0.3
21867.1354759683	300	21.19199957196489	0.0	139105	813.1199438793539	1.4002538	-0.15000000000000002
21869.44699298714	750	22.88048255312683	0.0	353220	2311.5170188380634	1.4018921	0.3
21873.18244018337	1200	23.145035356900056	0.0	594078	3735.447196226774	1.4527568	0.75
21876.624284475634	1200	23.7031910646336	0.0	624282	3441.8442922664535	1.508016	1.2
21881.76249675898	1200	22.564978781290833	0.0	687371	5138.212283342767	1.5235201	1.2
21889.277290292564	1200	19.05018524770477	0.0	526950	7514.793533586061	1.5058087	1.2
21897.758513341487	1200	14.568962198781863	0.0	587876	8481.22304892291	1.3949487	1.2
21901.000659726775	300	15.326815813493834	0.0	143509	3242.1463852880297	1.2718563	-0.6000000000000001
21903.613515273937	300	16.713960266335235	0.0	150616	2612.855547158601	1.1651552	0.3
21907.879372739942	750	16.44810280033204	0.0	405596	4265.857466003192	1.1845505	0.3
21911.137354956194	750	17.190120584077118	0.0	350713	3257.9822162549253	1.2568372	0.75
21913.02943205884	300	19.29804348143135	0.0	157671	1892.0771026457721	1.3044807	-0.15000000000000002
21914.80274600444	300	21.52472953583388	0.0	157812	1773.3139455974656	1.2410787	0.3
21916.40493918987	300	23.922536350402392	0.0	163927	1602.1931854314917	1.3001152	0.3
21919.76744104124	750	24.560034499034863	0.0	343800	3362.501851367527	1.3927698	0.3
21924.010757014184	1200	24.316718526087207	0.0	587236	4243.315972947659	1.4360745	0.75
21929.44671579861	1850	22.88075974166077	0.0	905935	5435.958784426436	1.5022473	1.2000000000000002
21930.59600044487	300	25.73147509540185	0.0	181901	1149.2846462589168	1.5606287	-1.25
21932.78066982933	750	27.546805710942497	0.0	277716	2184.669384459357	1.4934106	0.3
21940.938091105796	2850	23.389384434477407	0.0	1498470	8157.4212764650865	1.521146	0.75
21946.18798889958	1200	22.139486640698074	0.0	641447	5249.897793779337	1.5874747	-0.44999999999999996
21950.333908769386	1200	21.993566770890027	0.0	570392	4145.919869808047	1.5147531	1.2
21954.94213899066	1200	21.38533654961516	0.0	620283	4608.2302212748655	1.522597	1.2
21962.47260161599	1850	17.854873924284544	0.0	885062	7530.462625330617	1.5232457	1.2000000000000002
21969.41307539676	1850	14.914400143517671	0.0	1035329	6940.4737807668735	1.5115784	1.85
21972.276919236567	750	16.05055630370975	0.0	401088	2863.843839807917	1.4528984	-0.3500000000000001
21978.881202779732	1850	13.446272760543545	0.0	943942	6604.283543166208	1.3995743	0.75
21983.813553157885	1850	12.513922382391629	0.0	728962	4932.350378151915	1.4849585	1.85
21989.174754058153	1200	11.152721482124045	0.0	575591	5361.200900267585	1.4473538	0.5499999999999999
21996.5125017151	1200	7.814973825176095	0.0	605884	7337.74765694795	1.2802593	1.2
21997.400560833477	300	10.92691470680108	0.0	149991	888.0591183750141	0.9155602	-0.6000000000000001
21998.384586627642	300	13.942888912635306	0.0	147968	984.025794165775	1.1503953	0.3
21999.41956158014	300	16.907913960139144	0.0	161857	1034.9749524961635	1.3033813	0.3
22000.308336985705	300	20.019138554575598	0.0	145210	888.7754055635434	1.4015986	0.3
22004.02549308122	1200	20.30198245905817	0.0	634861	3717.1560955174264	1.4792014	0.29999999999999993
22009.449265946427	1850	18.87820959385167	0.0	958994	5423.772865206502	1.5495616	1.2000000000000002
22015.412835098585	1850	16.914640441692814	0.0	982064	5963.569152158858	1.5675526	1.85
22017.814209427008	750	18.513266113270095	0.0	331053	2401.374328422719	1.5750259	-0.3500000000000001
22018.840681473015	300	21.486794067259417	0.0	118421	1026.47204601068	1.5205989	-0.15000000000000002

