14641.364918515828	750	4.0	4.948165992489615	450283	4948.165992489616	1.1029451	-20.527113767705345
14642.771704322422	300	6.593214193405611	0.0	155580	1406.7858065943897	0.49371243	-0.15000000000000002
14645.308534638449	750	8.056383877378186	0.0	350812	2536.8303160274245	0.8031374	0.3
14646.726562749578	300	10.638355766249507	0.0	155432	1418.0281111286795	0.92456406	-0.15000000000000002
14650.766817328096	750	10.598101187732013	0.0	411561	4040.2545785174952	0.97582316	0.3
14656.69099280067	1200	8.673925715157951	0.0	520315	5924.175472574061	1.0525038	0.75
14663.400179615917	750	5.9647388999101185	0.0	352642	6709.186815247833	0.9863276	0.3
14665.188583304693	300	8.176335211134289	0.0	173849	1788.4036887758302	0.7045547	-0.15000000000000002
14668.72516302556	750	8.639755490267268	0.0	374758	3536.5797208670215	0.8758774	0.3
14670.172678102519	300	11.192240413307598	0.0	139105	1447.515076959669	0.95611894	-0.15000000000000002
14671.449604539614	300	13.915313976212577	0.0	141840	1276.9264370950204	1.0189198	0.3
14672.734714765927	300	16.630203749900314	0.0	156148	1285.1102263122646	1.1214093	0.3
14676.418062114017	750	16.94685640181066	0.0	386351	3683.3473480896537	1.2183876	0.3
14678.112106709972	300	19.252811805855913	0.0	179801	1694.0445959547449	1.3004345	-0.15000000000000002
14682.097712903851	750	19.267205611976227	0.0	337059	3985.606193879686	1.331028	0.3
14687.091185417396	750	18.273733098433212	0.0	366214	4993.472513543016	1.3405335	0.75
14689.24591006884	300	20.119008446988268	0.0	143509	2154.724651444943	1.305125	-0.15000000000000002
14692.694769804726	300	20.670148711102726	0.0	150616	3448.8597358855404	1.3068705	0.3
14696.954083427014	750	20.41083508881503	0.0	405596	4259.3136222876965	1.2486805	0.3
14703.701151683817	1850	17.663766832012595	0.0	923755	6747.068256802434	1.3469372	0.75
14707.541504291083	750	17.82341422474743	0.0	386472	3840.3526072651666	1.4641845	-0.3500000000000001
14712.97509814166	1200	16.38982037416855	0.0	616206	5433.59385057888	1.3195919	0.75
14719.797117007578	1200	13.567801508251438	0.0	656471	6822.018865917111	1.3598416	1.2
14723.346625333785	750	14.018293182045072	0.0	343800	3549.5083262063663	1.2526993	0.3
14725.270595982493	300	16.09432253333775	0.0	146754	1923.970648707321	1.2057487	-0.15000000000000002
14727.538119712723	300	17.826798803106765	0.0	153938	2267.523730230987	1.1736379	0.3
14733.441579844091	750	15.923338671739064	0.0	425781	5903.460131367702	1.196915	0.3
14737.64576021657	750	15.719158299259725	0.0	277716	4204.180372479339	1.2452934	0.75
14742.648833728295	300	14.716084787534095	0.0	153605	5003.07351172563	1.199553	-0.15000000000000002
14744.68578331356	300	16.67913520226922	0.0	149029	2036.9495852648763	1.0207062	0.3
14746.299901846736	300	19.06501666909267	0.0	157421	1614.1185331765464	1.1486883	0.3
14747.953185007505	300	21.411733508323604	0.0	157488	1653.2831607690696	1.2737812	0.3
14749.513796283807	300	23.851122232020305	0.0	143881	1560.6112763032995	1.334577	0.3
14753.14825238993	750	24.216666125897373	0.0	412837	3634.456106122933	1.379313	0.3
14754.713122012847	300	26.651796502982034	0.0	179328	1564.8696229153402	1.46018	-0.15000000000000002
14766.06641931243	2850	19.29849920339792	0.0	1439896	11353.29729958411	1.4709266	0.30000000000000027
14769.785672988852	1200	19.579245526976862	0.0	487812	3719.2536764210618	1.5327054	-0.44999999999999996
14772.274601236242	750	21.090317279586383	0.0	361565	2488.9282473904786	1.4972819	0.3
14778.60054094809	1850	18.76437756773911	0.0	908665	6325.939711847272	1.5111034	0.75
14782.535625776758	1200	18.829292739069302	0.0	587506	3935.0848286698065	1.5365391	0.5499999999999999
14784.879909827054	750	20.48500868877378	0.0	345516	2344.284050295522	1.5196198	0.3
14795.720402081644	2850	13.644516434182874	0.0	1527299	10840.492254590908	1.505003	0.75
14798.378320011903	750	14.986598503924368	0.0	372093	2657.917930258505	1.463584	-1.35
14799.835955327902	300	17.52896318792461	0.0	172312	1457.6353159997552	1.4211864	-0.15000000000000002
14805.656669613723	1200	15.708248902104195	0.0	630203	5820.714285820417	1.4280411	0.29999999999999993
14811.964312040867	1200	13.400606474959226	0.0	638661	6307.642427144969	1.4253693	1.2
14815.441481075479	750	13.92343744034845	0.0	331053	3477.1690346107753	1.3964592	0.3
14820.30258499028	1200	13.062333525546808	0.0	550906	4861.1039148016425	1.3143293	0.75

