1291.1124899402414	750	4.0	3.478694088168143	450283	3478.694088168143	1.5446904	-14.208384579123015
1294.643906660663	1200	4.468583279578313	0.0	611087	3531.416720421687	0.7586679	0.75
1296.9074596201503	750	6.2050303200912715	0.0	350812	2263.5529594870422	1.1146338	0.3
1297.915911658398	300	9.196578281843482	0.0	155432	1008.4520382477897	1.0531751	-0.15000000000000002
1302.659103055423	1200	8.453386884818613	0.0	652874	4743.191397024867	1.0660534	0.29999999999999993
1307.62539076567	1200	7.4870991745714495	0.0	520315	4966.287710247165	1.1803414	1.2
1309.833926890602	300	9.278563049639349	0.0	153295	2208.5361249320986	1.0879086	-0.6000000000000001
1312.6619982657626	300	10.450491674478894	0.0	173849	2828.0713751604553	0.9273975	0.3
1321.2556659920256	1200	5.856823948216068	0.0	584846	8593.667726262825	0.9378528	0.29999999999999993
1323.7538453086956	300	7.358644631545898	0.0	139105	2498.1793166701705	0.55939966	-0.6000000000000001
1327.1489753096778	300	7.963514630563761	0.0	141840	3395.130000982137	0.58147585	0.3
1329.469231145855	300	9.643258794386707	0.0	156148	2320.255836177054	0.5741885	0.3
1332.2401683888784	300	10.872321551363333	0.0	160746	2770.9372430233734	0.89907575	0.3
1335.718826380484	750	11.393663559757723	0.0	434409	3478.6579916056116	0.93452626	0.3
1336.6260175423508	300	14.486472397890926	0.0	140051	907.1911618667972	1.1337888	-0.15000000000000002
1341.137614981511	1200	13.974874958730753	0.0	587876	4511.597439160173	1.1836225	0.29999999999999993
1349.938874786452	1200	9.173615153789527	0.0	617242	8801.259804941226	1.2911133	1.2
1351.2573404424008	300	11.855149497840687	0.0	150616	1318.4656559488412	1.0159085	-0.6000000000000001
1352.6583088592567	300	14.454181080984672	0.0	165384	1400.9684168560136	1.0605466	0.3
1356.5371613112811	750	14.575328628960253	0.0	350713	3878.8524520244196	1.1652958	0.3
1361.1722334654505	750	13.940256474790866	0.0	386472	4635.0721541693865	1.2118464	0.75
1362.5399889844914	300	16.57250095574998	0.0	157812	1367.7555190408857	1.1731339	-0.15000000000000002
1365.745454917358	750	17.367035022883357	0.0	401853	3205.465932866625	1.2093396	0.3
1370.3063192152476	1200	16.806170724993734	0.0	536667	4560.86429788962	1.3034685	0.75
1371.5394168314233	300	19.573073108818146	0.0	146754	1233.0976161755905	1.3515468	-0.6000000000000001
1376.9137742518742	1200	18.19871568836712	0.0	590335	5374.357420451024	1.2632036	0.29999999999999993
1380.8365169410013	750	18.2759729992402	0.0	425781	3922.74268912692	1.3689135	0.3
1382.038478732904	300	21.07401120733743	0.0	111155	1201.961791902767	1.3060975	-0.15000000000000002
1387.4903233076277	1200	19.62216663261367	0.0	622896	5451.844574723764	1.2707427	0.29999999999999993
1388.8798781668818	300	22.232611773359537	0.0	149029	1389.5548592541327	1.3982842	-0.6000000000000001
1390.3742957119678	300	24.73819422827351	0.0	157421	1494.417545086027	1.303144	0.3
1391.845108313214	300	27.26738162702738	0.0	157488	1470.8126012461328	1.3280579	0.3
1395.6194292811015	750	27.493060659139786	0.0	369834	3774.320967887595	1.358224	0.3
1411.4548980618831	2850	15.65759187835814	0.0	1587293	15835.468780781644	1.4284395	0.75
1415.4870485842964	750	15.625441355944842	0.0	401088	4032.1505224132984	1.3348362	-1.35
1422.3096954432388	1200	12.802794497002408	0.0	598727	6822.646858942435	1.2833147	0.75
1427.0379022310751	1200	12.074587709166215	0.0	487812	4728.206787836191	1.2412444	1.2
1433.2054601192465	1200	9.907029820994781	0.0	575591	6167.557888171434	1.2759758	1.2
1434.558171947862	300	12.554317992379358	0.0	144254	1352.7118286154237	1.1592436	-0.6000000000000001
1439.5740570866533	1200	11.53843285358815	0.0	587506	5015.885138791208	1.1504909	0.29999999999999993
1441.371742431241	300	13.74074750900037	0.0	147968	1797.6853445877807	1.286431	-0.6000000000000001
1448.4600222154143	1200	10.652467724827208	0.0	641452	7088.279784173163	1.1658914	0.29999999999999993
1451.0216142940642	750	12.090875646177285	0.0	372093	2561.592078649923	1.1734275	0.3
1455.7857056004175	1200	11.326784339824	0.0	634861	4764.091306353285	1.2823006	0.75
1460.2968491448405	750	10.815640795400837	0.0	398987	4511.143544423163	1.3155516	0.3
1462.467649449644	300	12.644840490597563	0.0	160064	2170.8003048032747	1.1408225	-0.15000000000000002
1466.9356740868313	750	12.176815853410186	0.0	331053	4468.024637187376	1.1379237	0.3
1470.8706600403962	1200	12.241829899845218	0.0	550906	3934.985953564968	1.1934808	0.75

