16442.868496641197	750	4.0	5.775321338143219	450283	5775.321338143219	1.6040857	-24.08388175401584
16444.185656386064	300	6.682840255133825	0.0	155580	1317.159744866175	0.44346005	-0.15000000000000002
16445.302787916225	300	9.565708724972165	0.0	139857	1117.1315301616603	0.80593866	0.3
16450.264994660647	1200	8.60350198054996	0.0	617681	4962.206744422202	0.9281114	0.29999999999999993
16451.717283881764	300	11.151212759433694	0.0	163442	1452.2892211162668	1.0028561	-0.6000000000000001
16453.272622483335	300	13.59587415786363	0.0	126289	1555.338601570066	1.043072	0.3
16458.936907242383	1200	11.931589398812521	0.0	561791	5664.284759051108	1.0792303	0.29999999999999993
16468.870394380563	1850	5.998102260632295	0.0	1060487	9933.487138180226	1.1480289	1.2000000000000002
16470.396374478558	300	8.47212216263948	0.0	150710	1525.9800979928143	0.9779854	-1.25
16471.8515852315	300	11.016911409696947	0.0	139105	1455.2107529425343	0.9175385	0.3
16476.026455343348	1200	10.842041297848423	0.0	607410	4174.870111848522	1.0232857	0.29999999999999993
16481.581203455025	1200	9.28729318616948	0.0	594078	5554.748111678944	1.1822443	1.2
16484.574194407553	300	10.294302233642103	0.0	160746	2992.9909525273765	1.0876403	-0.6000000000000001
16495.72697872843	1200	4.0	0.8584820872359251	687371	11152.784320878029	0.9045432	-3.391472975114478
16497.202170299934	300	6.524808428497377	0.0	140051	1475.1915715026225	0.12526628	-0.6000000000000001
16501.66071269204	750	6.066266036391064	0.0	366214	4458.542392106313	0.6625782	0.3
16503.536343116826	300	8.190635611603424	0.0	143509	1875.6304247876403	0.67114604	-0.15000000000000002
16510.86938511184	1200	4.857593616588004	0.0	581493	7333.04199501542	0.7618509	0.29999999999999993
16513.832616556338	300	5.894362172090741	0.0	165384	2963.231444497263	0.3717876	-0.6000000000000001
16515.77409698268	300	7.952881745747151	0.0	140881	1941.480426343591	0.16141379	0.3
16519.423376635732	750	8.303602092698076	0.0	386472	3649.2796530490737	0.749637	0.3
16524.166365914014	750	7.560612814414288	0.0	399894	4742.989278283789	0.82865226	0.75
16530.93223215407	750	4.794746574356532	0.0	401853	6765.866240057756	0.852834	0.75
16532.991085089554	300	6.735893638875432	0.0	137654	2058.8529354811	0.13375868	-0.15000000000000002
16535.27387097451	300	8.453107753920163	0.0	146754	2282.7858849552686	0.42976162	0.3
16537.846406880548	300	9.880571847881761	0.0	153938	2572.5359060384008	0.763217	0.3
16540.89372108882	300	10.833257639607684	0.0	181901	3047.314208274078	0.8347977	0.3
16542.632241034822	300	13.094737693610146	0.0	111155	1738.5199459975372	0.91749	0.3
16548.79646942379	750	10.9305093046427	0.0	400396	6164.228388967446	0.98647124	0.3
16551.55615928637	300	12.170819442060024	0.0	149029	2759.6898625826743	0.9498392	-0.15000000000000002
16554.223528870352	300	13.503449858079772	0.0	157421	2667.3695839802526	0.9518265	0.3
16559.7124167219	750	12.014562006532941	0.0	400322	5488.887851546831	1.004385	0.3
16561.629539681424	300	14.097439047007219	0.0	143881	1917.122959525721	1.0043169	-0.15000000000000002
16563.980618100533	300	15.746360627900089	0.0	163444	2351.07841910713	1.0541942	0.3
16570.329032314607	750	13.397946413825835	0.0	401088	6348.414214074253	1.1032239	0.3
16573.43897428314	750	14.28800444529421	0.0	365161	3109.9419685316266	1.0636185	0.75
16574.530307074416	300	17.196671654017845	0.0	131610	1091.3327912763639	1.2441131	-0.15000000000000002
16580.34693760608	1200	15.380041122354337	0.0	575591	5816.63053166351	1.2846392	0.29999999999999993
16582.56068414422	300	17.166294584214633	0.0	144254	2213.746538139703	1.3510429	-0.6000000000000001
16591.04913683107	750	12.677841897367163	0.0	390680	8488.45268684747	1.2582985	0.3
16593.528011035476	300	14.198967692959654	0.0	147968	2478.8742044075098	1.0457393	-0.15000000000000002
16597.342256798347	750	14.384721930088476	0.0	384505	3814.245762871176	1.0759138	0.3
16598.612617294028	300	17.11436143440843	0.0	145210	1270.3604956800466	1.270521	-0.15000000000000002
16603.357765428485	750	16.369213299950424	0.0	438281	4745.148134458005	1.2879837	0.3
16608.85343192448	750	14.87354680395878	0.0	398987	5495.666495991644	1.3347979	0.75
16612.143439399362	750	15.583539329073494	0.0	393804	3290.007474885286	1.2066072	0.75
16613.75965059041	300	17.967328138025763	0.0	137507	1616.2111910477283	1.3427043	-0.15000000000000002
16619.278812263034	1200	16.44816646540391	0.0	550906	5519.161672621852	1.3465686	0.29999999999999993

