5241.7422181977345	750	4.0	6.650702047500183	450283	6650.702047500184	0.029808877	-27.84801880425079
5244.950550239111	300	4.7916679586228605	0.0	155580	3208.33204137714	0.39644888	-0.15000000000000002
5247.70364801808	300	6.038570179654275	0.0	139857	2753.0977789685853	0.48117042	0.3
5251.293137345298	300	6.449080852435839	0.0	155432	3589.4893272184354	0.6387781	0.3
5254.787460610428	300	6.9547575873057905	0.0	163442	3494.323265130049	0.56268275	0.3
5256.343022686084	300	9.399195511649754	0.0	126289	1555.5620756560363	0.73996055	0.3
5258.5966113904615	300	11.145606807272678	0.0	153295	2253.5887043770767	0.8480424	0.3
5265.452148361247	750	8.290069836487032	0.0	437162	6855.536970785646	0.90505445	0.3
5268.358837364671	300	9.38338083306293	0.0	150710	2906.6890034241014	0.84163874	-0.15000000000000002
5270.942953230963	300	10.799264966770751	0.0	139105	2584.115866292176	0.84473705	0.3
5272.937189452409	300	12.805028745325476	0.0	141840	1994.2362214452753	0.8904331	0.3
5275.002574481952	300	14.739643715782373	0.0	156148	2065.385029543104	0.97275126	0.3
5279.958277695126	750	13.78394050260865	0.0	386351	4955.703213173723	1.0714391	0.3
5281.977761288239	300	15.764456909495676	0.0	179801	2019.4835931129728	1.0670694	-0.15000000000000002
5288.014004998638	1200	13.728213199096805	0.0	526950	6036.243710398872	1.135193	0.29999999999999993
5292.276300416042	750	13.465917781692017	0.0	366214	4262.295417404787	1.2164613	0.3
5300.202413188893	1200	9.53980500884085	0.0	617242	7926.112772851167	1.1041969	0.75
5302.298423739504	300	11.443794458230197	0.0	150616	2096.010550610652	1.0023475	-0.6000000000000001
5306.803350519101	750	10.938867678633985	0.0	405596	4504.926779596213	0.9419359	0.3
5311.887711138373	1200	9.854507059361753	0.0	586839	5084.36061927223	1.0203341	0.75
5322.180936074681	1850	4.0	0.4387178769463826	891604	10293.224936308136	1.0634199	-0.686486870869445
5324.275900604968	300	5.905035469712297	0.0	157812	2094.9645302877025	0.2534437	-1.25
5330.09786392372	1200	4.0830721509602315	0.0	656471	5821.963318752066	0.20941004	0.29999999999999993
5331.484481677796	300	6.696454396884321	0.0	137654	1386.617754075911	0.14960575	-0.6000000000000001
5336.163023864454	750	6.017912210226092	0.0	359903	4678.542186658229	0.42187256	0.3
5341.698792289347	750	4.482143785332877	0.0	379700	5535.768424893215	0.50105804	0.75
5345.416877800825	300	4.764058273854111	0.0	181901	3718.0855114787655	0.050279565	-0.15000000000000002
5347.635834403404	300	6.545101671274706	0.0	111155	2218.956602579405	0.10121492	0.3
5349.65931445613	300	8.521621618548156	0.0	153605	2023.4800527265493	0.21833225	0.3
5350.772807382055	300	11.408128692622638	0.0	149029	1113.4929259255196	0.76929605	0.3
5352.023308885958	300	14.157627188720356	0.0	157421	1250.5015039022812	1.0165521	0.3
5353.617133587581	300	16.563802487097853	0.0	157488	1593.8247016225057	1.1454492	0.3
5355.090146297242	300	19.09078977743566	0.0	143881	1473.012709662192	1.238436	0.3
5356.797833824027	300	21.38310225065062	0.0	163444	1707.6875267850417	1.3066977	0.3
5364.006767813608	750	18.17416826107027	0.0	401088	7208.933989580349	1.3766382	0.3
5367.658776198785	300	18.522159875893795	0.0	159914	3652.0083851764753	1.2986137	-0.15000000000000002
5370.398578740864	300	19.782357333814893	0.0	131610	2739.8025420789	1.2832522	0.3
5378.34106594129	750	15.839870133388871	0.0	361565	7942.487200426022	1.2976719	0.3
5382.602682526268	750	15.578253548410514	0.0	378327	4261.616584978357	1.1528028	0.75
5384.143559310392	300	18.037376764286243	0.0	149991	1540.8767841242723	1.2415868	-0.15000000000000002
5388.810735742113	1200	17.370200332565567	0.0	566904	4667.176431720678	1.2906659	0.29999999999999993
5390.163570716358	300	20.017365358321108	0.0	161857	1352.834974244458	1.40114	-0.6000000000000001
5391.3521960763865	300	22.828739998292587	0.0	145210	1188.6253600285218	1.3982229	0.3
5403.597541351436	1850	14.5833947232431	0.0	973972	12245.345275049485	1.4584723	0.30000000000000004
5422.367480455614	1850	4.0	4.186544380934809	958994	18769.93910417791	1.3559358	-16.152140838019676
5423.892148353366	300	6.4753321022475	0.0	160064	1524.6678977524998	0.07514023	-1.25
5425.1161614814555	300	9.251318974158151	0.0	137507	1224.0131280893472	0.5115235	0.3
5426.272211441009	300	12.095269014604655	0.0	118421	1156.049959553497	0.9556428	0.3

