21631.722583937597	750	4.0	1.256359210868177	450283	1256.359210868177	1.4433765	-4.652344606733161
21633.031457370365	750	6.691126567228839	0.0	398865	1308.8734327711609	1.225692	0.75
21635.057944914664	1200	8.664639022929155	0.0	571051	2026.4875442996838	1.280735	0.75
21636.680840539153	1200	11.041743398439095	0.0	617681	1622.8956244900596	1.3694131	1.2
21641.184683506846	1850	10.53790043074528	0.0	996749	4503.842967693816	1.4304185	1.2000000000000002
21641.64389783715	300	14.078686100441699	0.0	126289	459.21433030358065	1.4095497	-1.25
21642.165084177916	300	17.557499759677462	0.0	153295	521.1863407642336	1.2901231	0.3
21642.789570733003	300	20.93301320458803	0.0	173849	624.4865550894373	1.3282042	0.3
21643.392740030376	300	24.329843907214904	0.0	150710	603.1692973731224	1.3489834	0.3
21644.81768357583	750	26.90490036176085	0.0	362795	1424.9435454540562	1.3665353	0.3
21646.26983784139	750	29.452746096199437	0.0	353220	1452.1542655614091	1.4543644	0.75
21648.6473707358	1200	31.075213201788216	0.0	594078	2377.5328944112184	1.4677591	0.75
21651.185039106444	1200	32.53754483114514	0.0	624282	2537.6683706430736	1.5568352	1.2
21653.49070799778	750	34.2318759398106	0.0	434409	2305.668891334548	1.5718417	0.3
21654.51428218651	750	37.20830175107757	0.0	337059	1023.5741887330289	1.4827374	0.75
21655.82710241714	750	39.89548152044475	0.0	366214	1312.820230632826	1.5850201	0.75
21657.15676693636	750	42.5658170012252	0.0	360831	1329.6645192195444	1.5979445	0.75
21659.394815725715	1200	44.32776821187303	0.0	581493	2238.0487893521677	1.6295403	0.75
21662.174611661067	1200	45.54797227652205	0.0	639204	2779.795935350981	1.7139543	1.2
21664.783563994424	1850	46.93901994316525	0.0	923755	2608.9523333568	1.7155049	1.2000000000000002
21669.339364299954	4300	46.38321963763511	0.0	2039773	4555.800305530149	1.3549528	1.8499999999999996
21675.209144859928	4300	44.51343907765844	0.0	2176469	5869.780559976668	0.34441507	4.3
21682.272569009518	4300	41.450014928069	0.0	2221506	7063.424149589441	0.35067973	4.3
21687.931382923565	4300	39.791201014018725	0.0	2044075	5658.813914050274	0.3645134	4.3
21693.93242140979	4300	37.790162527793555	0.0	2186790	6001.038486225175	0.35654297	4.3
21703.46553426449	4300	32.25704967309339	0.0	2105231	9533.112854700163	0.36043882	4.3
21725.294772942238	4300	14.42781099534652	0.0	2395588	21829.238677746867	0.5615393	4.3
21736.295852258707	1200	7.426731678876859	0.0	487160	11001.079316469662	1.3348466	-1.9000000000000001
21739.061975404344	300	8.660608533240993	0.0	153605	2766.123145635866	0.6109822	-0.6000000000000001
21741.566543714416	300	10.156040223171782	0.0	149029	2504.5683100692113	0.7247875	0.3
21742.743836440008	300	12.978747497580683	0.0	157421	1177.2927255910972	0.9410032	0.3
21745.48310541801	750	14.239478519578547	0.0	400322	2739.268978002136	1.1477213	0.3
21747.477452164258	750	16.24513177333272	0.0	369834	1994.346746245831	1.277529	0.75
21750.393607291095	1200	17.328976646495754	0.0	670129	2916.155126836964	1.3645357	0.75
21752.41485592481	750	19.30772801278135	0.0	401088	2021.2486337144062	1.490494	0.3
21753.418459699125	300	22.304124238467402	0.0	159914	1003.6037743139499	1.4194999	-0.15000000000000002
21754.18232459915	300	25.540259338439448	0.0	131610	763.8649000279511	1.3656166	0.3
21755.022666558707	300	28.69991737888302	0.0	124011	840.3419595564312	1.424556	0.3
21759.637482569047	1850	28.08510136854025	0.0	908665	4614.816010342769	1.4476388	0.30000000000000004
21776.62520571259	4300	15.097378224996323	0.0	2146120	16987.723143543928	1.6513021	1.8499999999999996
21782.060599145454	1850	13.661984792131735	0.0	858450	5435.393432864589	1.5034523	-0.6000000000000001
21788.62004868637	1200	11.102535251214366	0.0	641452	6559.449540917369	1.5177695	0.5499999999999999
21792.740065898004	750	10.982518039577899	0.0	372093	4120.017211636466	1.22699	0.3
21795.071380793765	300	12.651203143816872	0.0	172312	2331.314895761027	1.1559062	-0.15000000000000002
21804.09221216673	1200	7.6303717708522365	0.0	630203	9020.831372964636	1.1375803	0.29999999999999993
21806.534943187704	300	9.187640749879366	0.0	160064	2442.731020972871	0.87777925	-0.6000000000000001
21810.43394908476	750	9.28863485282224	0.0	331053	3899.0058970571263	0.9236414	0.3
21813.482893926088	750	10.23969001149162	0.0	314107	3048.94484133062	1.0878669	0.75

