10633.677009752324	750	4.0	11.415819972284071	450283	11415.81997228407	1.4976305	-48.338025880821505
10636.5000988247	300	5.176910927625635	0.0	155580	2823.0890723743646	0.04193735	-0.15000000000000002
10638.796501336625	300	6.880508415700065	0.0	139857	2296.4025119255693	0.29782018	0.3
10640.878835690231	300	8.798174062092835	0.0	155432	2082.334353607229	0.5373357	0.3
10643.842012024099	300	9.834997728226448	0.0	163442	2963.1763338663886	0.8770443	0.3
10647.08246009777	300	10.594549654555204	0.0	126289	3240.4480736712444	0.90082866	0.3
10649.748268363153	300	11.928741389173108	0.0	153295	2665.8082653820957	0.89874274	0.3
10654.24037849364	300	11.436631258687633	0.0	173849	4492.110130485475	0.9724965	0.3
10673.369456568978	1200	4.0	7.69244681665285	584846	19129.078075340483	0.9048996	-32.77752131160725
10677.104688369509	300	4.264768199470539	0.0	139105	3735.231800529461	0.013554772	-0.6000000000000001
10681.757384594637	300	4.0	0.3879280256594384	141840	4652.696225129977	0.041031525	-1.368090510335585
10687.087321527304	300	4.0	1.32993693266652	156148	5329.93693266652	0.022360746	-5.418728810466036
10692.460495495649	300	4.0	1.3731739683453752	160746	5373.173968345375	0.011410057	-5.604648063885113
10696.854858688755	300	4.0	0.3943631931056261	179801	4394.363193105626	0.008385925	-1.3957617303541923
10698.904562042333	300	5.950296646421114	0.0	140051	2049.703353578886	0.009992879	0.3
10700.240754946184	300	8.614103742570677	0.0	138313	1336.1929038504372	0.12381414	0.3
10701.644157980267	300	11.2107007084863	0.0	143509	1403.4030340843753	0.5413799	0.3
10702.931379422736	300	13.923479266015418	0.0	150616	1287.221442470882	0.9510904	0.3
10705.82911461495	750	15.025744073804368	0.0	405596	2897.73519221105	1.0648983	0.3
10709.71653703942	1200	15.138321649333221	0.0	586839	3887.4224244711463	1.2195041	0.75
10713.510390357498	1200	15.34446833125438	0.0	601738	3793.8533180788418	1.3261997	1.2
10716.343876890389	750	16.510981798362494	0.0	399894	2833.4865328918872	1.3482926	0.3
10719.393862422632	750	17.46099626611889	0.0	401853	3049.985532243602	1.2906443	0.75
10721.755704711637	750	19.09915397711484	0.0	343800	2361.8422890040483	1.3071758	0.75
10723.921586367114	750	20.933272321637126	0.0	359903	2165.881655477714	1.3457983	0.75
10724.761762345097	300	24.09309634365364	0.0	153938	840.1759779834847	1.3869942	-0.15000000000000002
10725.680447987022	300	27.174410701728732	0.0	181901	918.6856419249104	1.3589821	0.3
10727.87372429878	1200	28.98113438997058	0.0	487160	2193.276311758149	1.4024029	0.29999999999999993
10728.644468449265	300	32.21039023948745	0.0	153605	770.7441504831331	1.5844368	-0.6000000000000001
10732.069768007252	1200	32.78509068150065	0.0	641447	3425.299557986804	1.4442719	0.29999999999999993
10736.629119100073	1850	32.22573958867968	0.0	873429	4559.35109282097	1.602507	1.2000000000000002
10743.483957004497	2850	29.370901684256065	0.0	1497683	6854.83790442361	1.6857631	1.85
10749.131382878346	2850	27.723475810406313	0.0	1358081	5647.425873849751	1.3714924	2.85
10758.983176224518	4300	21.8716824642359	0.0	2286761	9851.793346170418	1.2275455	2.8499999999999996
10767.4276953357	2850	17.427163353051977	0.0	1492672	8444.519111183923	0.98648787	1.4000000000000001
10771.05992589081	1200	17.794932797944785	0.0	598727	3632.2305551071913	1.6161327	-0.44999999999999996
10775.678356932496	1850	17.176501756257753	0.0	728962	4618.431041687033	1.4921129	1.2000000000000002
10777.256113140442	750	19.598745548312415	0.0	361565	1577.7562079453394	1.5658308	-0.3500000000000001
10781.19070170186	1850	19.664156986892284	0.0	908665	3934.5885614201293	1.5199388	0.75
10787.22969123036	2850	17.62516745839513	0.0	1402287	6038.989528497156	1.6575873	1.85
10788.808690886135	750	20.046167802618587	0.0	345516	1578.9996557765405	1.4366798	-1.35
10790.485446763123	750	22.36941192563123	0.0	384505	1676.7558769873565	1.5473704	0.75
10794.293438104858	1850	22.56142058389441	0.0	886255	3807.991341736819	1.5943505	0.75
10798.409766327744	1850	22.445092361008143	0.0	973972	4116.328222886268	1.5958369	1.85
10805.089655582793	2850	19.76520310595904	0.0	1464921	6679.8892550491055	1.563748	1.85
10816.149311822379	4300	12.705546866372298	0.0	2246506	11059.656239586739	1.1776457	2.8499999999999996
10829.18080068953	4300	4.0	0.32594200077876484	1961140	13031.488867151063	1.3792529	2.898449396651311
10831.411989481323	750	5.768811208206745	0.0	314107	2231.1887917932554	1.3765953	-2.8

