9327.428542947822	750	4.0	1.9602828539084163	450283	1960.2828539084162	0.32986838	-7.67921627180619
9328.386398213104	300	7.042144734719407	0.0	155580	957.8552652805936	1.1099004	-0.15000000000000002
9329.189039064728	300	10.239503883094654	0.0	139857	802.6408516247513	1.0573117	0.3
9330.94873962219	750	12.479803325631064	0.0	382355	1759.7005574635896	1.1568205	0.3
9332.553696639725	750	14.874846308097682	0.0	411561	1604.9570175333834	1.3179193	0.75
9335.918689225047	1850	15.509853722774537	0.0	801058	3364.992585323146	1.3712751	0.75
9338.922669214347	1200	16.505873733475536	0.0	561791	3003.979989299002	1.5036627	0.5499999999999999
9340.794340784574	750	18.634202163249245	0.0	437162	1871.6715702262882	1.3948954	0.3
9341.318151803409	300	22.110391144413196	0.0	150710	523.8110188360516	1.377174	-0.15000000000000002
9344.380718255328	1850	23.047824692494878	0.0	913888	3062.5664519183197	1.3642149	0.30000000000000004
9350.318331946586	1850	21.110211001238437	0.0	939819	5937.61369125644	1.5963417	1.85
9358.058532856487	1850	17.37001009133787	0.0	917428	7740.200909900566	1.4801168	1.85
9365.565433404627	1850	13.863109543197941	0.0	946851	7506.900548139929	1.4007437	1.85
9367.16490863708	300	16.263634310744198	0.0	179801	1599.4752324537428	1.3623936	-1.25
9372.3741472511	1200	15.054395696725093	0.0	526950	5209.2386140191065	1.213145	0.29999999999999993
9376.746307279129	1200	14.682235668695128	0.0	587876	4372.160028029965	1.3105575	1.2
9381.838859670168	1850	13.58968327765557	0.0	966699	5092.552391039556	1.3394637	1.2000000000000002
9384.353765661052	1200	15.074777286771848	0.0	581493	2514.905990883723	1.4410871	0.5499999999999999
9387.599778289476	1200	15.828764658346051	0.0	639204	3246.0126284257963	1.4306973	1.2
9389.151441294822	750	18.277101653000813	0.0	350713	1551.6630053452398	1.4090245	0.3
9391.142209415646	750	20.286333532176215	0.0	386472	1990.7681208245979	1.3935833	0.75
9396.315880585913	1850	19.112662361909653	0.0	955231	5173.671170266559	1.3935449	0.75
9398.415234438236	750	21.0133085095858	0.0	401853	2099.353852323853	1.5048149	-0.3500000000000001
9399.103209947241	300	24.325333000582006	0.0	137654	687.9755090037938	1.4038875	-0.15000000000000002
9401.442515435032	750	25.98602751279183	0.0	359903	2339.305487790179	1.369431	0.3
9403.270579122509	750	28.15796382531417	0.0	379700	1828.0636874776567	1.426887	0.75
9405.213576982822	750	30.214965965002275	0.0	425781	1942.9978603118977	1.481557	0.75
9408.537691360076	1850	30.89085158775021	0.0	758197	3324.1143772520622	1.5155166	0.75
9412.718143418746	1850	30.710399529078735	0.0	972798	4180.452058671475	1.6861494	1.85
9416.845755111455	1200	30.58278783636965	0.0	641447	4127.611692709084	1.6827793	0.5499999999999999
9419.089928802967	750	32.33861414485781	0.0	358218	2244.1736915118436	1.5562545	0.3
9421.388137674448	750	34.04040527337524	0.0	400322	2298.208871482564	1.5145178	0.75
9425.693480197011	1850	33.73506275081295	0.0	885062	4305.342522562291	1.5483698	0.75
9428.305058290562	1200	35.12348465726191	0.0	670129	2611.578093551034	1.6600031	0.5499999999999999
9433.75955289632	2850	33.66899005150392	0.0	1492672	5454.494605757995	1.7104375	1.2000000000000002
9441.364200058413	4300	30.064342889408845	0.0	2143948	7604.647162095073	0.7226511	2.8499999999999996
9446.948197125692	4300	28.48034582212999	0.0	1919781	5583.997067278856	0.39138466	4.3
9452.22967556851	4300	27.198867379312905	0.0	2147467	5281.478442817087	0.3700544	4.3
9457.957463900679	4300	25.471079047145786	0.0	2133870	5727.788332167122	0.36363685	4.3
9463.858807882185	4300	23.569735065639907	0.0	2146120	5901.343981505876	0.37046716	4.3
9468.944865796075	4300	22.48367715175031	0.0	2108491	5086.057913889596	0.37722254	4.3
9473.98678807341	4300	21.44175487441492	0.0	2184571	5041.922277335394	0.37056577	4.3
9479.281719430033	4300	20.146823517792008	0.0	2121928	5294.931356622912	0.37121177	4.3
9486.184561345888	4300	17.24398160193653	0.0	2219102	6902.841915855479	0.380973	4.3
9492.127070232555	4300	15.301472715270057	0.0	2124950	5942.508886666472	0.44098353	4.3
9502.257139484298	4300	9.171403463527396	0.0	2246506	10130.06925174266	0.43539032	4.3
9509.783772209252	4300	5.644770738574176	0.0	1961140	7526.6327249532205	1.4763285	4.3
9519.501133869187	4300	4.0	4.072590921362851	2155012	9717.361659937027	1.4758755	-13.212140961860257

