14390.212066508448	750	4.0	4.264022486880352	450283	4264.022486880352	0.7276402	-17.585296693585512
14393.540641224343	750	4.6714252841044255	0.0	398865	3328.5747158955746	0.6104491	0.75
14396.173873650623	300	6.038192857824989	0.0	139857	2633.2324262794364	0.7674822	-0.15000000000000002
14400.359179533974	300	5.852886974473263	0.0	155432	4185.305883351726	0.5105088	0.3
14404.74087828008	300	5.471188228370125	0.0	163442	4381.698746103138	0.30449986	0.3
14408.039078315649	300	6.172988192799585	0.0	126289	3298.2000355705395	0.22299543	0.3
14412.989861678905	300	5.222204829542793	0.0	153295	4950.783363256793	0.28571987	0.3
14416.039362727328	300	6.172703781122051	0.0	173849	3049.501048420742	0.09836676	0.3
14417.783194753609	300	8.428871754840568	0.0	150710	1743.8320262814834	0.24386631	0.3
14419.121542444846	300	11.090524063605326	0.0	139105	1338.3476912352417	0.71257514	0.3
14420.386004725911	300	13.826061782540002	0.0	141840	1264.4622810653234	0.99005413	0.3
14421.613976911172	300	16.598089597279355	0.0	156148	1227.9721852606476	1.0931653	0.3
14434.110312031431	1850	8.101754477020284	0.0	946851	12496.335120259071	1.1734103	0.30000000000000004
14437.335915525351	750	8.876150983101224	0.0	434409	3225.603493919059	1.0071837	-0.3500000000000001
14440.79761766413	750	9.414448844321498	0.0	337059	3461.7021387797263	1.0414131	0.75
14447.17576385059	1200	7.036302657862053	0.0	587876	6378.146186459445	1.0402513	0.75
14448.343636074158	300	9.868430434295378	0.0	143509	1167.8722235666742	0.99593157	-0.6000000000000001
14449.942343675657	300	12.269722832795802	0.0	150616	1598.7076014995764	1.0062437	0.3
14457.366721771195	750	8.845344737257008	0.0	405596	7424.378095538793	1.0652837	0.3
14459.037320412177	300	11.174746096274648	0.0	140881	1670.5986409823588	0.7967065	-0.15000000000000002
14460.52103853257	300	13.691027975882157	0.0	157671	1483.7181203924906	0.9787522	0.3
14468.638974300355	1200	9.573092208098148	0.0	616206	8117.93576778401	1.1170807	0.29999999999999993
14470.464524585323	300	11.74754192312873	0.0	163927	1825.5502849694174	1.047229	-0.6000000000000001
14474.148283199647	750	12.063783308805471	0.0	343800	3683.7586143232597	1.020002	0.3
14478.808686603414	750	11.40337990503896	0.0	359903	4660.403403766509	1.1301744	0.75
14485.102593465243	1200	9.109473043210341	0.0	590335	6293.90686182862	1.0719099	0.75
14491.393842493891	1200	6.818224014561597	0.0	696376	6291.249028648744	1.075325	1.2
14492.40073334992	300	9.811333158533907	0.0	111155	1006.8908560276891	0.9595311	-0.6000000000000001
14498.918532104	1200	7.293534404453281	0.0	622896	6517.798754080626	0.98730934	0.29999999999999993
14503.62883843132	750	6.583228077135235	0.0	400508	4710.306327318046	0.95048314	0.3
14505.296159990594	300	8.915906517861158	0.0	157421	1667.321559274077	0.5705975	-0.15000000000000002
14509.43918953168	750	8.772876976775478	0.0	400322	4143.02954108568	0.85987526	0.3
14513.084686458511	750	9.127380049945195	0.0	369834	3645.4969268302825	0.97480893	0.75
14520.486434519666	1200	5.725631988791971	0.0	670129	7401.748061153225	1.0090004	0.75
14525.32271122444	300	4.889355284017381	0.0	179328	4836.276704774589	0.50388217	-0.6000000000000001
14529.555366186847	300	4.65670032160933	0.0	159914	4232.654962408052	0.08155456	0.3
14533.25780705128	300	4.9542594571772565	0.0	131610	3702.440864432074	0.039089657	0.3
14537.313393498738	300	4.898673009720265	0.0	124011	4055.586447456991	0.04422881	0.3
14539.613285298761	300	6.598781209696719	0.0	144254	2299.8918000235467	0.03243431	0.3
14541.40946030074	300	8.802606207718583	0.0	149991	1796.1750019781357	0.2576612	0.3
14544.416394096013	750	9.795672412445404	0.0	345516	3006.9337952731803	0.64844334	0.3
14548.156419517929	750	10.055646990529969	0.0	384505	3740.0254219154335	1.0780511	0.75
14557.119520558912	1200	5.092545949546209	0.0	599477	8963.10104098376	1.0827973	0.75
14558.697243582152	300	7.514822926307168	0.0	172312	1577.7230232390411	0.27552718	-0.6000000000000001
14560.005367088745	300	10.20669941971377	0.0	167025	1308.123506593398	0.6815577	0.3
14566.552671001311	1200	7.659395507147301	0.0	638661	6547.303912566469	1.0809011	0.29999999999999993
14568.59528193041	300	9.61678457804879	0.0	137507	2042.6109290985119	1.0766444	-0.6000000000000001
14569.650367383932	300	12.561699124525676	0.0	118421	1055.085453523113	0.9828132	0.3

