9520.892731321976	750	4.0	1.3915974527875299	450283	1391.5974527875298	1.6048836	-5.233869046986379
9522.204057865876	750	6.688673456098364	0.0	398865	1311.3265439016354	1.2022154	0.75
9524.465010615362	1200	8.427720706612567	0.0	571051	2260.952749485798	1.2806311	0.75
9525.82011610716	750	11.072615214815952	0.0	382355	1355.1054917966144	1.3489612	0.3
9529.206327296613	1850	11.68640402536069	0.0	996749	3386.211189455264	1.328042	0.75
9532.10315730619	1850	12.789574015783229	0.0	801058	2896.8300095774584	1.4816546	1.85
9534.803902050931	1850	14.088829271043632	0.0	905515	2700.744744739596	1.4865726	1.85
9537.937633340387	1850	14.95509798158868	0.0	1060487	3133.731289454952	1.5151774	1.85
9539.720858752193	1200	17.171872569781957	0.0	584846	1783.2254118067221	1.5164045	0.5499999999999999
9540.198771609517	300	20.69395971245769	0.0	139105	477.9128573242662	1.4684371	-0.6000000000000001
9542.399543342472	1200	22.49318797950421	0.0	607410	2200.771732953478	1.3556347	0.29999999999999993
9543.07140934932	300	25.821321972654683	0.0	156148	671.8660068495276	1.500566	-0.6000000000000001
9543.755166191146	300	29.137565130828655	0.0	160746	683.7568418260322	1.3783349	0.3
9546.35529367863	1200	30.537437643346998	0.0	687371	2600.127487481655	1.4031188	0.29999999999999993
9549.406525493396	1850	31.486205828578946	0.0	821631	3051.231814768053	1.5723498	1.2000000000000002
9558.62887810041	4300	26.26385322156554	0.0	2152483	9222.352607013407	1.6742959	1.8499999999999996
9567.898870711939	4300	20.993860610037096	0.0	2289689	9269.992611528442	1.1844585	4.3
9573.005353998435	2850	19.887377323542783	0.0	1358801	5106.483286494314	1.3714453	1.4000000000000001
9578.855585001698	2850	18.03714632027845	0.0	1537156	5850.231003264331	1.6270894	2.85
9580.309997772765	750	20.582733549212012	0.0	350713	1454.412771066439	1.6296079	-1.35
9583.046700940678	1200	21.846030381297734	0.0	601738	2736.703167914277	1.4481262	0.75
9585.740264727086	1200	23.15246659488895	0.0	616206	2693.5637864087826	1.508057	1.2
9591.68909861056	2850	21.203632711412784	0.0	1505760	5948.833883476163	1.5254029	1.2000000000000002
9593.196590929578	750	23.696140392397684	0.0	343800	1507.4923190151007	1.6073061	-1.35
9593.806064563283	300	27.08666675869156	0.0	146754	609.4736337061207	1.4669652	-0.15000000000000002
9595.404135764136	750	29.48859555783832	0.0	379700	1598.0712008532416	1.4288837	0.3
9598.068070550526	1200	30.82466077144993	0.0	696376	2663.9347863883872	1.5206189	0.75
9599.898409046447	1200	32.99432227552905	0.0	487160	1830.338495920884	1.6354271	1.2
9603.110188626992	1850	33.78254269498377	0.0	972798	3211.7795805452774	1.6649926	1.2000000000000002
9608.60548428288	2850	32.28724703909678	0.0	1561263	5495.295655886988	1.623171	1.85
9611.519079552401	1850	33.373651769574344	0.0	873429	2913.595269522438	1.0310059	0.8500000000000001
9616.925222783804	2850	31.96750853817183	0.0	1497683	5406.143231402513	1.5891907	1.85
9625.26250705664	4300	27.630224265337667	0.0	2191074	8337.284272834164	0.9492914	2.8499999999999996
9632.790517822772	4300	24.10221349920321	0.0	2286761	7528.01076613446	0.5521004	4.3
9641.815136874808	4300	19.077594447168078	0.0	2307787	9024.61905203513	0.5324777	4.3
9650.344139642166	4300	14.548591679810391	0.0	2143948	8529.002767357686	0.863245	4.3
9656.69203740201	4300	12.200693919966096	0.0	1919781	6347.897759844295	1.0603098	4.3
9669.626074462349	4300	4.0	0.733343140373534	2147467	12934.03706033963	0.93470913	1.146624496393804
9670.380922781858	300	7.245151680489264	0.0	144254	754.8483195107367	1.328822	-3.7
9671.962100047822	750	9.663974414526784	0.0	390680	1581.1772659624794	1.0830371	0.3
9674.400331896739	1200	11.225742565608533	0.0	566904	2438.2318489182503	1.3318989	0.75
9677.25275129788	1200	12.373323164467086	0.0	641452	2852.419401141445	1.4588395	1.2
9677.94438955366	300	15.681684908686913	0.0	145210	691.638255780173	1.483492	-0.6000000000000001
9680.413960555967	1200	17.21211390638097	0.0	634861	2469.571002305942	1.3922042	0.29999999999999993
9681.232656785181	300	20.39341767716683	0.0	167025	818.6962292141388	1.6215111	-0.6000000000000001
9682.917757392755	750	22.708317069593665	0.0	393804	1685.1006075731666	1.4756732	0.3
9684.26531058788	750	25.3607638744699	0.0	331053	1347.5531951237635	1.638323	0.75
9686.802764555394	1850	26.82330990695492	0.0	846370	2537.453967514983	1.6921475	0.75

