1111.0545998367563	750	4.0	2.184991174137217	450283	2184.991174137217	0.004705182	-8.645462048790034
1111.7347712046783	300	7.319828632077841	0.0	155580	680.1713679221592	0.74471384	-0.15000000000000002
1112.3598054557033	300	10.694794381052903	0.0	139857	625.034251024937	0.9473336	0.3
1116.8434057988936	1850	10.21119403786254	0.0	933276	4483.600343190363	1.1362917	0.30000000000000004
1117.7821536722208	300	13.272446164535214	0.0	163442	938.7478733273258	1.3458443	-1.25
1120.090147245975	300	14.964452590781017	0.0	126289	2307.9935737541987	1.2698873	0.3
1124.2610732876224	300	14.793526549133711	0.0	153295	4170.926041647306	1.2237428	0.3
1129.6067103161968	300	13.44788952055926	0.0	173849	5345.63702857445	1.1480054	0.3
1133.4180094449373	300	13.636590391818714	0.0	150710	3811.299128740546	1.1149303	0.3
1138.373183364883	750	12.68141647187294	0.0	362795	4955.173919945775	1.0774432	0.3
1139.7292000610848	300	15.325399775671004	0.0	141840	1356.0166962019362	1.1055171	-0.15000000000000002
1141.1648589779961	300	17.889740858759914	0.0	156148	1435.6589169110914	1.1640236	0.3
1143.171308585105	300	19.883291251651	0.0	160746	2006.4496071089177	1.2435234	0.3
1151.2403082471467	1200	15.81429158960923	0.0	687371	8068.999662041768	1.223757	0.29999999999999993
1153.0471503573276	750	18.007449479428132	0.0	337059	1806.842110181099	1.2681417	0.3
1154.935530986125	750	20.11906885063058	0.0	366214	1888.38062879755	1.3784664	0.75
1159.9459675874593	1850	19.108632249296317	0.0	966699	5010.436601334264	1.4487876	0.75
1163.3216126886216	1200	19.73298714813421	0.0	581493	3375.6451011621075	1.5572344	0.5499999999999999
1165.9077175165116	750	21.146882320244064	0.0	405596	2586.104827890145	1.4897532	0.3
1167.1089775184503	300	23.945622318305503	0.0	140881	1201.2600019385625	1.4478722	-0.15000000000000002
1168.5167563694195	300	26.537843467336444	0.0	157671	1407.778850969061	1.4169434	0.3
1176.2695378665683	1200	22.785061970187627	0.0	616206	7752.781497148814	1.4552734	0.29999999999999993
1179.9120261073417	750	23.14257372941404	0.0	401853	3642.4882407735886	1.440831	0.3
1182.5454071365027	1200	24.509192700253173	0.0	536667	2633.381029160864	1.444439	0.75
1183.2047408685876	300	27.84985896816835	0.0	146754	659.3337320848258	1.5600469	-0.6000000000000001
1183.854858078182	300	31.19974175857395	0.0	153938	650.117209594399	1.5105463	0.3
1184.610390452233	300	34.444209384522864	0.0	181901	755.5323740510813	1.5345882	0.3
1186.9973144603634	1200	36.057285376392656	0.0	487160	2386.9240081302137	1.567343	0.29999999999999993
1187.8495009084634	300	39.20509892829286	0.0	153605	852.1864480997937	1.5997176	-0.6000000000000001
1199.0347187476732	4300	32.01988108908293	0.0	2164140	11185.217839209934	1.5922344	0.2999999999999998
1200.9533358100211	750	34.10126402673505	0.0	358218	1918.6170623478843	1.5984066	-2.8
1202.4223533199765	750	36.63224651677959	0.0	400322	1469.0175099554622	1.5919523	0.75
1206.016505752608	1850	37.038094084148156	0.0	885062	3594.152432631435	1.615712	0.75
1207.930553117127	750	39.1240467196292	0.0	412837	1914.0473645189538	1.6394795	-0.3500000000000001
1213.0316211992938	1850	38.02297863746226	0.0	1026056	5101.068082166942	1.6240344	0.75
1218.9450208967285	2850	36.109578940027696	0.0	1439896	5913.399697434558	1.6211704	1.85
1220.4552598797277	1200	38.59933995702851	0.0	487812	1510.2389829991857	1.6164867	-0.44999999999999996
1223.453938030343	1850	39.60066180641323	0.0	938587	2998.678150615285	1.6686153	1.2000000000000002
1224.055273263444	300	42.99932657331217	0.0	144254	601.3352331010634	1.6400374	-1.25
1230.5558108069588	2850	40.49878902979739	0.0	1402287	6500.537543514776	1.6680813	0.30000000000000027
1234.8426816921212	2850	40.21191814463479	0.0	1339500	4286.870885162604	1.5398544	2.85
1236.955936579241	1200	42.098663257514964	0.0	641452	2113.254887119825	1.5075061	-0.44999999999999996
1239.75835944541	1850	43.29624039134623	0.0	886255	2802.422866168732	1.6617836	1.2000000000000002
1248.615855305327	4300	38.43874453142914	0.0	2219102	8857.495859917091	1.5854756	1.8499999999999996
1257.1393023427718	4300	33.91529749398432	0.0	2124950	8523.447037444823	1.0034199	4.3
1264.6163085955004	4300	30.438291241255655	0.0	2246506	7477.006252728664	1.142764	4.3
1275.8524214844447	4300	23.202178352311247	0.0	1961140	11236.112888944408	1.0961007	4.3
1281.8766752397821	2850	21.177924596973934	0.0	1364537	6024.253755337312	1.4368672	1.4000000000000001

