190.32413877525534	750	4.0	2.572266498290951	450283	2572.266498290951	1.2982041	-10.310745942651089
195.30923543430004	1200	4.0	0.9850966590447205	611087	4985.096659044721	1.0128325	-3.485915633892298
199.27856207375538	300	4.030673360544679	0.0	139857	3969.3266394553216	0.94158906	-0.6000000000000001
201.85069940772385	300	5.4585360265761995	0.0	155432	2572.137333968479	0.2243147	0.3
204.77524526339027	300	6.533990170909785	0.0	163442	2924.545855666414	0.3533289	0.3
206.9752335039384	300	8.334001930361682	0.0	126289	2199.9882405481044	0.45164865	0.3
210.03855111552397	300	9.270684318776112	0.0	153295	3063.31761158557	0.75020325	0.3
213.84653139148682	300	9.462704042813273	0.0	173849	3807.9802759628383	0.7832683	0.3
225.43691063409952	1200	4.0	2.127675199799416	584846	11590.37924261269	0.7171127	-8.849003359137487
227.57159225877476	300	5.865318375324743	0.0	139105	2134.6816246752574	0.059164867	-0.6000000000000001
229.37359263268027	300	8.06331800141925	0.0	141840	1802.0003739054935	0.28410208	0.3
231.38165104094568	300	10.055259593153808	0.0	156148	2008.0584082654404	0.67871386	0.3
233.4831426878304	300	11.953767946269101	0.0	160746	2101.491646884707	0.91960466	0.3
235.6429711166712	300	13.793939517428315	0.0	179801	2159.8284288407863	0.9928197	0.3
240.32066120201418	1200	13.11624943208533	0.0	526950	4677.690085342985	1.07019	0.29999999999999993
243.51746353283542	1200	13.919447101264101	0.0	587876	3196.8023308212296	1.2515628	1.2
246.34325780078802	1200	15.093652833311495	0.0	617242	2825.7942679526054	1.3395233	1.2
249.91528053012	1200	15.52163010397954	0.0	581493	3572.0227293319554	1.4020096	1.2
260.6195999897716	1200	8.817310644327907	0.0	639204	10704.319459651633	1.3654851	1.2
265.5331458802069	750	7.903764753892607	0.0	350713	4913.5458904353	0.8957255	0.3
269.21088668439506	300	8.2260239497044	0.0	157671	3677.7408041882068	0.78873163	-0.15000000000000002
276.75537460165657	750	4.681536032442894	0.0	399894	7544.4879172615065	0.5838325	0.3
279.1837180371843	300	6.253192596915185	0.0	163927	2428.343435527708	0.11979361	-0.15000000000000002
280.9905988252108	300	8.446311808888664	0.0	137654	1806.8807880265217	0.32731077	0.3
283.0051524324047	300	10.431758201694734	0.0	146754	2014.5536071939307	0.6919874	0.3
287.41567601108204	750	10.021234623017435	0.0	379700	4410.523578677299	0.9232937	0.3
291.1362606441713	750	10.300649989928166	0.0	425781	3720.5846330892687	0.9888926	0.75
292.2114948029471	300	13.225415831152338	0.0	111155	1075.234158775827	1.0574112	-0.15000000000000002
300.1595467204967	1200	9.277363913602793	0.0	622896	7948.051917549547	1.0831608	0.29999999999999993
302.0772997517735	300	11.35961088232593	0.0	149029	1917.753031276863	1.0255549	-0.6000000000000001
303.7357196697039	300	13.701190964395606	0.0	157421	1658.4199179303234	0.9893768	0.3
310.05927336514253	1200	11.377637268956958	0.0	620283	6323.553695438648	1.1077265	0.29999999999999993
315.2844719449095	1200	10.152438689189971	0.0	584349	5225.198579766987	1.1717077	1.2
319.74596994096095	1200	9.690940693138504	0.0	670129	4461.4979960514665	1.1592808	1.2
321.0415848120108	300	12.39532582208862	0.0	179328	1295.6148710498846	1.2047123	-0.6000000000000001
323.54945194508457	750	13.88745868901485	0.0	365161	2507.8671330737698	1.1445026	0.3
327.1517906195294	1200	14.285120014570023	0.0	487812	3602.3386744448267	1.2909195	0.75
329.5932912053878	750	15.84361942871161	0.0	361565	2441.500585858412	1.384483	0.3
331.58615909026196	750	17.850751543837465	0.0	378327	1992.8678848741451	1.3611501	0.75
336.9780112848076	1850	16.4588993492918	0.0	930577	5391.852194545665	1.4451454	0.75
343.88118594189086	1850	13.55572469220859	0.0	858450	6903.17465708321	1.5540814	1.85
345.83903735915413	300	15.597873274945334	0.0	161857	1957.8514172632572	1.4310353	-1.25
347.56091923722073	300	17.87599139687876	0.0	145210	1721.8818780665767	1.240707	0.3
360.97307073154235	1200	8.463839902557115	0.0	634861	13412.151494321643	1.2979894	0.29999999999999993
363.98795782521404	300	9.44895280888549	0.0	167025	3014.8870936716276	0.58128035	-0.6000000000000001
365.94533394633214	300	11.491576687767337	0.0	160064	1957.376121118154	0.81053203	0.3
369.1159562702531	750	12.320954363846385	0.0	331053	3170.622323920952	1.0953741	0.3
374.11515487044454	1200	11.321755763654947	0.0	550906	4999.198600191438	1.2661605	0.75

