18382.07552549504	750	4.0	1.464606764188326	450283	1464.606764188326	1.0093522	-5.547809086009802
18383.978920126676	1200	6.0966053683629875	0.0	611087	1903.394631637013	1.190075	0.75
18384.503653276413	300	9.57187221862558	0.0	139857	524.7331497374068	1.3547947	-0.6000000000000001
18385.135393394932	300	12.940132100108872	0.0	155432	631.7401185167078	1.2238541	0.3
18386.645505252618	750	15.430020242422982	0.0	411561	1510.1118576858898	1.2683022	0.3
18388.26069026023	1200	17.814835234810058	0.0	520315	1615.1850076129233	1.3861868	0.75
18390.141887937294	1200	19.933637557750068	0.0	561791	1881.1976770599958	1.4830903	1.2
18393.378140927696	1850	20.69738456734696	0.0	1060487	3236.2529904031085	1.4859464	1.2000000000000002
18396.11402467816	1850	21.961500816879408	0.0	852833	2735.883750467549	1.5724221	1.85
18396.797324538897	300	25.278200956144428	0.0	139105	683.2998607349814	1.58499	-1.25
18400.692352413982	1850	25.383173081058924	0.0	939819	3895.027875085503	1.3542141	0.30000000000000004
18402.542508938903	1200	27.533016556139536	0.0	594078	1850.1565249193875	1.5942703	0.5499999999999999
18404.50688190095	1200	29.568643594088382	0.0	624282	1964.372962051156	1.5614351	1.2
18408.002836817657	1850	30.072688677383113	0.0	1036454	3495.9549167052683	1.5839882	1.2000000000000002
18409.83788112216	1200	32.23764437287968	0.0	526950	1835.0443045034378	1.6709186	0.5499999999999999
18410.68712200259	300	35.388403492449896	0.0	138313	849.240880429782	1.6107335	-0.6000000000000001
18411.610471070842	300	38.465054424200126	0.0	143509	923.3490682497733	1.4207458	0.3
18413.890996722104	750	40.18452877293698	0.0	372963	2280.5256512631454	1.4396719	0.3
18416.70553855874	750	41.36998693630359	0.0	405596	2814.541836633391	1.5325911	0.75
18419.313969335602	750	42.76155615944191	0.0	350713	2608.43077686168	1.5329626	0.75
18422.94388955246	1850	43.13163594257799	0.0	891604	3629.920216863924	1.5437273	0.75
18425.500068879486	1200	44.57545661555509	0.0	616206	2556.1793270228986	1.5957735	0.5499999999999999
18427.108660652182	750	46.966864842857	0.0	401853	1608.5917726980883	1.7202966	0.3
18436.148232914536	4300	41.92729258050127	0.0	2044075	9039.572262355732	1.7006483	0.75
18445.488719954632	4300	36.586805540405024	0.0	2186790	9340.487040096243	0.42625713	4.3
18453.70515549556	4300	32.37036999947541	0.0	2105231	8216.435540929615	0.4987514	4.3
18462.648074990157	4300	27.42745050488163	0.0	2395588	8942.919494593778	0.483743	4.3
18469.812164954277	4300	24.26336054075848	0.0	1972048	7164.089964123153	0.6145493	4.3
18481.65628700387	4300	16.419238491170486	0.0	2134614	11844.122049587992	0.60003877	4.3
18495.799593874173	4300	6.27593162086305	0.0	2164140	14143.306870307437	1.5926459	4.3
18503.126690772235	1850	4.0	1.051165277197717	873429	7327.096898060767	1.3282284	-5.120010691950183
18504.87015746137	300	6.256533310865195	0.0	157488	1743.4666891348052	0.980536	-1.25
18506.167862606308	300	8.958828165926468	0.0	143881	1297.7051449387263	0.58902	0.3
18507.359371511222	300	11.767319261014984	0.0	163444	1191.508904911485	0.9733321	0.3
18509.907564322126	750	13.219126450112523	0.0	401088	2548.1928109024616	1.1139888	0.3
18513.630004559902	1200	13.496686212335707	0.0	598727	3722.440237776817	1.2808622	0.75
18514.40595091947	300	16.720739852764034	0.0	131610	775.946359571671	1.3775351	-0.6000000000000001
18519.4112674629	1850	15.715423309336554	0.0	938587	5005.316543427477	1.291203	0.30000000000000004
18522.189887885725	750	16.93680288650986	0.0	378327	2778.6204228266943	1.5392872	-0.3500000000000001
18523.12777007387	300	19.998920698363005	0.0	149991	937.8821881468551	1.3721628	-0.15000000000000002
18526.667974685886	1200	20.45871608634495	0.0	566904	3540.204612018056	1.3793026	0.29999999999999993
18530.882342757213	1200	20.244348015017312	0.0	641452	4214.368071327635	1.5475138	1.2
18536.245633617793	1850	18.881057154440654	0.0	886255	5363.290860576657	1.540544	1.2000000000000002
18582.523120199934	4300	4.0	27.396429427699687	2219102	46277.486582140344	1.6243229	-115.95464653910865
18585.155099445543	300	5.368020754390986	0.0	167025	2631.979245609014	0.038419526	-3.7
18586.764983251032	300	7.758136948904035	0.0	160064	1609.8838054869511	0.25308594	0.3
18588.099082429257	300	10.42403777067982	0.0	137507	1334.099178224213	0.76639235	0.3
18589.133996730834	300	13.38912346910125	0.0	118421	1034.9143015785712	1.0692863	0.3

