13830.029918009519	750	4.0	3.704434403261277	450283	3704.4344032612767	1.3184026	-15.17906793402349
13832.487787433687	750	5.542130575831285	0.0	398865	2457.869424168715	0.71060574	0.75
13835.503767676937	1200	6.526150332583107	0.0	571051	3015.980243248177	1.0590643	0.75
13837.546026466327	750	8.483891543192058	0.0	382355	2042.2587893910506	1.2107569	0.3
13840.053620352868	750	9.976297656651491	0.0	411561	2507.593886540565	1.1770892	0.75
13841.929059079454	750	12.100858930066623	0.0	318564	1875.4387265848686	1.1883622	0.75
13845.643249921464	1200	12.38666808805647	0.0	561791	3714.190842010151	1.2439262	0.75
13850.020570994553	1200	12.009347014968336	0.0	709534	4377.321073088135	1.2992508	1.2
13852.125791756147	750	13.904126253373263	0.0	374758	2105.2207615950724	1.2829527	0.3
13854.950321938995	1200	15.07959607052497	0.0	560821	2824.5301828482948	1.2784545	0.75
13860.062397981135	1850	13.967520028385351	0.0	939819	5112.076042139616	1.3874114	1.2000000000000002
13862.135745449115	750	15.894172560405627	0.0	405134	2073.3474679797246	1.427597	-0.3500000000000001
13864.55959132719	1200	17.470326682330708	0.0	624282	2423.84587807492	1.3285595	0.75
13869.247299840767	1850	16.782618168754553	0.0	1036454	4687.708513576152	1.458845	1.2000000000000002
13870.770716141331	750	19.25920186819051	0.0	337059	1523.4163005640423	1.4909636	-0.3500000000000001
13872.27587663291	750	21.754041376610708	0.0	366214	1505.1604915798025	1.3909233	0.75
13872.91759736871	300	25.112320640811376	0.0	143509	641.7207357993329	1.4289547	-0.15000000000000002
13874.488081626047	750	27.541836383474028	0.0	372963	1570.4842573373492	1.3780655	0.3
13876.905877592944	1200	29.124040416576033	0.0	639204	2417.795966897994	1.4715164	0.75
13878.404713351878	750	31.625204657643106	0.0	350713	1498.8357589329278	1.5763488	0.3
13880.07661305668	750	33.953304952839524	0.0	386472	1671.89970480359	1.5087544	0.75
13882.754277396	1200	35.2756406135199	0.0	616206	2677.6643393196196	1.53075	0.75
13885.92689221332	1850	36.10302579619829	0.0	968026	3172.6148173216134	1.6296993	1.2000000000000002
13889.042958707856	1850	36.98695930166287	0.0	874175	3116.0664945354133	1.6463944	1.85
13899.09230468788	4300	30.937613321639613	0.0	2186790	10049.34598002326	1.6378348	1.8499999999999996
13911.134420091066	4300	22.895497918453255	0.0	2105231	12042.115403186357	0.8302018	4.3
13917.92172269202	2850	20.108195317501547	0.0	1547572	6787.302600951709	1.5077868	1.4000000000000001
13922.417025710607	1200	19.61289229891352	0.0	487160	4495.303018588032	1.6158632	-0.44999999999999996
13925.455218833322	1200	20.574699176198976	0.0	622896	3038.193122714541	1.4227419	1.2
13929.114613409767	1200	20.915304599754553	0.0	641447	3659.394576444425	1.5130872	1.2
13930.6905658232	750	23.339352186320408	0.0	358218	1575.9524134341455	1.4889396	0.3
13933.942253300407	1200	24.087664709113174	0.0	620283	3251.687477207233	1.4900879	0.75
13938.368797096948	1850	23.66112091257453	0.0	885062	4426.543796538646	1.537352	1.2000000000000002
13940.978178550919	750	25.051739458604395	0.0	412837	2609.3814539701334	1.6316961	-0.3500000000000001
13941.941595001035	300	28.088323008488228	0.0	179328	963.4164501161698	1.4672991	-0.15000000000000002
13945.116677021602	1200	28.913240987920563	0.0	598727	3175.0820205676637	1.4517682	0.29999999999999993
13948.80355906909	1850	29.22635894043206	0.0	728962	3686.8820474885015	1.6380564	1.2000000000000002
13955.09111269892	2850	26.93880531060286	0.0	1499009	6287.553629829201	1.6547474	1.85
13957.769508892816	1850	28.260409116707066	0.0	908665	2678.396193895795	1.046993	0.8500000000000001
13960.995791214476	1850	29.03412679504471	0.0	930577	3226.282321662355	1.3473941	1.85
13968.067906253937	4300	25.962011755586794	0.0	2108491	7072.115039457916	1.3264078	1.8499999999999996
13977.90833590288	4300	20.12158210664294	0.0	2184571	9840.429648943851	0.38383102	4.3
13985.130180591288	4300	16.89973741823234	0.0	2121928	7221.8446884106	0.73576117	4.3
13998.959488538643	4300	7.070429470877683	0.0	2219102	13829.307947354657	0.53374517	4.3
14000.776289828154	750	9.253628181365276	0.0	398987	1816.8012895124075	1.4770468	-2.8
14006.708627187407	1850	7.321290822113373	0.0	982064	5932.337359251902	1.3510516	0.75
14013.486373850625	1850	4.543544158894947	0.0	830730	6777.746663218426	1.3429976	1.85
14017.601303941618	750	4.428614067903509	0.0	314107	4114.930090991438	1.1282539	-0.3500000000000001

