14576.301069431433	750	4.0	6.650702047500183	450283	6650.702047500184	1.1968066	-27.84801880425079
14584.453941303002	750	4.0	4.152871871569046	398865	8152.871871569046	0.33359137	-17.107349047746894
14587.956509967862	300	4.497431335140035	0.0	139857	3502.5686648599653	0.08663845	-0.15000000000000002
14590.199198341023	300	6.254742961977996	0.0	155432	2242.6883731620383	0.11256722	0.3
14596.032931902038	750	4.4210094009633565	0.0	411561	5833.733561014639	0.3835402	0.3
14598.123188011492	300	6.330753291510011	0.0	126289	2090.2561094533457	0.19530791	-0.15000000000000002
14600.948923162088	300	7.505018140913742	0.0	153295	2825.735150596269	0.33921808	0.3
14604.230672242737	300	8.223269060265816	0.0	173849	3281.7490806479277	0.4184014	0.3
14606.69407694046	300	9.759864362543487	0.0	150710	2463.4046977223275	0.47288132	0.3
14608.469804256985	300	11.984137046016789	0.0	139105	1775.7273165266975	0.8030868	0.3
14610.440317264656	300	14.013624038346991	0.0	141840	1970.5130076697963	1.0046082	0.3
14615.425092194888	750	13.028849108113382	0.0	405134	4984.774930233611	1.0721745	0.3
14617.21946020265	300	15.23448110035012	0.0	160746	1794.3680077632623	1.1189464	-0.15000000000000002
14629.14485088092	1850	7.309090422079895	0.0	1036454	11925.390678270225	1.1393607	0.30000000000000004
14630.949145058281	300	9.504796244718822	0.0	140051	1804.294177361073	1.010672	-1.25
14636.073100888138	750	8.380840414863757	0.0	366214	5123.955829855065	0.93456167	0.3
14642.671374390502	1200	5.782566912499325	0.0	617242	6598.273502364432	0.94159675	0.75
14643.978667737792	300	8.475273565208179	0.0	150616	1307.2933472911463	0.7208169	-0.6000000000000001
14645.466051387539	300	10.987889915463013	0.0	165384	1487.3836497451666	0.9373769	0.3
14646.744868005031	300	13.709073297969828	0.0	140881	1278.8166174931844	1.0254267	0.3
14648.084729021917	300	16.369212281084287	0.0	157671	1339.8610168855398	1.1243685	0.3
14655.727768635295	1200	12.726172667707745	0.0	616206	7643.039613376543	1.181406	0.29999999999999993
14657.973036531148	300	14.480904771854746	0.0	163927	2245.267895852999	1.1704682	-0.6000000000000001
14659.722114436845	300	16.731826866159142	0.0	137654	1749.077905695606	1.0931737	0.3
14661.169387862645	300	19.28455344035907	0.0	146754	1447.273425800074	1.1705102	0.3
14664.334790694826	750	20.119150608178856	0.0	379700	3165.4028321802098	1.2385756	0.3
14668.968641914817	750	19.485299388186952	0.0	425781	4633.851219991905	1.3395085	0.75
14675.92969417136	1200	16.524247131644472	0.0	487160	6961.052256542479	1.3059986	0.75
14688.216123740043	1850	8.23781756295982	0.0	972798	12286.42956868465	1.2844923	1.2000000000000002
14697.017790507267	1200	4.0	0.5638492042636153	641447	8801.666767223436	1.026317	-1.8745515783335458
14700.916740793951	300	4.101049713314549	0.0	157421	3898.9502866854505	0.2048604	-0.6000000000000001
14704.294292522949	300	4.723497984316608	0.0	157488	3377.551728997941	0.053546153	0.3
14707.015683869873	300	6.002106637392213	0.0	143881	2721.3913469243944	0.060308307	0.3
14710.550511598884	300	6.467278908381307	0.0	163444	3534.827729010906	0.18646286	0.3
14714.17715558192	300	6.840634925345956	0.0	179328	3626.6439830353515	0.1763098	0.3
14715.864211950311	300	9.153578556953793	0.0	159914	1687.0563683921632	0.19584319	0.3
14717.233368380328	300	11.784422126936237	0.0	131610	1369.156430017556	0.67043936	0.3
14720.581560303492	750	12.436230203771657	0.0	361565	3348.1919231645784	1.0273732	0.3
14725.340287720868	1200	11.67750278639545	0.0	605884	4758.727417376207	1.1695486	0.75
14730.118448482453	1200	10.899342024809904	0.0	587506	4778.160761585546	1.2634032	1.2
14740.913215580369	1200	4.104574926894473	0.0	566904	10794.767097915432	1.2406436	1.2
14744.078587843489	300	4.939202663773105	0.0	161857	3165.3722631213673	0.15907799	-0.6000000000000001
14747.483754199693	300	5.534036307569586	0.0	145210	3405.1663562035196	0.15139203	0.3
14751.799007396761	300	5.218783110500988	0.0	172312	4315.253197068598	0.17425841	0.3
14754.99460362816	300	6.023186879101179	0.0	167025	3195.596231399809	0.080318496	0.3
14756.9552612096	300	8.062529297662602	0.0	160064	1960.657581438577	0.19431672	0.3
14759.934427432941	750	9.083363074320642	0.0	331053	2979.1662233419593	0.63290507	0.3
14763.586011273597	750	9.431779233665504	0.0	314107	3651.583840655139	1.0917087	0.75

