10456.476897938574	750	4.0	0.848125509873515	450283	848.1255098735149	1.6029346	-2.8969396924561144
10457.27711548702	750	7.199782451554113	0.0	398865	800.2175484458868	0.91544276	0.75
10458.036896010315	750	10.440001928258985	0.0	350812	759.780523295128	1.2263634	0.75
10458.798514919954	750	13.678383018621247	0.0	382355	761.6189096377389	1.3573288	0.75
10461.728460315695	2850	14.748437622879472	0.0	1472558	2929.9453957417745	1.4371634	0.75
10463.396256170772	1850	17.080641767801836	0.0	801058	1667.7958550776352	1.636108	0.8500000000000001
10464.434828298015	1200	20.042069640559	0.0	561791	1038.5721272428389	1.6027417	0.5499999999999999
10464.866135563263	300	23.610762375310276	0.0	173849	431.30726524872136	1.5567971	-0.6000000000000001
10465.695278585838	750	26.781619352735802	0.0	374758	829.1430225744778	1.4875515	0.3
10466.029855174835	300	30.447042763740765	0.0	139105	334.5765889950378	1.5468967	-0.15000000000000002
10467.23266722207	1200	33.24423071650586	0.0	607410	1202.8120472349028	1.5215377	0.29999999999999993
10468.949501514358	1850	35.52739642421743	0.0	917428	1716.8342922884315	1.6172397	1.2000000000000002
10470.802452830054	1850	37.67444510852289	0.0	946851	1852.951315694541	1.6680341	1.85
10472.738301943271	1850	39.73859599530637	0.0	1036454	1935.8491132165173	1.6644286	1.85
10473.067050752954	300	43.40984718562211	0.0	140051	328.7488096842564	1.6809355	-1.25
10474.790582425438	1850	45.686315513138986	0.0	923170	1723.5316724831257	1.6213343	0.30000000000000004
10477.550672005622	2850	46.926225932954665	0.0	1491626	2760.0895801843217	1.6811172	1.85
10479.262230599314	1850	49.21466733926284	0.0	885714	1711.5585936918278	1.6051071	0.8500000000000001
10481.203049676446	1850	51.273848262129874	0.0	987708	1940.8190771329603	1.6798241	1.85
10483.10594061465	1850	53.37095732392621	0.0	923755	1902.8909382036686	1.6786324	1.85
10487.250613394492	4300	53.22628454408574	0.0	2039773	4144.672779840466	1.6740315	1.8499999999999996
10489.00930071932	1850	55.46759721925708	0.0	955231	1758.6873248286615	0.9744269	-0.6000000000000001
10489.824326589162	750	58.65257134941598	0.0	401853	815.0258698410987	1.6568371	-0.3500000000000001
10490.903843430215	1200	59.635589999567365	0.0	536667	1016.981349848609	1.7083595	0.75
10492.976952197936	1850	59.895303308860456	0.0	897976	1740.2866907069124	1.6919389	1.2000000000000002
10494.965587997895	1850	59.562396533237234	0.0	905935	1832.906775623226	1.6153153	1.85
10497.360653500516	1850	59.977728222544485	0.0	1076599	2084.668310692745	1.6265943	1.85
10499.849349823335	2850	59.56857868574931	0.0	1141971	2409.149536795181	1.5888343	1.85
10501.403375157166	1200	59.85633946904601	0.0	622896	1212.2392167032938	1.2809842	-0.44999999999999996
10501.899572653301	300	59.51913375094278	0.0	149029	337.2057181032371	1.6831462	-0.6000000000000001
10503.008511931741	750	59.789159967337596	0.0	358218	729.9737836051775	1.7170843	0.3
10506.109559064078	2850	59.95311920583762	0.0	1497683	2836.040761499971	1.7094476	0.75
10507.405608550076	1200	59.82259760055696	0.0	584349	1130.521605280663	1.2064387	-0.44999999999999996
10511.787039701461	4300	59.441166449171405	0.0	2286761	4381.431151385554	1.6609142	1.1999999999999997
10516.292133571074	4300	58.93607257955721	0.0	2307787	4505.093869614189	0.6388134	4.3
10520.628126484542	4300	58.600079666091126	0.0	2143948	4335.992913466085	0.58851	4.3
10524.3625423265	4300	58.86566382413096	0.0	1919781	3734.4158419601686	0.53893137	4.3
10528.209978741712	4300	59.018227408921035	0.0	2147467	3847.436415209928	0.55665046	4.3
10532.017496339042	4300	59.21070981159015	0.0	2133870	3807.5175973308883	0.51269346	4.3
10536.243832071055	4300	58.9843740795763	0.0	2146120	4226.3357320138475	0.49132693	4.3
10539.94725723567	4300	59.280948914960305	0.0	2108491	3703.4251646160005	0.50619304	4.3
10544.159460364901	4300	59.068745785729895	0.0	2184571	4212.203129230408	0.47981876	4.3
10548.064352123123	4300	59.16385402750706	0.0	2121928	3904.891758222839	0.46091145	4.3
10552.42463195457	4300	58.803574196059955	0.0	2219102	4360.2798314471	0.45823446	4.3
10556.445011925856	4300	58.78319422477431	0.0	2124950	4020.37997128564	0.45447165	4.3
10560.600123856138	4300	58.628082294492025	0.0	2246506	4155.11193028229	0.4450424	4.3
10564.195328978685	4300	59.03287717194515	0.0	1961140	3595.2051225468663	0.41508582	4.3
10568.208964288537	4300	59.01924186209464	0.0	2155012	4013.635309850517	0.40668643	4.3

