9394.593918962673	750	4.0	4.010168074006698	450283	4010.168074006698	1.3105761	-16.4937227182288
9395.76783705532	300	6.8260819073535774	0.0	155580	1173.9180926464226	0.5616881	-0.15000000000000002
9398.201186280303	750	8.392732682369962	0.0	350812	2433.3492249836154	0.8338365	0.3
9399.202427531722	300	11.391491430951984	0.0	155432	1001.2412514179787	0.9604598	-0.15000000000000002
9402.65293446642	1200	11.940984496253778	0.0	652874	3450.5069346982073	1.0610802	0.29999999999999993
9406.69504708193	1850	11.89887188074348	0.0	801058	4042.1126155102975	1.3053447	1.2000000000000002
9407.549926843018	300	15.043992119657377	0.0	153295	854.8797610861042	1.3997725	-1.25
9409.858238094039	750	16.73568086863615	0.0	437162	2308.3112510212295	1.2837483	0.3
9410.71583059514	300	19.8780883675369	0.0	150710	857.5925010992461	1.4075853	-0.15000000000000002
9411.53277707892	300	23.061141883755663	0.0	139105	816.9464837812366	1.379975	0.3
9414.077098799009	1200	24.51682016366722	0.0	607410	2544.3217200884437	1.4216315	0.29999999999999993
9414.71088143052	300	27.883037532156774	0.0	156148	633.7826315104465	1.531982	-0.6000000000000001
9415.431339073832	300	31.16257988884607	0.0	160746	720.4576433107017	1.4881089	0.3
9416.280834299945	300	34.31308466273224	0.0	179801	849.4952261138321	1.5117176	0.3
9419.019618049886	1200	35.57430091279083	0.0	526950	2738.7837499414077	1.5368495	0.29999999999999993
9420.095749915557	300	38.49816904711934	0.0	138313	1076.1318656714843	1.5887935	-0.6000000000000001
9420.968507292	300	41.62541167067626	0.0	143509	872.7573764430877	1.534212	0.3
9423.393365592681	750	43.20055336999514	0.0	372963	2424.8583006811173	1.5651786	0.3
9424.385197823087	300	46.2087211395887	0.0	165384	991.8322304064458	1.5908318	-0.15000000000000002
9426.322710115704	750	48.27120884697147	0.0	350713	1937.5122926172335	1.5916269	0.3
9430.608753468006	1850	47.98516549466879	0.0	891604	4286.043352302671	1.6123992	0.75
9434.834331501124	1850	47.75958746155112	0.0	955231	4225.578033117675	1.6184058	1.85
9441.592438464266	2850	45.00148049841058	0.0	1505760	6758.106963140541	1.6201936	1.85
9451.973749183666	4300	38.62016977900973	0.0	2044075	10381.310719400848	1.6066996	2.8499999999999996
9460.303966484893	2850	34.28995247778191	0.0	1383735	8330.217301227822	1.5426087	1.4000000000000001
9462.661600440433	750	35.93231852224144	0.0	379700	2357.6339555404697	1.6115115	-1.35
9468.729188944915	1850	33.86473001776016	0.0	1076599	6067.5885044812785	1.5728223	0.75
9475.410423067136	2850	31.18349589554031	0.0	1141971	6681.2341222198465	1.6114743	1.85
9476.273436926218	300	34.32048203645783	0.0	153605	863.0138590824815	1.6203486	-2.25
9480.088254075372	1200	34.50566488730302	0.0	641447	3814.8171491548105	1.5487777	0.29999999999999993
9486.84177909831	1850	31.752139864366413	0.0	873429	6753.525022936605	1.5960139	1.2000000000000002
9495.072383074947	1850	27.52153588772866	0.0	954453	8230.603976637754	1.6132438	1.85
9513.14124360084	2850	13.45267536183474	0.0	1358081	18068.86052589392	1.5834272	1.85
9519.086787479602	1200	11.507131483072431	0.0	670129	5945.543878762308	1.3533409	-0.44999999999999996
9526.30863570112	1200	8.285283261553724	0.0	690253	7221.848221518707	1.2680701	1.2
9527.665946671801	300	10.927972290872527	0.0	159914	1357.3109706811963	1.0706831	-0.6000000000000001
9528.89997742725	300	13.693941535423832	0.0	131610	1234.030755448695	1.064758	0.3
9530.200414275198	300	16.39350468747545	0.0	124011	1300.4368479483812	1.1885072	0.3
9531.757361906424	300	18.836557056249298	0.0	144254	1556.9476312261509	1.221311	0.3
9533.359959772739	300	21.23395918993336	0.0	149991	1602.5978663159417	1.2999569	0.3
9542.078615238084	1850	16.515303724589476	0.0	858450	8718.65546534388	1.4260095	0.30000000000000004
9547.296883653646	750	15.297035309027429	0.0	384505	5218.268415562048	1.4513415	-0.3500000000000001
9552.062882440136	1200	14.531036522538157	0.0	599477	4765.998786489271	1.30105	0.75
9558.627688046618	1200	11.96623091605644	0.0	634861	6564.805606481718	1.3747704	1.2
9560.780466217679	300	13.813452744995677	0.0	167025	2152.778171060763	1.2351081	-0.6000000000000001
9564.392724314246	750	14.201194648427627	0.0	393804	3612.25809656805	1.1622965	0.3
9567.840199110198	750	14.753719852475202	0.0	331053	3447.4747959524243	1.2823797	0.75
9569.530808606754	300	17.063110355919846	0.0	118421	1690.6094965553589	1.2895292	-0.15000000000000002

