13563.342864242924	750	4.0	3.5333118074124745	450283	3533.3118074124745	1.4473972	-14.44324077187364
13567.669082857958	750	4.0	0.3262186150318439	398865	4326.218615031844	0.6038249	-0.6527400446369287
13569.123617736836	300	6.545465121122313	0.0	139857	1454.534878877686	0.6055895	-0.15000000000000002
13572.600332773753	750	7.068750084204105	0.0	382355	3476.7150369182086	0.7927935	0.3
13573.90595908	300	9.763123777955022	0.0	163442	1305.6263062490839	0.84838194	-0.15000000000000002
13577.16426533603	750	10.504817521925395	0.0	318564	3258.3062560296257	0.9748852	0.3
13585.294319170469	1200	6.374763687487136	0.0	561791	8130.053834438259	1.0451584	0.75
13592.263250087002	1200	4.0	0.5941672290454489	709534	6968.930916532585	0.8194686	-1.3549190848954302
13601.86455749	1200	4.0	5.601307402998715	584846	9601.307402998715	0.5506578	-22.885621832894472
13603.1170165376	300	6.747540952400077	0.0	139105	1252.459047599923	0.25756803	-0.6000000000000001
13610.998631604845	1850	4.0	1.1340741148429587	939819	7881.615067243036	0.7803255	-4.576518693824722
13612.37520050332	300	6.623431101524547	0.0	156148	1376.5688984754531	0.5088042	-1.25
13615.549832756622	750	7.448798848222774	0.0	386351	3174.6322533017733	0.634283	0.3
13617.167829647338	300	9.830801957507328	0.0	179801	1617.996890715445	0.87463176	-0.15000000000000002
13618.407661301124	300	12.590970303723228	0.0	140051	1239.8316537841006	0.9218888	0.3
13623.071216407989	1200	11.927415196857892	0.0	587876	4663.555106865338	1.1094126	0.29999999999999993
13626.015362582712	750	12.983269022133921	0.0	360831	2944.146174723971	1.2261171	0.3
13627.515496232483	300	15.483135372361376	0.0	150616	1500.1336497725458	1.2321401	-0.15000000000000002
13631.66787391851	750	15.330757686335584	0.0	405596	4152.377686025791	1.2413653	0.3
13632.892256203855	300	18.106375400990654	0.0	140881	1224.3822853449287	1.2737863	-0.15000000000000002
13634.151266694993	300	20.84736490985305	0.0	157671	1259.0104911376081	1.3207734	0.3
13635.286702107607	300	23.711929497238987	0.0	157812	1135.4354126140613	1.3661801	0.3
13636.666948158181	300	26.33168344666598	0.0	163927	1380.2460505730066	1.4052672	0.3
13639.717348923201	750	27.281282681644754	0.0	343800	3050.40076502123	1.4553894	0.3
13652.313106926014	2850	18.685524678830465	0.0	1383735	12595.758002814286	1.4889797	0.75
13660.048643188804	1850	14.949988416040895	0.0	905935	7735.536262789569	1.4888021	0.8500000000000001
13661.478844512207	300	17.519787092638072	0.0	181901	1430.2013234028234	1.4165858	-1.25
13663.7827094152	750	19.215922189646495	0.0	277716	2303.8649029915755	1.3742299	0.3
13668.270795868755	750	18.727835736090704	0.0	400396	4488.086453555792	1.41536	0.75
13669.651709362404	300	21.346922242439756	0.0	149029	1380.9134936509483	1.3562766	-0.15000000000000002
13671.128033609197	300	23.870597995647575	0.0	157421	1476.3242467921807	1.3662732	0.3
13674.423787561538	750	24.574844043307277	0.0	400322	3295.7539523403007	1.3940961	0.3
13678.916869626863	750	24.081761977981287	0.0	369834	4493.082065325989	1.5009662	0.75
13690.805408427092	1850	16.193223177752664	0.0	1035329	11888.538800228625	1.4736936	0.75
13693.157471234319	300	17.841160370523564	0.0	179328	2352.062807229098	1.3641125	-1.25
13700.08200562726	750	14.916625977583953	0.0	365161	6924.534392939612	1.2885734	0.3
13705.22002503157	1200	13.7786065732748	0.0	487812	5138.019404309155	1.2189496	0.75
13706.356233221659	300	16.64239838318408	0.0	124011	1136.2081900907197	1.2597959	-0.6000000000000001
13707.493570358149	300	19.50506124669594	0.0	144254	1137.3371364881411	1.295099	0.3
13710.481858942865	750	20.516772661979747	0.0	390680	2988.2885847161942	1.352707	0.3
13717.618241597302	1850	17.38039000754284	0.0	858450	7136.382654436906	1.4555061	0.75
13725.772058749373	1850	13.22657285547069	0.0	1025005	8153.817152072147	1.5079559	1.85
13731.691817453288	1200	11.306814151556631	0.0	599477	5919.75870391406	1.3921802	0.5499999999999999
13736.584498904991	1200	10.414132699852322	0.0	634861	4892.6814517043085	1.2457867	1.2
13738.117268352444	300	12.88136325240017	0.0	167025	1532.7694474521531	1.2544844	-0.6000000000000001
13741.772276605436	750	13.226354999406084	0.0	393804	3655.0082529940864	1.197333	0.3
13749.43891825928	1850	9.559713345563658	0.0	830730	7666.641653842426	1.3002654	0.75
13750.566297905641	300	12.432333699202783	0.0	118421	1127.3796463608735	1.2807044	-1.25

