567.743648876173	750	4.0	4.043612194844198	450283	4043.6121948441983	0.83840394	-16.63753243783005
569.4001072832848	300	6.343541592888147	0.0	155580	1656.458407111853	0.6471934	-0.15000000000000002
570.6687984110241	300	9.07485046514876	0.0	139857	1268.6911277393874	0.8475354	0.3
574.6595569761281	1200	9.0840919000448	0.0	617681	3990.7585651039585	1.033574	0.29999999999999993
576.02036024917	300	11.723288627002953	0.0	163442	1360.8032730418488	1.2401899	-0.6000000000000001
577.495142614443	300	14.248506261729919	0.0	126289	1474.782365273033	1.1098541	0.3
581.248865185112	750	14.494783691060936	0.0	352642	3753.722570668982	1.1405598	0.3
586.6056058045143	750	13.138043071658663	0.0	437162	5356.740619402273	1.2154034	0.75
593.1190987819106	1200	10.624550094262291	0.0	584846	6513.492977396372	1.1378706	0.75
595.3178950384457	750	12.425753837727143	0.0	362795	2198.7962565351477	1.1463734	0.3
597.916340060115	750	13.827308816057839	0.0	353220	2598.4450216693044	1.2404456	0.75
600.8947350201877	750	14.84891385598515	0.0	405134	2978.3949600726883	1.2449158	0.75
602.2890455923377	300	17.454603283835144	0.0	160746	1394.3105721500042	1.262959	-0.15000000000000002
604.9197501698246	300	18.823898706348288	0.0	179801	2630.704577486856	1.2205327	0.3
610.8090481098367	1850	16.934600766336196	0.0	821631	5889.297940012094	1.2038503	0.30000000000000004
617.8145401325418	1200	13.929108743631062	0.0	587876	7005.4920227051325	1.4441351	0.5499999999999999
629.4060379715082	1850	6.337610904664581	0.0	966699	11591.497838966481	1.2327831	1.2000000000000002
630.7894166672196	300	8.954232208953204	0.0	150616	1383.378695711377	0.87702703	-1.25
633.9416134715859	750	9.802035404586853	0.0	405596	3152.1968043663505	0.958095	0.3
642.5340520079877	1200	5.209596868184971	0.0	586839	8592.438536401882	1.1035498	0.75
644.3321199226012	300	7.411528953571482	0.0	157671	1798.0679146134896	0.46782884	-0.6000000000000001
646.32725039949	300	9.416398476682739	0.0	157812	1995.1304768887437	0.66415846	0.3
649.1199889336406	300	10.623659942532239	0.0	163927	2792.738534150499	0.9142693	0.3
656.8021135535985	750	6.941535322574234	0.0	343800	7682.124619958005	0.92407554	0.3
658.4397287183825	300	9.303920157790225	0.0	146754	1637.6151647840074	0.3245323	-0.15000000000000002
659.7359434838628	300	12.007705392310013	0.0	153938	1296.2147654802122	0.86459875	0.3
666.4858621741803	1200	9.257786701992446	0.0	696376	6749.918690317568	1.0607187	0.29999999999999993
668.9221840318005	750	10.821464844372272	0.0	277716	2436.3218576201734	1.0795714	0.3
678.0487059117484	1200	5.6949429644244045	0.0	622896	9126.521879947868	1.1088444	0.75
678.98490109266	300	8.758747783512762	0.0	149029	936.1951809116424	0.41669852	-0.6000000000000001
679.7887208364209	300	11.954928039751856	0.0	157421	803.8197437609056	0.98098576	0.3
682.1686008296199	1200	13.575048046552812	0.0	620283	2379.879993199043	1.1566786	0.29999999999999993
683.7746916605212	750	15.968957215651475	0.0	369834	1606.0908309013375	1.4439334	0.3
685.5535289923339	750	18.190119883838793	0.0	412837	1778.8373318126814	1.3892725	0.75
688.7717096835607	1200	18.971939192612	0.0	690253	3218.180691226796	1.4287006	0.75
693.8756632345278	2850	17.867985641644953	0.0	1439896	5103.95355096704	1.505248	1.2000000000000002
697.5747831969413	2850	18.168865679231438	0.0	1139291	3699.119962413519	1.5298834	2.85
715.2221405948313	4300	4.521508281341459	0.0	2147467	17647.357397889977	1.3968203	2.8499999999999996
716.7959687111761	750	6.947680164996661	0.0	378327	1573.8281163447984	1.170937	-2.8
719.2348510918938	1200	8.508797784278839	0.0	587506	2438.8823807178223	1.1832976	0.75
721.3463017777641	1200	10.397347098408533	0.0	566904	2111.450685870306	1.3650684	1.2
722.8439327200737	750	12.899716156098979	0.0	384505	1497.6309423095531	1.4595245	0.3
725.0154909817219	1200	14.728157894450675	0.0	599477	2171.5582616483043	1.4544116	0.75
728.8742472963904	1850	14.869401579782084	0.0	973972	3858.756314668591	1.5822968	1.2000000000000002
738.3072169705083	2850	9.43643190566417	0.0	1464921	9432.969674117912	1.6410648	1.85
740.7103965616316	750	11.033252314540867	0.0	393804	2403.1795911233035	1.4520955	-1.35
742.8423479073557	750	12.901300968816711	0.0	331053	2131.9513457241546	1.3080877	0.75
744.5041799837196	750	15.239468892452877	0.0	314107	1661.8320763638346	1.3819766	0.75

