24785.457597333952	750	4.0	6.08032816050688	450283	6080.3281605068805	0.101656124	-25.395411090179586
24787.81254883435	300	5.645048499601703	0.0	155580	2354.951500398297	0.3897721	-0.15000000000000002
24790.085627647997	300	7.371969685954002	0.0	139857	2273.078813647701	0.5209516	0.3
24792.64506644284	300	8.81253089110955	0.0	155432	2559.4387948444523	0.7313131	0.3
24799.920583421997	750	5.537013911952553	0.0	411561	7275.516979156995	0.89802843	0.3
24802.3443903664	300	7.1132069675481615	0.0	126289	2423.8069444043927	0.33704314	-0.15000000000000002
24804.277776200695	300	9.179821133252833	0.0	153295	1933.3858342953286	0.50690484	0.3
24811.274530692448	1200	6.183066641500852	0.0	709534	6996.754491751982	0.9096036	0.29999999999999993
24814.383818693168	750	7.073778640778604	0.0	374758	3109.2880007222475	0.7632521	0.3
24817.458849628678	750	7.99874770526763	0.0	362795	3075.030935510975	0.94111747	0.75
24823.385949026797	1200	6.071648307149805	0.0	607410	5927.099398117824	1.0027506	0.75
24825.010037447304	300	8.447559886642733	0.0	156148	1624.0884205070724	0.88116425	-0.6000000000000001
24829.080099769795	750	8.377497564151188	0.0	386351	4070.062322491544	0.87422717	0.3
24831.888384003825	300	9.569213330120677	0.0	179801	2808.28423403051	0.974798	-0.15000000000000002
24834.808185224014	300	10.64941210992994	0.0	140051	2919.8012201907372	0.8942377	0.3
24840.23367891652	750	9.22391841742263	0.0	366214	5425.4936925073125	0.91091824	0.3
24845.258498113457	750	8.19909922048715	0.0	360831	5024.819196935477	0.9513232	0.75
24851.952519907234	750	5.505077426712333	0.0	372963	6694.0217937748175	0.8503359	0.75
24853.79405522122	300	7.66354211272472	0.0	165384	1841.5353139876136	0.27669528	-0.15000000000000002
24855.690002779284	300	9.767594554661715	0.0	140881	1895.9475580630053	0.643293	0.3
24858.88889227377	300	10.56870506017321	0.0	157671	3198.889494488505	0.9152334	0.3
24865.04159337698	750	8.416003956965836	0.0	399894	6152.701103207374	0.8864631	0.3
24867.67234968997	300	9.785247643976673	0.0	163927	2630.756312989164	0.6982363	-0.15000000000000002
24874.400128555302	1200	7.057468778641972	0.0	536667	6727.7788653347	0.8129656	0.29999999999999993
24875.82661362303	300	9.630983710911533	0.0	146754	1426.4850677304396	0.75969756	-0.6000000000000001
24877.196276635706	300	12.261320698235016	0.0	153938	1369.6630126765165	0.9416185	0.3
24879.09197134598	300	14.365625987962044	0.0	181901	1895.6947102729712	1.0685142	0.3
24880.309703273022	300	17.147894060922237	0.0	111155	1217.7319270398068	1.1244006	0.3
24882.229851312673	300	19.227746021269915	0.0	153605	1920.1480396523204	1.1914414	0.3
24889.660620076123	750	15.796977257820165	0.0	400508	7430.768763449751	1.2121993	0.3
24893.58123988584	300	15.876357448103276	0.0	157421	3920.6198097168885	1.143479	-0.15000000000000002
24901.460747848363	750	11.99684948558168	0.0	400322	7879.507962521595	1.0818638	0.3
24904.631654680914	300	12.825942653027866	0.0	143881	3170.906832553816	1.0111728	-0.15000000000000002
24908.57373837106	300	12.883858962884693	0.0	163444	3942.083690143172	1.0096737	0.3
24912.888104567464	300	12.569492766478252	0.0	179328	4314.36619640644	1.0078214	0.3
24915.575731306635	300	13.88186602730641	0.0	159914	2687.626739171841	0.99487966	0.3
24917.980226577107	300	15.477370756832823	0.0	131610	2404.4952704735883	1.0944213	0.3
24920.103499478137	300	17.3540978558061	0.0	124011	2123.272901026723	1.1486815	0.3
24923.057297699823	300	18.40029963411887	0.0	144254	2953.79822168723	1.217895	0.3
24937.85091266053	1850	7.606684673410629	0.0	930577	14793.61496070824	1.2251377	0.30000000000000004
24940.222579529163	300	9.235017804781615	0.0	147968	2371.6668686290145	0.7027069	-1.25
24943.046145398348	300	10.411451935596736	0.0	161857	2823.56586918488	0.8333574	0.3
24945.563676224643	300	11.893921109302982	0.0	145210	2517.530826293755	0.9735015	0.3
24952.89749565403	750	8.560101679918404	0.0	438281	7333.819429384577	1.0549047	0.3
24954.832751162514	300	10.624846171432713	0.0	167025	1935.25550848569	0.7420853	-0.15000000000000002
24958.70885788153	750	10.748739452417341	0.0	393804	3876.106719015372	1.0461528	0.3
24961.61950690785	750	11.838090426097425	0.0	331053	2910.649026319916	1.1626276	0.75
24964.320654613814	750	13.1369427201343	0.0	314107	2701.147705963125	1.2441278	0.75

