9890.152377420365	750	4.0	6.275717151967713	450283	6275.717151967713	1.2038183	-26.235583753461167
9892.327060138723	300	5.825317281643536	0.0	155580	2174.6827183564637	0.37027144	-0.15000000000000002
9894.412984643122	300	7.7393927772440305	0.0	139857	2085.924504399506	0.57051855	0.3
9898.339950478925	300	7.812426941441434	0.0	155432	3926.9658358025963	0.84022415	0.3
9903.064423345568	750	7.087954074799079	0.0	411561	4724.472866642355	0.5898023	0.3
9905.088269454334	300	9.064107966032964	0.0	126289	2023.8461087661142	0.799767	-0.15000000000000002
9908.503881695156	300	9.648495725210882	0.0	153295	3415.6122408220817	0.90611446	0.3
9914.994593860249	750	7.157783560120487	0.0	437162	6490.712165090395	0.83839905	0.3
9917.313730878945	300	8.838646541424003	0.0	150710	2319.137018696484	0.5522197	-0.15000000000000002
9921.718824634072	750	8.433552786298554	0.0	362795	4405.093755125448	0.8220251	0.3
9923.272928964365	300	10.879448456005628	0.0	141840	1554.1043302929265	0.9629991	-0.15000000000000002
9924.626389208926	300	13.525988211445023	0.0	156148	1353.4602445606058	0.9919259	0.3
9926.368797204013	300	15.78358021635677	0.0	160746	1742.4079950882526	1.1177887	0.3
9928.200626001711	300	17.951751418658503	0.0	179801	1831.8287976982667	1.1580361	0.3
9932.809728015909	750	17.342649404460584	0.0	337059	4609.102014197921	1.1988021	0.3
9945.653602155726	1200	8.49877526464267	0.0	587876	12843.874139817912	1.2293098	0.75
9948.334227606078	300	9.8181498142931	0.0	143509	2680.6254503495684	0.5981026	-0.6000000000000001
9956.66570167941	750	5.4866757409593445	0.0	372963	8331.474073333757	0.8625525	0.3
9960.682639820217	300	5.469737600151245	0.0	165384	4016.938140808099	0.21989846	-0.15000000000000002
9963.41268527126	300	6.739692149109944	0.0	140881	2730.0454510413015	0.17080814	0.3
9965.888303181424	300	8.264074238945112	0.0	157671	2475.6179101648313	0.34497046	0.3
9968.392872505494	300	9.75950491487565	0.0	157812	2504.5693240694623	0.57947445	0.3
9971.749187460675	300	10.403189959694961	0.0	163927	3356.3149551806887	0.78195894	0.3
9974.672767936121	300	11.479609484246456	0.0	137654	2923.5804754485052	0.72846615	0.3
9982.58928692566	750	7.563090494707674	0.0	359903	7916.518989538781	0.917084	0.3
9985.634259315872	300	8.518118104496681	0.0	153938	3044.972390210992	0.34923258	-0.15000000000000002
9990.05221500319	300	8.100162417175994	0.0	181901	4417.9556873206875	0.50776917	0.3
9991.675704422723	300	10.476672997643043	0.0	111155	1623.4894195329505	0.40734705	0.3
9996.14313455826	750	10.009242862105772	0.0	400396	4467.430135537272	0.9278348	0.3
9997.39057698543	300	12.76180043493662	0.0	149029	1247.4424271691535	1.0179416	-0.15000000000000002
10001.540398953852	750	12.611978466516161	0.0	358218	4149.821968420458	1.09561	0.3
10007.455169965731	750	10.697207454636107	0.0	400322	5914.771011880053	1.1280842	0.75
10015.026567623861	750	7.125809796506523	0.0	369834	7571.397658129584	0.9987986	0.75
10021.231625032258	750	4.9207523881086015	0.0	412837	6205.057408397922	0.37018168	0.75
10025.121495087002	300	5.030882333365664	0.0	179328	3889.8700547429376	0.15312499	-0.15000000000000002
10028.247775081076	300	5.9046023392920945	0.0	159914	3126.27999407357	0.081502035	0.3
10030.582327798225	300	7.570049622142886	0.0	131610	2334.552717149209	0.17364512	0.3
10032.81754073271	300	9.334836687655876	0.0	124011	2235.2129344870104	0.40694964	0.3
10038.574272273943	750	7.578105146424554	0.0	378327	5756.731541231322	0.6644214	0.3
10040.513056818207	300	9.639320602162242	0.0	149991	1938.7845442623134	0.49051696	-0.15000000000000002
10042.471873909899	300	11.680503510469615	0.0	147968	1958.817091692627	0.8022228	0.3
10044.284606115105	300	13.867771305263503	0.0	161857	1812.732205206112	1.0345019	0.3
10045.982505402188	300	16.16987201818109	0.0	145210	1697.8992870824127	1.1554395	0.3
10048.019819832545	300	18.132557587823182	0.0	172312	2037.314430357905	1.239352	0.3
10050.047762636186	300	20.10461478418217	0.0	167025	2027.9428036410113	1.294293	0.3
10058.006505679059	1200	16.145871741308966	0.0	638661	7958.743042873206	1.3476129	0.29999999999999993
10065.415920159832	1200	12.736457260537382	0.0	538612	7409.414480771586	1.3506957	1.2
10073.460838066712	1200	8.691539353657056	0.0	550906	8044.917906880327	1.2544563	1.2

