5992.473560163115	750	4.0	2.7039540741785544	450283	2703.9540741785545	0.7617368	-10.877002518967783
5993.333787039729	300	7.139773123385195	0.0	155580	860.2268766148045	0.6775521	-0.15000000000000002
5996.014777823812	1200	8.45878233930163	0.0	571051	2680.9907840835667	0.8962326	0.29999999999999993
5996.736166305548	300	11.73739385756567	0.0	155432	721.3884817359599	1.1270745	-0.6000000000000001
6000.5191671143475	1200	11.954393048766768	0.0	652874	3783.0008087989017	1.1753428	0.29999999999999993
6005.114715821266	1200	11.358844341848265	0.0	520315	4595.548706918503	1.3280915	1.2
6005.940274063801	300	14.533286099313889	0.0	153295	825.5582425343737	1.2494066	-0.6000000000000001
6007.283545665253	300	17.190014497861142	0.0	173849	1343.2716014527462	1.2653534	0.3
6012.35615292529	750	16.11740723782365	0.0	374758	5072.607260037492	1.3296884	0.3
6014.926858188071	750	17.546701975043174	0.0	362795	2570.705262780476	1.299282	0.75
6020.55434408194	1850	15.919216081173545	0.0	939819	5627.48589386963	1.3694147	0.75
6022.9244225555485	750	17.549137607565353	0.0	405134	2370.078473608192	1.463718	-0.3500000000000001
6025.927772352939	1200	18.545787810174126	0.0	624282	3003.349797391228	1.4087248	0.75
6029.061132162476	1200	19.41242800063732	0.0	687371	3133.359809536807	1.4945549	1.2
6030.746406155838	750	21.727154007275544	0.0	337059	1685.2739933617747	1.5081564	0.3
6036.297921942771	1850	20.17563822034242	0.0	923170	5551.515786933123	1.4739065	0.75
6037.859420907666	300	22.61413925544723	0.0	143509	1561.4989648951932	1.5456631	-1.25
6039.563138357216	300	24.910421805896835	0.0	150616	1703.717449550393	1.3946618	0.3
6044.240789808206	1200	24.23277035490809	0.0	639204	4677.6514509887475	1.4139453	0.29999999999999993
6046.703535269651	750	25.770024893461606	0.0	350713	2462.745461446483	1.5045117	0.3
6051.389144952393	1850	25.084415210721343	0.0	891604	4685.609682740266	1.4994631	0.75
6070.124700938795	2850	10.348859224318305	0.0	1468126	18735.555986403037	1.5789579	1.85
6071.3157135012925	300	13.157846661821623	0.0	163927	1191.0125624966827	1.2607228	-2.25
6073.631668411125	750	14.841891751988921	0.0	343800	2315.954909832701	1.2087703	0.3
6076.196714811201	750	16.27684535191334	0.0	359903	2565.046400075582	1.3484913	0.75
6078.640808613715	750	17.83275154939895	0.0	379700	2444.093802514392	1.3394592	0.75
6085.321283584211	1850	15.152276578903773	0.0	1076599	6680.474970495175	1.3951384	0.75
6090.671026012395	1850	13.802534150720486	0.0	758197	5349.7424281832855	1.4463574	1.85
6091.620626659601	300	16.852933503514244	0.0	153605	949.6006472062431	1.4238026	-1.25
6094.5810010997475	750	17.89255906336739	0.0	400508	2960.374440146854	1.4065602	0.3
6101.934513279985	1850	14.53904688312955	0.0	873429	7353.512180237837	1.4220431	0.75
6106.148550137699	1200	14.325010025415935	0.0	620283	4214.036857713616	1.4416537	0.5499999999999999
6109.12284995121	750	15.350710211906284	0.0	369834	2974.2998135096504	1.4018898	0.3
6110.174228029794	300	18.29933213332189	0.0	163444	1051.3780785843928	1.3456668	-0.15000000000000002
6124.712617064867	2850	7.760943098248612	0.0	1492672	14538.38903507328	1.4031814	0.30000000000000027
6133.036453344619	1200	4.0	0.562893181503192	598727	8323.836279751804	1.2537181	-2.8704406804637257
6134.828686743909	300	6.207766600709821	0.0	131610	1792.2333992901792	0.17660135	-0.6000000000000001
6136.414883118825	300	8.621570225793933	0.0	124011	1586.1963749158858	0.3758455	0.3
6140.247560420606	750	8.788892924013169	0.0	378327	3832.6773017807636	0.6579292	0.3
6141.599532751897	300	11.436920592722021	0.0	149991	1351.972331291149	0.988581	-0.15000000000000002
6145.596944930253	1200	11.439508414366086	0.0	566904	3997.4121783559344	1.0498878	0.29999999999999993
6146.654773801704	300	14.38167954291459	0.0	161857	1057.8288714514974	1.229962	-0.6000000000000001
6148.902574432729	750	16.133878911889838	0.0	372093	2247.8006310247506	1.2864797	0.3
6152.2496772208415	1200	16.78677612377678	0.0	634861	3347.102788113062	1.4466616	0.75
6157.07395401966	1850	15.962499324958669	0.0	958994	4824.276798818108	1.5082812	1.2000000000000002
6158.86388642605	750	18.17256691856831	0.0	393804	1789.9324063903578	1.5287447	-0.3500000000000001
6160.4283640980475	750	20.60808924657066	0.0	331053	1564.4776719976524	1.5625056	0.75
6161.974996182294	750	23.06145716232461	0.0	314107	1546.6320842460498	1.581316	0.75

