11399.39194177343	750	4.0	4.838144007766586	450283	4838.144007766587	1.390094	-20.05401923339632
11400.982781099638	300	6.409160673793575	0.0	155580	1590.8393262064255	0.50098914	-0.15000000000000002
11402.186135358133	300	9.205806415296815	0.0	139857	1203.3542584967608	0.7859263	0.3
11405.195403905434	750	10.19653786799697	0.0	382355	3009.2685472998446	0.906439	0.3
11406.603174133717	300	12.78876763971362	0.0	163442	1407.7702282833495	1.0134734	-0.15000000000000002
11407.633302271313	300	15.758639502116818	0.0	126289	1030.1281375968038	1.1085109	0.3
11410.262861744632	750	17.12908002879912	0.0	352642	2629.559473317699	1.2150978	0.3
11414.02749475199	750	17.364447021440224	0.0	437162	3764.6330073588956	1.3107723	0.75
11416.702700831613	750	18.689240941817324	0.0	374758	2675.2060796229007	1.3557593	0.75
11417.673011471725	300	21.71893030170604	0.0	139105	970.3106401112808	1.3829865	-0.15000000000000002
11418.59705273345	300	24.794889039978436	0.0	141840	924.0412617276063	1.3892341	0.3
11419.653791221272	300	27.738150552156792	0.0	156148	1056.7384878216446	1.4282407	0.3
11421.084547450604	300	30.307394322825196	0.0	160746	1430.756229331596	1.4497416	0.3
11422.802393305878	300	32.58954846755242	0.0	179801	1717.8458552727752	1.4476329	0.3
11425.425635079911	750	33.966306693518504	0.0	337059	2623.241774033913	1.4790602	0.3
11428.621253373352	1200	34.77068840007698	0.0	587876	3195.6182934415265	1.5328549	0.75
11431.766764689308	1200	35.62517708412264	0.0	617242	3145.5113159543353	1.5766447	1.2
11434.148357051186	1200	37.2435847222447	0.0	581493	2381.5923618779443	1.5875899	1.2
11436.940371709159	1200	38.45157006427154	0.0	639204	2792.0146579731504	1.5963091	1.2
11439.392640769622	1200	39.999301003808505	0.0	586839	2452.2690604630443	1.6062478	1.2
11443.548044972973	1850	39.84389680045764	0.0	891604	4155.40420335086	1.6156654	1.2000000000000002
11449.707202388967	2850	37.684739384463334	0.0	1468126	6159.157415994313	1.6155148	1.85
11455.144599341964	2850	36.24734243146607	0.0	1505760	5437.396952997258	1.6259974	2.85
11455.845764948546	300	39.54617682488407	0.0	137654	701.1656065819994	1.6306376	-2.25
11458.464711337527	1200	40.92723043590294	0.0	587236	2618.9463889811277	1.5934292	0.29999999999999993
11462.449603201796	1200	40.942338571634984	0.0	590335	3984.8918642679564	1.6272795	1.2
11470.72612626607	1850	36.66581550736144	0.0	1076599	8276.523064273546	1.606704	1.2000000000000002
11474.647333525041	1200	36.74460824839048	0.0	487160	3921.2072589709605	1.5983255	0.5499999999999999
11482.091679163206	1850	33.3002626102243	0.0	972798	7444.3456381661745	1.5906477	1.2000000000000002
11485.438523878802	1200	33.95341789462922	0.0	641447	3346.844715595086	1.600232	0.5499999999999999
11487.348295239723	750	36.04364653370897	0.0	358218	1909.7713609202438	1.6103905	0.3
11489.294245433875	750	38.09769633955438	0.0	400322	1945.950194154599	1.5932238	0.75
11491.708528957373	750	39.683412816058336	0.0	369834	2414.2835234960407	1.6072375	0.75
11499.098203349042	1200	36.29373842438729	0.0	670129	7389.674391671039	1.6031339	0.75
11500.171005919045	750	39.22093585438554	0.0	401088	1072.8025700017586	1.5891128	0.3
11501.016613411008	750	42.37532836242211	0.0	365161	845.6074919634243	1.6402743	0.75
11503.394186284344	2850	43.997755489085804	0.0	1139291	2377.57287333631	1.6799757	0.75
11505.39841963528	1850	45.993522138151675	0.0	938587	2004.233350934129	1.3579068	0.8500000000000001
11508.125880785035	2850	47.26606098839674	0.0	1427478	2727.4611497549363	1.5901127	1.85
11510.810808427908	2850	48.58113334552436	0.0	1402287	2684.927642872382	1.2629906	2.85
11513.698715869947	2850	49.69322590348602	0.0	1339500	2887.9074420383413	1.1488129	2.85
11519.25049717693	4300	48.14144459650139	0.0	2184571	5551.7813069846325	1.0257559	2.8499999999999996
11523.367826024902	4300	48.02411574853119	0.0	2121928	4117.328847970201	0.67546785	4.3
11528.897167400824	4300	46.49477437260816	0.0	2219102	5529.341375923027	0.635671	4.3
11537.393158227713	4300	41.99878354571992	0.0	2124950	8495.990826888243	0.6526116	4.3
11547.281095117572	4300	36.110846655858786	0.0	2246506	9887.936889861128	0.88049823	4.3
11549.916756588134	1200	37.475185185297164	0.0	538612	2635.661470561623	1.0229149	-1.9000000000000001
11554.78658395167	1850	36.60535782176073	0.0	846370	4869.827363536436	1.6806359	1.2000000000000002

