176.214853783444	750	4.0	2.566216384271528	450283	2566.216384271528	1.5744461	-10.28473045236757
177.12469508708406	300	7.0901586963599605	0.0	155580	909.8413036400393	0.69357383	-0.15000000000000002
177.81375245008851	300	10.401101333355498	0.0	139857	689.0573630044631	0.8913978	0.3
178.45428479382147	300	13.760568989622517	0.0	155432	640.5323437329835	1.0779618	0.3
179.86815552898966	750	16.346698254454342	0.0	411561	1413.8707351681733	1.2672013	0.3
180.36695681548784	300	19.847896967956142	0.0	126289	498.80128649819954	1.4336215	-0.15000000000000002
180.96459725146457	300	23.250256531979446	0.0	153295	597.6404359766968	1.4159676	0.3
183.2252240806345	1200	24.98962970280952	0.0	709534	2260.626829169923	1.432952	0.29999999999999993
185.09016881726419	1200	27.124684966179814	0.0	584846	1864.944736629708	1.5682479	1.2
188.37267230310414	1850	27.84218148033985	0.0	913888	3282.5034858399667	1.5745016	1.2000000000000002
188.88727455562966	300	31.327579227814315	0.0	141840	514.6022525255305	1.599926	-1.25
189.42083994631577	300	34.794013837128226	0.0	156148	533.5653906860953	1.5168403	0.3
191.42403128186152	1200	36.79082250158249	0.0	624282	2003.191335545738	1.5462295	0.29999999999999993
193.79665136062573	1200	38.418202422818275	0.0	687371	2372.6200787642115	1.602129	1.2
197.99250769136984	1850	38.222346092074154	0.0	821631	4195.856330744121	1.6168	1.2000000000000002
200.4262091723023	1200	39.78864461114167	0.0	587876	2433.7014809324796	1.6156664	0.5499999999999999
202.8657255109288	1200	41.34912827251518	0.0	617242	2439.5163386264935	1.6078469	1.2
206.34641584377604	1850	41.868437939667935	0.0	885714	3480.6903328472445	1.6290256	1.2000000000000002
209.13205282827903	1200	43.082800955164956	0.0	639204	2785.6369845029762	1.6296169	0.5499999999999999
214.57733792141954	2850	41.63751586202446	0.0	1336050	5445.285093140506	1.6223552	1.2000000000000002
225.20489834214501	4300	35.009955441298956	0.0	2039773	10627.560420725504	1.6300305	2.8499999999999996
227.52417907172403	750	36.69067471171995	0.0	399894	2319.2807295790035	1.6046581	-2.8
237.71125785553468	1850	30.503595927909302	0.0	968026	10187.078783810646	1.5857929	0.75
242.09665874971407	1200	30.11819503372991	0.0	536667	4385.400894179389	1.5656891	0.5499999999999999
252.1466084521326	1850	24.06824533131138	0.0	897976	10049.949702418535	1.5593387	1.2000000000000002
256.2513456932311	1200	23.963508090212905	0.0	590335	4104.737241098476	1.5320259	0.5499999999999999
258.97463525002433	750	25.24021853341966	0.0	425781	2723.2895567932433	1.50556	0.3
262.8525239021343	1850	25.362329881309712	0.0	758197	3877.8886521099494	1.5320302	0.75
269.9703677049627	2850	22.244486078481234	0.0	1498470	7117.843802828482	1.5924517	1.85
270.49916122330745	300	25.715692560136528	0.0	149029	528.7935183447042	1.5871344	-2.25
275.26707872434093	1850	24.947775059103005	0.0	873429	4767.917501033523	1.5383735	0.30000000000000004
278.9648282626126	1200	25.25002552083133	0.0	620283	3697.749538271676	1.591365	0.5499999999999999
282.6064968056602	1200	25.60835697778377	0.0	584349	3641.6685430475586	1.5835533	1.2
286.87195230603885	1200	25.3429014774051	0.0	670129	4265.455500378669	1.5683033	1.2
288.2609420791034	300	27.953911704340545	0.0	179328	1388.9897730645546	1.5564487	-0.6000000000000001
293.44006999040846	750	26.774783793035546	0.0	365161	5179.127911304999	1.5257518	0.3
300.4570589272165	1850	23.757794856227463	0.0	728962	7016.988936808084	1.545798	0.75
302.8312354764674	750	25.383618306976565	0.0	361565	2374.1765492508976	1.5500293	-0.3500000000000001
312.9319593140626	2850	19.28289446938134	0.0	1427478	10100.723837595227	1.5616837	0.75
320.4967657861607	1850	15.718087997283245	0.0	930577	7564.806472098095	1.5501738	0.8500000000000001
328.642827096932	1850	11.572026686511933	0.0	858450	8146.0613107713125	1.4957943	1.85
330.65037362657085	300	13.564480156873094	0.0	161857	2007.5465296388372	1.3713343	-1.25
332.7037156271719	300	15.511138156272017	0.0	145210	2053.3420006010783	1.1595016	0.3
337.4036333749497	1200	14.811220408494195	0.0	634861	4699.917747777821	1.2296487	0.29999999999999993
338.6980220010837	300	17.51683178236022	0.0	167025	1294.388626133978	1.3944604	-0.6000000000000001
339.8872795598038	300	20.327574223640138	0.0	160064	1189.257558720081	1.3624905	0.3
348.7952819977874	1850	15.419571785656474	0.0	830730	8908.002437983663	1.4922601	0.30000000000000004
355.0417864323069	1200	13.17306735113703	0.0	550906	6246.504434519446	1.4591495	0.5499999999999999

