12830.953429706322	750	4.0	4.717391294739914	450283	4717.391294739914	1.6214806	-19.53478256738163
12834.469618648825	750	4.483811057497429	0.0	398865	3516.188942502571	0.50906235	0.75
12836.050821518866	300	6.902608187455912	0.0	139857	1581.2028700415167	0.6901899	-0.15000000000000002
12837.783484898418	300	9.169944807903248	0.0	155432	1732.663379552665	0.80452144	0.3
12842.627701992726	750	8.325727713595628	0.0	411561	4844.21709430762	0.87889105	0.3
12846.663219806796	750	8.290209899524971	0.0	318564	4035.517814070658	0.9113533	0.75
12848.393881381875	300	10.559548324445787	0.0	153295	1730.6615750791834	0.89583296	-0.15000000000000002
12852.295358437314	750	10.658071269007584	0.0	437162	3901.4770554382035	0.9431475	0.3
12853.883230807785	300	13.070198898534729	0.0	150710	1587.8723704728545	1.0573205	-0.15000000000000002
12857.327445962404	750	13.62598374391405	0.0	362795	3444.215154620678	1.0980196	0.3
12858.589385535193	300	16.36404417112454	0.0	141840	1261.939572789512	1.1836638	-0.15000000000000002
12862.735013146908	750	16.218416559408695	0.0	405134	4145.627611715845	1.2137754	0.3
12864.233043084041	300	18.720386622276923	0.0	160746	1498.02993713177	1.2897131	-0.15000000000000002
12881.713202309498	2850	5.240227396818296	0.0	1578343	17480.159225458625	1.2816073	0.30000000000000027
12884.296032925207	300	6.657396781109239	0.0	140051	2582.830615709058	0.93044966	-2.25
12891.042832869956	750	4.0	0.08940316363923921	366214	6746.799944748478	0.6980407	-0.0844336036487286
12893.544077994631	300	5.498754875323744	0.0	143509	2501.245124676256	0.15214954	-0.15000000000000002
12896.207630946745	300	6.835201923211259	0.0	150616	2663.5529521124854	0.10385411	0.3
12903.644892325448	1200	4.0	0.6020594554929194	639204	7437.261378704178	0.6635263	-2.2888556586195534
12904.852012289355	300	6.792880036093116	0.0	140881	1207.1199639068836	0.036243968	-0.6000000000000001
12906.228256025832	300	9.41663629961506	0.0	157671	1376.2437364780574	0.5424581	0.3
12907.629246251958	300	12.015646073490117	0.0	157812	1400.9902261249424	0.88555825	0.3
12909.051515202822	300	14.593377122624885	0.0	163927	1422.2689508652334	1.0124121	0.3
12912.181116324631	750	15.463776000815047	0.0	343800	3129.601121809838	1.1840488	0.3
12913.494405351606	300	18.150486973839957	0.0	146754	1313.289026975088	1.2628342	-0.15000000000000002
12915.13129406318	300	20.513598262267966	0.0	153938	1636.8887115719922	1.2967619	0.3
12920.310161865546	750	19.334730459902225	0.0	425781	5178.86780236574	1.3580205	0.3
12921.322472409905	300	22.322419915542167	0.0	111155	1012.310544360059	1.3664267	-0.15000000000000002
12922.581049902628	300	25.063842422819075	0.0	153605	1258.5774927230934	1.3902105	0.3
12923.802061482342	300	27.842830843106988	0.0	149029	1221.0115797120852	1.4331745	0.3
12933.30792133628	1850	22.336970989167906	0.0	873429	9505.859853939084	1.4733098	0.30000000000000004
12941.246411533513	1850	18.398480791933565	0.0	954453	7938.49019723434	1.5056217	1.85
12942.683124063953	300	20.961768261493038	0.0	143881	1436.712530440528	1.4630786	-1.25
12944.739256239258	300	22.905636086188508	0.0	163444	2056.1321753045313	1.3990014	0.3
12946.65433230254	300	24.990560022906006	0.0	179328	1915.0760632825015	1.4104477	0.3
12949.640115516297	750	26.0047768091485	0.0	365161	2985.7832137575115	1.4393166	0.3
12952.194454101204	750	27.450438224243477	0.0	321064	2554.3385849050196	1.5189317	0.75
12957.671896508562	1200	25.972995816884954	0.0	575591	5477.442407358522	1.5158436	0.75
12968.10516028681	1850	19.53973203863675	0.0	908665	10433.263778248205	1.5628047	1.2000000000000002
12973.641786132932	750	18.003106192514714	0.0	390680	5536.625846122036	1.4945177	-0.3500000000000001
12979.416038590685	1200	16.22885373476113	0.0	566904	5774.252457753583	1.366231	0.75
12980.702773159011	300	18.94211916643292	0.0	161857	1286.7345683282103	1.3929343	-0.6000000000000001
12981.891717302917	300	21.75317502252834	0.0	145210	1188.9441439045788	1.3987312	0.3
12991.006440050709	1850	16.63845227473636	0.0	973972	9114.722747791979	1.4667616	0.30000000000000004
12994.722854955364	750	16.922037370081032	0.0	398987	3716.4149046553302	1.4502504	-0.3500000000000001
13003.574815016551	1850	12.070077308894419	0.0	982064	8851.960061186612	1.3676971	0.75
13008.83715976698	1200	10.80773255846522	0.0	538612	5262.344750429197	1.3955331	0.5499999999999999
13012.11761489969	750	11.527277425755186	0.0	314107	3280.455132710035	1.2308255	0.3

