15552.461278294128	750	4.0	2.600378850967279	450283	2600.378850967279	1.0676223	-10.431629059159299
15554.415363731827	750	6.045914562300093	0.0	398865	1954.0854376999066	0.6894476	0.75
15556.280230849005	750	8.181047445122672	0.0	350812	1864.86711717742	0.90837425	0.75
15558.99548352149	750	9.465794772638933	0.0	382355	2715.2526724837385	1.0381527	0.75
15562.054625585286	750	10.406652708842687	0.0	411561	3059.142063796247	1.0731896	0.75
15563.629767917082	300	12.831510377047378	0.0	126289	1575.1423317953088	1.1351817	-0.15000000000000002
15566.652171437378	750	13.809106856752612	0.0	352642	3022.4035202947653	1.131372	0.3
15569.898051164302	750	14.563227129826528	0.0	437162	3245.879726926085	1.232945	0.75
15575.968319589523	1200	12.492958704606338	0.0	584846	6070.268425220191	1.3087137	0.75
15580.156945553314	1200	12.304332740815644	0.0	560821	4188.625963790694	1.2672691	1.2
15583.26902402093	750	13.192254273199033	0.0	353220	3112.0784676166104	1.2890679	0.3
15584.412942646599	300	16.048335647531154	0.0	156148	1143.918625667881	1.2445816	-0.15000000000000002
15589.192790970988	1200	15.268487323140231	0.0	624282	4779.84832439092	1.2705094	0.29999999999999993
15598.012922840499	750	10.44835545363003	0.0	434409	8820.1318695102	1.3525554	0.3
15600.796816736582	300	11.664461557547762	0.0	140051	2783.893896082268	1.0034456	-0.15000000000000002
15602.515538458421	300	13.945739835707666	0.0	138313	1718.7217218400963	0.99323505	0.3
15604.071019840378	300	16.39025845375082	0.0	143509	1555.4813819568417	1.0749403	0.3
15605.664080591414	300	18.79719770271441	0.0	150616	1593.0607510364139	1.2033796	0.3
15613.57826301087	1200	14.883015283259192	0.0	639204	7914.182419455218	1.2698517	0.29999999999999993
15614.957199538829	300	17.504078755298558	0.0	140881	1378.9365279606372	1.227721	-0.6000000000000001
15619.151294513858	1200	17.309983780268734	0.0	601738	4194.094975029826	1.2278231	0.29999999999999993
15622.500644085649	1200	17.960634208478176	0.0	616206	3349.349571790556	1.4208082	1.2
15626.99523774693	1200	17.466040547196847	0.0	656471	4494.593661281328	1.450436	1.2
15628.442877193005	300	20.01840110112258	0.0	137654	1447.6394460742677	1.4485258	-0.6000000000000001
15633.366504777434	1200	19.094773516695266	0.0	587236	4923.627584427315	1.3498104	0.29999999999999993
15638.784621826511	1850	17.676656467617043	0.0	905935	5418.117049078223	1.4302497	1.2000000000000002
15641.071789213049	750	19.38948908107991	0.0	425781	2287.1673865371336	1.5177273	-0.3500000000000001
15644.162203081181	1200	20.299075212947013	0.0	487160	3090.413868132896	1.4796456	0.75
15645.265302280466	300	23.19597601366144	0.0	153605	1103.0991992855743	1.5174662	-0.6000000000000001
15646.360628762095	300	26.100649532033465	0.0	149029	1095.326481627972	1.4407253	0.3
15649.992010351962	1200	26.469267942166443	0.0	570392	3631.3815898670227	1.4852843	0.29999999999999993
15653.735633626346	1200	26.725644667782763	0.0	620283	3743.623274383681	1.5492868	1.2
15658.775043354306	1200	25.68623493982223	0.0	584349	5039.409727960531	1.5750059	1.2
15660.733161304572	750	27.728116989556263	0.0	412837	1958.1179502659693	1.5558786	0.3
15671.224345031262	2850	21.23693326286728	0.0	1492672	10491.183726688983	1.5668049	0.75
15677.015140713847	1200	19.446137580280766	0.0	598727	5790.79568258651	1.5712794	-0.44999999999999996
15679.820431746984	1200	20.64084654714515	0.0	487812	2805.2910331356165	1.5100725	1.2
15680.510046689607	300	23.95123160452272	0.0	124011	689.614942622429	1.5498672	-0.6000000000000001
15681.281006532341	300	27.18027176178913	0.0	144254	770.9598427335907	1.5184994	0.3
15682.045868565228	300	30.415409728903246	0.0	149991	764.8620328858825	1.5601794	0.3
15682.723526768414	300	33.73775152571668	0.0	147968	677.6582031865632	1.587612	0.3
15684.411546156318	750	36.04973213781466	0.0	384505	1688.019387902026	1.5927995	0.3
15688.91612786161	1850	35.54515043252143	0.0	886255	4504.581705293226	1.6639374	0.75
15693.062345965658	1850	35.39893232847449	0.0	973972	4146.218104046948	1.6458304	1.85
15698.637470214222	2850	33.82380807991115	0.0	1464921	5575.124248563332	1.6439931	1.85
15701.951745390048	1850	34.50953290408455	0.0	982064	3314.275175826605	1.5444882	0.8500000000000001
15705.880489632533	2850	34.58078866160117	0.0	1231456	3928.744242483389	1.6220609	1.85
15713.09306408636	4300	31.368214207772237	0.0	2155012	7212.574453828931	1.3825891	2.8499999999999996

