12107.758130354696	750	4.0	3.5949223786930258	450283	3594.9223786930256	0.6084559	-14.70816622838001
12109.142452038623	300	6.615678316071856	0.0	155580	1384.3216839281442	0.5982327	-0.15000000000000002
12112.072371199827	750	7.6857591548672755	0.0	350812	2929.91916120458	0.8186024	0.3
12115.799886517118	750	7.958243837578356	0.0	382355	3727.515317288918	0.905586	0.75
12117.304464787105	300	10.453665567589672	0.0	163442	1504.5782699886847	0.9034702	-0.15000000000000002
12121.617265162387	1200	10.140865192306203	0.0	520315	4312.800375283471	1.0048012	0.29999999999999993
12124.483442776092	750	11.274687578600648	0.0	352642	2866.1776137055544	1.1144699	0.3
12127.71379356811	750	12.04433678658399	0.0	437162	3230.3507920166585	1.1103787	0.75
12128.89501496281	300	14.863115391883396	0.0	150710	1181.2213947005953	1.2209256	-0.15000000000000002
12131.862835805636	750	15.895294549058232	0.0	362795	2967.820842825164	1.2295138	0.3
12134.903152487112	750	16.85497786758135	0.0	353220	3040.316681476883	1.3285373	0.75
12139.789841166894	1200	15.968289187800119	0.0	594078	4886.688679781231	1.3365722	0.75
12141.089283452122	300	18.668846902572337	0.0	160746	1299.4422852277787	1.3675212	-0.6000000000000001
12142.558090720728	300	21.200039633965943	0.0	179801	1468.8072686063958	1.3247067	0.3
12143.649146809908	300	24.108983544785428	0.0	140051	1091.056089180513	1.3860248	0.3
12144.884612887397	300	26.873517467296555	0.0	138313	1235.4660774888714	1.4065126	0.3
12146.177224163723	300	29.58090619097203	0.0	143509	1292.6112763245249	1.4196504	0.3
12149.2749623907	750	30.483167963993115	0.0	372963	3097.738226978917	1.4523069	0.3
12163.222292505143	2850	20.535837849551186	0.0	1537156	13947.33011444193	1.498442	0.75
12164.692902137484	300	23.06522821720999	0.0	140881	1470.6096323411953	1.5189245	-2.25
12166.621194586809	300	25.13693576788501	0.0	157671	1928.2924493249816	1.3968157	0.3
12171.21857584607	750	24.539554508625713	0.0	399894	4597.3812592593	1.4105786	0.3
12180.013483828348	1850	19.744646526345903	0.0	968026	8794.907982279807	1.4085876	0.75
12181.346776470546	300	22.41135388414892	0.0	137654	1333.2926421969821	1.4736722	-1.25
12187.058006988198	1200	20.700123366497515	0.0	587236	5711.2305176514055	1.3566886	0.29999999999999993
12192.70794560681	1200	19.050184747885393	0.0	590335	5649.938618612122	1.4289992	1.2
12194.42040039107	300	21.337729963623747	0.0	181901	1712.4547842616462	1.42975	-0.6000000000000001
12197.011992436102	750	22.746137918592854	0.0	277716	2591.5920450308936	1.3914527	0.3
12201.560569501404	750	22.197560853291712	0.0	400396	4548.5770653011405	1.4251508	0.75
12204.272039418882	300	23.48609093581436	0.0	149029	2711.4699174773505	1.4033228	-0.15000000000000002
12208.608929200005	750	23.149201154690726	0.0	358218	4336.889781123635	1.3912799	0.3
12217.66482732144	1850	18.09330303325481	0.0	954453	9055.898121435917	1.4036715	0.75
12223.994276037036	1200	15.763854317659456	0.0	584349	6329.448715595352	1.4580407	0.5499999999999999
12225.471503132716	300	18.286627221978378	0.0	163444	1477.2270956810773	1.3514686	-0.6000000000000001
12228.472952643586	750	19.285177711107874	0.0	401088	3001.4495108705046	1.3136005	0.3
12233.920592014952	1200	17.837538339742284	0.0	598727	5447.63937136559	1.42149	0.75
12241.8028391506	1850	13.955291204093882	0.0	728962	7882.247135648401	1.4572692	1.2000000000000002
12248.063862902354	750	11.694267452338801	0.0	361565	6261.023751755082	1.3725591	-0.3500000000000001
12253.563774223983	750	10.194356130710887	0.0	378327	5499.911321627914	1.0575078	0.75
12260.982300147714	750	6.775830206980859	0.0	390680	7418.525923730028	1.0084641	0.75
12263.60192597727	300	8.15620437742541	0.0	147968	2619.625829555448	0.33987814	-0.15000000000000002
12266.813128484207	300	8.945001870486204	0.0	161857	3211.2025069392075	0.62686193	0.3
12270.979071659585	750	8.779058695109034	0.0	372093	4165.94317537717	0.6192395	0.3
12272.885126364208	300	10.873003990486355	0.0	172312	1906.0547046226775	0.6758507	-0.15000000000000002
12274.538318453368	300	13.219811901327374	0.0	167025	1653.192089158982	0.9590476	0.3
12276.061429297604	300	15.69670105709121	0.0	160064	1523.1108442361626	1.0822968	0.3
12281.364370316123	1200	14.393760038570877	0.0	538612	5302.941018520334	1.2515702	0.29999999999999993
12286.85535535203	1200	12.90277500266395	0.0	550906	5490.985035906928	1.3638061	1.2

