15719.672756775384	750	4.0	6.579692689023528	450283	6579.692689023527	1.0891229	-27.542678562801168
15720.659544691534	300	7.013212083850239	0.0	155580	986.7879161497615	0.3999717	-0.15000000000000002
15722.607730743643	300	9.065026031742615	0.0	139857	1948.1860521076244	0.8361296	0.3
15726.613854509396	300	9.058902265989714	0.0	155432	4006.1237657529027	0.884213	0.3
15730.707401062062	300	8.965355713323753	0.0	163442	4093.546552665962	0.82959557	0.3
15732.815972250997	300	10.856784524387702	0.0	126289	2108.57118893605	0.8460675	0.3
15734.992252126614	300	12.680504648772505	0.0	153295	2176.2798756151965	0.89967465	0.3
15738.406045067042	300	13.26671170834403	0.0	173849	3413.7929404284755	0.9895643	0.3
15741.260010892523	300	14.412745882862826	0.0	150710	2853.965825481205	1.0145305	0.3
15743.795596914351	300	15.877159861034803	0.0	139105	2535.5860218280227	1.0422986	0.3
15748.479844141786	1200	15.192912633598619	0.0	607410	4684.247227436185	1.0648309	0.29999999999999993
15752.132521761238	1200	15.540235014148802	0.0	594078	3652.677619449815	1.2845399	1.2
15753.306402034983	300	18.366354740402095	0.0	160746	1173.880273746711	1.3694993	-0.6000000000000001
15754.577278033428	300	21.095478741956743	0.0	179801	1270.8759984453495	1.3089933	0.3
15756.677345671362	750	22.995411104022583	0.0	337059	2100.067637934162	1.3719311	0.3
15761.97953831156	1850	21.693218463823808	0.0	923170	5302.192640198778	1.4509906	0.75
15766.97069087398	1200	20.70206590140227	0.0	617242	4991.1525624215365	1.543613	0.5499999999999999
15769.352253240408	750	22.320503534975277	0.0	372963	2381.5623664269942	1.473401	0.3
15774.272815020255	1200	21.399941755129465	0.0	639204	4920.5617798458115	1.4716326	0.75
15778.571711461167	1850	21.10104531421496	0.0	923755	4298.896440914506	1.498042	1.2000000000000002
15782.537969637866	1850	21.134787137517435	0.0	891604	3966.258176697525	1.5721632	1.85
15785.144406128084	1200	22.52835064729821	0.0	616206	2606.4364902192265	1.5723513	0.5499999999999999
15785.774669450208	300	25.89808732517544	0.0	163927	630.2633221227737	1.5452343	-0.6000000000000001
15789.272822482435	1850	26.399934292946813	0.0	874175	3498.153032228625	1.510763	0.30000000000000004
15789.979462688372	300	29.693294087010102	0.0	146754	706.6402059367135	1.6103747	-1.25
15794.38754004964	1850	29.285216725741602	0.0	905935	4408.0773612685	1.5170925	0.30000000000000004
15796.324859309914	300	31.347897465469007	0.0	181901	1937.3192602725953	1.6015186	-1.25
15801.134003475243	1850	30.538753300139543	0.0	758197	4809.144165329466	1.5171077	0.30000000000000004
15804.719962101368	1200	30.95279467401408	0.0	622896	3585.958626125463	1.6058981	0.5499999999999999
15813.173632312286	1850	26.49912446309622	0.0	975811	8453.670210917859	1.5815011	1.2000000000000002
15833.033465649776	1850	10.63929112560652	0.0	873429	19859.8333374897	1.5646222	1.85
15842.40784504476	750	5.264911730622838	0.0	400322	9374.379394983682	1.1134995	-0.3500000000000001
15845.064228749918	300	6.608528025465235	0.0	143881	2656.3837051576033	0.23535214	-0.15000000000000002
15849.902192019257	300	5.770564756125532	0.0	163444	4837.963269339703	0.26978746	0.3
15852.226413369002	300	7.446343406382152	0.0	179328	2324.22134974338	0.0359488	0.3
15853.316918381857	300	10.35583839352681	0.0	159914	1090.505012855342	0.3573393	0.3
15854.060051004026	300	13.612705771356726	0.0	131610	743.1326221700839	0.89555705	0.3
15855.913549710927	750	15.759207064454978	0.0	361565	1853.4987069017473	1.1411265	0.3
15856.814620250976	300	18.85813652440741	0.0	144254	901.0705400475687	1.4211117	-0.15000000000000002
15859.686015175033	1200	19.986741600349458	0.0	587506	2871.3949240579545	1.4486998	0.29999999999999993
15867.824849946037	1200	15.847906829345629	0.0	566904	8138.834771003829	1.5588722	1.2
15874.190704929075	1200	13.482051846308458	0.0	641452	6365.85498303717	1.4006152	1.2
15876.756827398769	750	14.91592937661402	0.0	372093	2566.122469694439	1.3625677	0.3
15884.086916427184	1850	11.585840348199392	0.0	973972	7330.089028414628	1.3951825	0.75
15886.155576590918	750	13.517180184465909	0.0	398987	2068.6601637334834	1.4123864	-0.3500000000000001
15889.213447674852	1200	14.459309100532357	0.0	638661	3057.8710839335527	1.4002227	0.75
15891.888134851582	1200	15.784621923801621	0.0	538612	2674.6871767307352	1.494816	1.2
15896.089822028438	1850	15.582934746946766	0.0	846370	4201.687176854856	1.5157286	1.2000000000000002

